0.0014618913612563158
0.001484636051059157
0.0015081658077053623
0.0015324503981016258
0.0015574550366750785
0.00158314049600531
0.001609463234207584
0.0016363755385859977
0.0016638256850172368
0.0016917581124695487
0.001720113612007783
0.0017488295295840389
0.0017778399818648176
0.0018070760842997134
0.0018364661905938178
0.0018659361427062816
0.0018954095304609783
0.0019248079598221685
0.0019540513288584522
0.001983058110392346
0.002011745640310552
0.002040030410491447
0.002067828365291669
0.002095055200522838
0.002121626663842555
0.002147458855480811
0.002172468528223887
0.0021965733855826303
0.0022196923770807352
0.0022417459896111936
0.00226265653382542
0.0022823484245396244
0.002300748454166672
0.0023177860582089187
0.002333393571878153
0.002347506476942738
0.0023600636379391983
0.0023710075269256664
0.0023802844359976398
0.0023878446768322813
0.0023936427665757843
0.002397637599438972
0.002399792603419124
0.002400075881620795
0.002398460337704914
0.00239492378505355
0.002389449039297099
0.0023820239939111865
0.0023726416786519437
0.0023613003006603575
0.002348003268128864
0.0023327591964859905
0.002315581897117471
0.002296490348704599
0.0022755086513224303
0.002252665963501562
0.002227996422517387
0.0022015390482297502
0.0021733376308535257
0.0021434406030967456
0.0021119008971570794
0.0020787757871198417
0.0020441267173507273
0.0020080191175242982
0.001970522204974474
0.0019317087750958585
0.0018916549805645141
0.0018504401001835711
0.0018081462981928238
0.001764858374911949
0.0017206635096142509
0.0016756509965516432
0.0016299119750720114
0.0015835391547868952
0.001536626536760771
0.001489269131702847
0.0014415626761483521
0.0013936033476186827
0.0013454874797485432
0.0012973112783633794
0.0012491705394819276
0.0012011603702067866
0.0011533749134504034
0.001105907077425041
0.001058848270803102
0.001012288144428742
0.000966314340433206
0.0009210122495747482
0.000876464777589627
0.0008327521213034994
0.0007899515552128341
0.0007481372292038582
0.0007073799780321175
0.0006677471431393301
0.00062930240733583
0.0005921056428268668
0.0005562127730094764
0.000521675648413786
0.0004885419371086584
0.00045685502983675
0.0004266539600885277
0.0003979733392688157
0.00037084330705317573
0.00034528949697521156
0.00032133301722971346
0.00029899044662088866
0.0002782738455298178
0.0002591907817209371
0.00024174437075405317
0.0002259333307163137
0.00021175205093782026
0.00019919067430550544
0.00018823519274247717
0.000178867555374682
0.0001710657888633816
0.0001648041293408985
0.0001600531653484334
0.00015677999113863168
0.00015494836967215402
0.00015451890460681575
0.0001554492205501034
0.00015769415082106278
0.00016120593194584058
0.0001659344040925214
0.0001718272166355123
0.0001788300380275151
0.00018688676914819748
0.00019593975929304826
0.00020593002396348484
0.0002167974636202505
0.0002284810825662597
0.0002409192071324757
0.00025404970235096917
0.0002678101863129759
0.00028213824142658356
0.00029697162180832286
0.00031224845606560943
0.00032790744475230226
0.0003438880518077382
0.00036013068932012405
0.0003765768949882167
0.0003931695016904022
0.00040985279860769586
0.0004265726833864662
0.00044327680486779523
0.0004599146959531047
0.0004764378962198122
0.0004928000639462093
0.0005089570772511978
0.0005248671241018898
0.0005404907809900739
0.0005557910801270961
0.000570733565055467
0.0005852863346244142
0.0005994200753253775
0.0006131080820319093
0.00062632626723643
0.0006390531589235639
0.0006512698872661813
0.0006629601603756468
0.0006741102293817973
0.0006847088431609405
0.0006947471930711636
0.0007042188480936688
0.0007131196808162093
0.0007214477847301492
0.0007292033833458562
0.0007363887316620168
0.0007430080105529511
0.0007490672146638918
0.0007545740344275232
0.0007595377328355841
0.0007639690176171419
0.0007678799094900306
0.0007712836071639106
0.00077419434978247
0.0007766272774982995
0.0007785982908770213
0.0007801239098273166
0.0007812211327504941
0.0007819072965973485
0.00078219993851117
0.0007821166597239876
0.000781674992358511
0.0007808922697708777
0.0007797855010491793
0.0007783712502601086
0.0007766655210108242
0.0007746836468655908
0.0007724401881268527
0.0007699488354584288
0.0007672223207944797
0.0007642723359420431
0.0007611094592473611
0.0007577430906570743
0.0007541813954648888
0.0007504312569925933
0.0007464982384115567
0.0007423865538672724
0.0007380990490252388
0.000733637191111748
0.0007290010684781319
0.0007241893996719011
0.0007191995519531866
0.0007140275691501581
0.0007086682087028265
0.0007031149877010207
0.0006973602376795936
0.0006913951678921267
0.0006852099367439299
0.0006787937310259247
0.0006721348525533942
0.0006652208117776839
0.0006580384279048558
0.0006505739350232413
0.0006428130937119346
0.0006347413075745861
0.0006263437441176315
0.0006176054593692872
0.0006085115256155134
0.0005990471616116332
0.0005891978646136395
0.0005789495435612922
0.0005682886527361692
0.0005572023252117815
0.0005456785054097853
0.0005337060800762126
0.0005212750069946278
0.0005083764407589295
0.0004950028549374488
0.00048114815997185925
0.000466807816169047
0.00045197894116179614
0.0004366604112344714
0.0004208529559329541
0.0004045592454038836
0.0003877839699364614
0.00037053391121075657
0.0003528180047894592
0.00033464739342515886
0.0003160354707924187
0.0002969979152930196
0.00027755271362354006
0.0002577201738368487
0.00023752292767289
0.00021698592197915448
0.00019613639908733378
0.0001750038660595952
0.00015362005276553146
0.0001320188587989688
0.00011023628929220883
8.831037973375787e-05
6.628110994401034e-05
4.419030741141625e-05
2.208154023925304e-05
0.0
