0.0063695345831378805
0.005670361571048305
0.004917509379537124
0.004150697118090491
0.0034061753765988194
0.0027134340585551345
0.0020934765328958303
0.0015588596128634181
0.0011153189954785005
0.0007644556009289037
0.0005067259131190539
0.0003439130429254318
0.00028037447265923457
0.00032264719933601266
0.0004773844878244657
0.0007480181779522012
0.0011308950435384522
0.0016118439136473548
0.0021641388269772587
0.00274861921609372
0.0033163421978530936
0.003813645160506442
0.004188985932328536
0.004400507051887494
0.004423030319663656
0.004253185446922275
0.003911624344742928
0.003441733257273244
0.0029048481205236863
0.0023725953760221716
0.0019175045483582048
0.0016033689225207256
0.0014769006324777765
0.0015620191343470322
0.0018576628585663208
0.0023394046705146982
0.0029644953179942713
0.0036793771506883053
0.004428310459312234
0.005161608953997882
0.00584211222290271
0.006448901238701049
0.0069778109342010135
0.007438903025921509
0.007851614445102118
0.008238687518965108
0.008620147215139382
0.009008495681557604
0.009405973577334815
0.00980426438698799
0.010186493947221632
0.010530912160887453
0.010815331543176664
0.011021297689439677
0.01113709357862221
0.01115899807682092
0.011090653994329864
0.010940853610513928
0.010720418277719518
0.010439051496136505
0.010103036738094928
0.009714434166003691
0.009272052720421062
0.008774020698745949
0.008221351934737896
0.007621604959500879
0.006991632204948215
0.006358546228784123
0.005758370924185547
0.0052323314370956876
0.004821266672604326
0.004559108980421394
0.00446666353114885
0.004546964564690499
0.004783265503979313
0.005140268248328188
0.005568596863144721
0.006011889334217068
0.006415345622657141
0.006734243000938958
0.006940883563452068
0.0070286917379854584
0.0070126891971068715
0.00692624535518901
0.0068147034204128895
0.006727075540555964
0.0067073659300612406
0.006787142041878068
0.00698071528278651
0.007283763561153541
0.007675532969048167
0.008124035272074746
0.008593058874201137
0.00904945778358214
0.009469151043364283
0.009840563865172226
0.010164812338806603
0.010452659230846047
0.010718997328856256
0.010976193282248319
0.011227921494900416
0.011465062545788055
0.011664834254558018
0.0117936405420472
0.011813299388127209
0.011689517017910817
0.011400882105736889
0.010946397547853206
0.010349720100278948
0.009658830047923825
0.00894071119180204
0.008271625507790472
0.007724518936343224
0.007355797936088425
0.007194014420077453
0.00723280705061411
0.007429780551395483
0.00771196777433406
0.007987295851685006
0.008160296948701204
0.00814939683492889
0.007902668514370987
0.00740906006971058
0.006702797442541004
0.005859816974081772
0.0049864999917828634
0.004202406327464845
0.003619869102169972
0.003323993262135948
0.003356653107824508
0.0037074804767155516
0.00431366789393604
0.005068879610610401
0.005839939999242054
0.006488548362508883
0.006894315582455943
0.006975114023370756
0.006701144339759462
0.00610018760692897
0.00525304430107885
0.0042798908776995786
0.0033198988878841494
0.002507667534989812
0.0019505971213021472
0.001711169968955718
0.0017972328680593251
0.0021619463819825876
0.0027133386652035867
0.0033316870124242594
0.0038915592443731187
0.004284530479563509
0.004438495278989345
0.004330135571719336
0.00398836226282546
0.0034881923281854304
0.0029362536866503254
0.0024506133109326086
0.0021386293052560804
0.0020768568408315357
0.0022966368870992425
0.0027779445738446403
0.0034525670771645895
0.004215995840564759
0.004945860551960673
0.005523581580607368
0.005855375311367328
0.005888902004131774
0.005622660240947335
0.005106549264201134
0.004433596300435401
0.0037243941090936996
0.0031070390045528883
0.0026960863294124525
0.0025741315964213068
0.00277908089260857
0.003299107293741907
0.004075905105935985
0.005015405971266271
0.006003868955149663
0.0069264159536925945
0.007684788380306249
0.008211382719081586
0.00847740792655903
0.00849413578001076
0.008307469783841425
0.007987209033152198
0.0076132290574510274
0.0072612049748413034
0.0069904127897791445
0.0068356040550861166
0.006804079527371241
0.006878065339788584
0.007021516325818346
0.0071897133317869455
0.007339612539367437
0.00743890149779727
0.0074720968177831954
0.007442689887922962
0.007371167415229074
0.00728954037333275
0.007233656425375535
0.007234934488882681
0.007313191560379156
0.0074719425553229175
0.007697015187501537
0.007958648746912904
0.00821657244273331
0.008427013153233805
0.008550260582723169
0.008557369145753316
0.008434795388887846
0.008186202203083194
0.007831214321910446
0.007401474118309586
0.0069348173389193355
0.00646868393125127
0.006033956060703023
0.005650273788750871
0.005323559200873854
0.0050460525308167236
0.004798713996145784
0.004555454929629058
0.004288395659836866
0.003973241161430695
0.003593921698789757
0.0031458373064534575
0.0026373229099490537
0.0020892561041653927
0.001533005649611268
0.0010071226717679165
0.0005532857429573958
0.00021202502245276297
1.868793798915757e-05
0.0
0.00017145281205236274
0.0005356452097527616
0.0010816289292716443
0.0017852690081396156
0.00261060995350059
0.0035122221868479687
0.004438468970794328
0.005335567790423874
0.006152219734208014
0.006844457869035294
0.007380245883778694
0.007743274063091019
0.007935383589667876
0.00797712626226948
0.007906142899393842
0.007773307447600221
0.007636901979070722
0.007555411006110962
0.007579794697744326
0.007746265421510952
0.008070610268708292
0.008544956541217034
