0.00269987959110619
0.002702863403487743
0.0027058688245953024
0.0027088960043693804
0.0027119424460989123
0.002715002942173457
0.0027180695231393054
0.0027211314204237686
0.0027241750430362656
0.0027271839684976013
0.0027301389481902624
0.002733017927262872
0.002735796079161367
0.002738445854798232
0.0027409370463095002
0.0027432368652874385
0.00274531003531512
0.0027471188985677244
0.0027486235361845746
0.002749781902055967
0.00275054996960992
0.0027508818911263335
0.002750730169050001
0.0027500458387195673
0.002748778661877216
0.0027468773302737446
0.002744289678635973
0.0027409629062183473
0.002736843806118299
0.002731879001495632
0.002726015187800051
0.0027191993800781133
0.0027113791644015196
0.0027025029524328594
0.002692520238122868
0.00268138185551499
0.002669040236618695
0.0026554496683026283
0.0026405665471523677
0.00262434963123531
0.0026067602877171293
0.002587762735280265
0.0025673242803050627
0.0025454155457884818
0.0025220106919936346
0.002497087627845852
0.002470628212117308
0.002442618443472527
0.0024130486384811444
0.0023819135967420323
0.002349212752304209
0.0023149503106146764
0.0022791353702713065
0.002241782028910023
0.0022029094726094983
0.0021625420482533826
0.0021207093183493284
0.0020774460978657174
0.0020327924727106526
0.001986793799543421
0.0019395006866757569
0.0018909689558889026
0.001841259585062136
0.0017904386315790637
0.0017385771365491824
0.0016857510099537844
0.0016320408968969393
0.0015775320252137354
0.001522314034758996
0.0014664807887699634
0.0014101301677657517
0.0013533638465144109
0.0012962870546649938
0.001239008321706774
0.0011816392069805164
0.0011242940155271825
0.0010670895006174603
0.001010144553860739
0.0009535798838444976
0.0008975176843042259
0.0008420812928698223
0.0007873948414766833
0.0007335828995682959
0.0006807701112518097
0.0006290808275988284
0.0005786387353101134
0.0005295664829852689
0.0004819853062563405
0.00043601465305774176
0.0003917718103138906
0.0003493715333302938
0.0003089256791736152
0.0002705428453213584
0.00023432801485235265
0.0002003822094351084
0.00016880215135237336
0.00013967993577707017
0.0001131027144870081
8.915239217373826e-05
6.790533646449867e-05
4.943210273563757e-05
3.3797174751319225e-05
2.1058722112771502e-05
1.1268375451115552e-05
4.471020240974944e-06
7.046100528652378e-07
0.0
2.3808010697814325e-06
7.863255962176682e-06
1.6456136986570287e-05
2.8160666495835682e-05
4.297046026150017e-05
6.0871494117255894e-05
8.184209412000687e-05
0.00010585295039830869
0.0001328671547778798
0.00016284026219298524
0.00019572037581129954
0.000231448255718583
0.00026995745092846853
0.0003111744544021418
0.00035501888068296397
0.00040140366567251434
0.00045023528799721223
0.0005014140113391904
0.0005548341470313555
0.0006103843361451645
0.000667947850230644
0.0007274029098018745
0.0007886230195978698
0.0008514773195885833
0.0009158309506390812
0.0009815454336917955
0.0010484790612774056
0.0011164873001196936
0.0011854232035584647
0.0012551378324778732
0.001325480683395126
0.001396300122336739
0.0014674438231064668
0.001538759208530722
0.0016100938932538716
0.0016812961266472661
0.0017522152343923021
0.0018227020572992247
0.0018926093859297573
0.001961792389603011
0.0020301090383803974
0.002097420516646454
0.00216359162692845
0.0022284911826283603
0.002291992388376183
0.0023539732067533138
0.0024143167101790424
0.002472911416801621
0.0025296516092878423
0.0025844376354615117
0.0026371761898012105
0.0026877805748713214
0.0027361709418270864
0.0027822745092042495
0.002826025759276495
0.0028673666113389457
0.002906246571353439
0.002942622857470609
0.002976460501024964
0.0030077324226815637
0.0030364194834966757
0.0030625105107392183
0.003086002298404809
0.0031068995824396696
0.00312521499077671
0.0031409689683711463
0.0031541896775071692
0.0031649128737305018
0.003173181757843732
0.0031790468044818384
0.0031825655678640167
0.0031838024653945557
0.003182828539859771
0.0031797212010396406
0.0031745639476215438
0.003167446070369195
0.003158462337562159
0.0031477126637800687
0.0031353017631606923
0.0031213387883120064
0.003105936956105309
0.0030892131616190406
0.003071287581541093
0.0030522832683709928
0.003032325736792197
0.003011542543608871
0.002990062862660708
0.0029680170561436634
0.0029455362437737806
0.0029227518712356118
0.0028997952793559933
0.0028767972754382724
0.002853887708181329
0.002831195047592171
0.002808845971280308
0.0027869649584968564
0.002765673893251318
0.002745091677804353
0.002725333857795882
0.002706512260224448
0.0026887346454462823
0.0026721043743110364
0.0026567200914958612
0.002642675426040704
0.0026300587100253846
0.002618952716263756
0.002609434415821926
0.002601574756096574
0.002595438460116181
0.002591083847652402
0.002588562678651613
0.0025879200194177366
0.0025891941318972383
0.0025924163863360237
0.002597611197496075
0.0026047959845372872
0.002613981154587543
0.0026251701099417775
0.002638359278748939
0.0026535381689646916
0.002670689445267668
0.002689789028558382
0.002710806217582778
0.002733703832147203
0.0027584383773184653
0.0027849602279319615
0.002813213832662802
0.0028431379368497028
0.002874665823199322
0.0029077255694400124
0.00294224032193871
0.002978128584243173
0.0030153045194642072
0.0030536782653688447
0.003093156261016159
0.003133641583732273
0.0031750342951904777
0.0032172317953363346
0.0032601291828760794
0.0033036196210298827
0.0033475947072393935
0.003391944845511659
0.0034365596200789414
0.0034813281690560896
0.003526139556784064
0.0035708831435597643
0.003615448951468564
0.0036597280250567042
0.0037036127856059997
