0.003227309468977257
0.0032363866993030056
0.0032453805252501463
0.0032542235860424954
0.0032628466286138305
0.003271178766983261
0.0032791477512722645
0.0032866802453870494
0.0032937021123502384
0.0033001387062297754
0.003305915169580817
0.0033109567352881254
0.0033151890316724
0.003318538389704059
0.0033209321511524312
0.003322298976487088
0.0033225691513412924
0.0033216748903452747
0.0033195506371392677
0.0033161333593830318
0.003311362837589856
0.003305181946628809
0.003297536928759259
0.0032883776570862993
0.003277657888354658
0.0032653355040318664
0.0032513727386687535
0.0032357363945666193
0.0032183980418256323
0.003199334202897823
0.0031785265208204793
0.003155961910361497
0.0031316326913671546
0.0031055367036646733
0.0030776774029365
0.0030480639370504036
0.0030167112023988096
0.002983639879872206
0.0029488764501645975
0.002912453188183604
0.0028744081364136557
0.0028347850571575307
0.002793633363658928
0.002751008030186583
0.002706969481238352
0.002661583460101404
0.0026149208770818505
0.0025670576377936163
0.0025180744519716987
0.002468056623349007
0.00241709382120837
0.002365279834291802
0.002312712307817456
0.0022594924644206123
0.0022057248098982566
0.0021515168246971595
0.0020969786421424917
0.002042222714457806
0.0019873634676774356
0.001932516946598762
0.0018778004509642648
0.0018233321641015934
0.0017692307752839318
0.0017156150971025276
0.0016626036791683068
0.0016103144194798962
0.0015588641748109932
0.0015083683714808736
0.0014589406178777211
0.0014106923201055335
0.0013637323021213855
0.0013181664317210222
0.0012740972537169449
0.0012316236316344826
0.0011908403992278635
0.0011518380230899723
0.0011147022775965915
0.0010795139333883322
0.001046348460551518
0.0010152757476129756
0.000986359837413221
0.000959658680868091
0.0009352239095706083
0.0009131006281230137
0.000893327227023634
0.000875935216864844
0.0008609490845270095
0.0008483861719792872
0.000838256578221658
0.0008305630848240073
0.0008253011054375208
0.0008224586595716224
0.0008220163708462565
0.0008239474898449476
0.0008282179416089328
0.0008347863977271948
0.0008436043728915676
0.0008546163457007188
0.0008677599034119005
0.0008829659102553081
0.0009001586988429027
0.0009192562841220484
0.000940170599244468
0.0009628077526432069
0.00098706830553475
0.0010128475689904562
0.001040035919651287
0.0010685191330927534
0.0010981787337831976
0.0011288923605183218
0.0011605341461584599
0.0011929751104425756
0.0012260835646047243
0.0012597255264747674
0.0012937651447056954
0.0013280651307351814
0.0013624871970589895
0.0013968925003688421
0.0014311420880872517
0.0014650973468168672
0.0014986204512120376
0.0015315748117756323
0.0015638255200847132
0.0015952397899543656
0.001625687393060006
0.0016550410875545024
0.0016831770382377226
0.001709975226862336
0.001735319851190899
0.0017590997114553036
0.0017812085829104107
0.0018015455732190537
0.0018200154634553526
0.0018365290315672765
0.0018510033571975128
0.0018633621068235846
0.0018735357982437968
0.0018814620435045333
0.0018870857694366415
0.0018903594150436963
0.001891243105062691
0.0018897047990978327
0.0018857204158103293
0.0018792739317311086
0.0018703574543489443
0.001858971269213249
0.001845123860878449
0.0018288319076051392
0.001810120249821783
0.0017890218324392538
0.0017655776211987226
0.0017398364933209661
0.001711855102811762
0.0016816977208634115
0.0016494360518761967
0.0016151490257055564
0.0015789225668205347
0.001540849341136488
0.0015010284813596914
0.001459565291753261
0.001416570933302376
0.001372162090321844
0.0013264606196105875
0.001279593183315104
0.0012316908667175316
0.001182888782213153
0.0011333256607869836
0.0010831434323393277
0.001032486796245687
0.0009815027835671129
0.0009303403123527895
0.0008791497374974009
0.0008280823966314275
0.0007772901535330703
0.0007269249405557668
0.0006771383015654771
0.0006280809368769407
0.0005799022516678558
0.0005327499093348432
0.0004867693912346833
0.00044210356422914334
0.00039889225742165395
0.0003572718494392903
0.0003173748675741046
0.0002793296000540139
0.00024325972266529957
0.0002092839408965614
0.0001775156487177419
0.0001480626050480399
0.0001210266289031342
9.650331414557105e-05
7.458176469251438e-05
5.534435096274425e-05
3.886648826991867e-05
2.5216437792012925e-05
1.4455130667909676e-05
6.6360156914082105e-06
1.8049309909117482e-06
0.0
1.2515519402221155e-06
5.582066953139283e-06
1.3006145934191683e-05
2.3530505036615298e-05
3.7153994729736354e-05
5.386764321283887e-05
7.365472390363477e-05
9.649084663959986e-05
0.00012234407215121765
0.00015117504928885027
0.00018293717440981926
0.00021757677225949998
0.0002550332976101722
0.0002952395568541974
0.0003381219486840348
0.00038360072293096206
0.00043159025657726717
0.00048199934590322543
0.0005347315136808944
0.0005896853302813023
0.0006467547475205919
0.0007058294440338963
0.0007667951809336064
0.0008295341664809096
0.0008939254284766136
0.0009598451930589828
0.0010271672685828296
0.0010957634332455306
0.0011655038251216204
0.0012362573332687973
0.0013078919885737951
0.0013802753530170132
0.0014532749060501898
0.0015267584268009449
0.00160059437084245
0.001674652240295219
0.001748802946060848
0.0018229191610248125
0.0018968756631064282
0.0019705496670790468
0.0020438211441321224
0.0021165731281986805
0.0021886920081270597
0.002260067804833938
0.0023305944326366267
0.0024001699440262497
0.002468696757209185
0.002536081865812029
0.0026022370302150035
0.0026670789500498897
0.0027305294174709517
0.002792515450880666
0.0028529694088661557
0.002911829084176629
0.0029690377776467325
0.0030245443520451405
0.003078303265901706
