0.001383248084826848
0.0013588597554503716
0.0013355347823400814
0.0013133450114899891
0.0012923576809637876
0.001272635246189922
0.0012542352218721262
0.0012372100409491155
0.001221606930976805
0.0012074678082449849
0.0011948291898781444
0.0011837221241072196
0.001174172138835752
0.0011661992085604598
0.0011598177396428154
0.0011550365738650582
0.0011518590101414587
0.0011502828441937066
0.001150300425938353
0.0011518987342744183
0.0011550594689008432
0.0011597591587366113
0.0011659692864612742
0.0011736564286405132
0.0011827824108503859
0.001193304477165284
0.001205175473328466
0.0012183440428805382
0.0012327548354805489
0.001248348726616584
0.001265063047868041
0.0012828318268502028
0.00130158603594345
0.001321253848884537
0.0013417609042758595
0.0013630305750506645
0.0013849842429176922
0.0014075415767979011
0.0014306208142586814
0.0014541390449473043
0.0014780124950253834
0.0015021568116096872
0.0015264873462317917
0.0015509194363397803
0.0015753686838793249
0.0015997512300090567
0.0016239840250260287
0.001647985092601176
0.0016716737874519316
0.0016949710456094194
0.0017177996264707753
0.0017400843458630537
0.0017617522993836668
0.0017827330753232562
0.0018029589565201178
0.0018223651105406659
0.0018408897676276828
0.0018584743859071454
0.0018750638033950108
0.0018906063763972879
0.0019050541039498537
0.0019183627379985367
0.0019304918790748206
0.0019414050572779092
0.0019510697984295704
0.001959457675324041
0.001966544344050983
0.0019723095654249688
0.0019767372116098777
0.0019798152580808616
0.001981535761119853
0.001981894821092829
0.0019808925318079763
0.001978532916303364
0.001974823849460537
0.0019697769678863972
0.0019634075675497254
0.0019557344897005195
0.0019467799956398237
0.001936569630944855
0.0019251320797886856
0.001912499010025652
0.001898704909742627
0.0018837869160025261
0.0018677846365295308
0.001850739965105719
0.0018326968914657723
0.00181370130649035
0.0017938008035093904
0.0017730444765340744
0.0017514827162404363
0.0017291670045286307
0.0017061497084796657
0.0016824838745260274
0.001658223023644117
0.0016334209483647394
0.0016081315123832847
0.0015824084535335271
0.0015563051908685233
0.0015298746365687461
0.0015031690133716046
0.0014762396781879813
0.00144913695254039
0.0014219099604240969
0.0013946064741570494
0.0013672727687470093
0.0013399534852649472
0.0013126915036727202
0.0012855278255105304
0.001258501466805749
0.001231649361519638
0.0012050062758024826
0.0011786047332807707
0.0011524749515526575
0.001126644790020072
0.0011011397091377603
0.0010759827411114488
0.0010511944720293736
0.0010267930353638332
0.0010027941167323733
0.0009792109697618998
0.0009560544428536052
0.0009333330166022657
0.000911052851580439
0.0008892178461564144
0.0008678297039747762
0.0008468880106901252
0.0008263903195080967
0.0008063322450534666
0.0007867075650529031
0.0007675083292900226
0.000748724975262867
0.0007303464499488969
0.0007123603370601592
0.0006947529891515178
0.0006775096639278248
0.0006606146640816816
0.0006440514799820766
0.0006278029345257105
0.000611851329457237
0.0005961785924620379
0.0005807664243353996
0.0005655964455351929
0.0005506503414312434
0.0005359100055735522
0.0005213576803132943
0.0005069760941250766
0.0004927485949961672
0.00047865927926827375
0.0004646931153397982
0.00045083606166137553
0.00043707517848455443
0.0004233987328529095
0.0004097962963562422
0.00039625883520193
0.0003827787921926608
0.00036935016023662904
0.0003559685470546206
0.0003426312307880949
0.0003293372062532566
0.0003160872216279628
0.000302883805401053
0.0002897312834570234
0.0002766357862128461
0.00026360524576785364
0.00025064938307186934
0.0002377796851609787
0.00022500937255422757
0.00021235335694809584
0.00019982818938845748
0.00018745199914186087
0.00017524442352912634
0.00016322652902427354
0.00015142072396053734
0.00013985066322249793
0.00012854114533905603
0.00011751800242589233
0.00010680798345809827
9.64386313837026e-05
8.643815461665562e-05
7.683529347349391e-05
6.765918214113624e-05
5.89392067840488e-05
5.0704860417295186e-05
4.298559518757614e-05
3.58106727173207e-05
2.9209013177108694e-05
2.3209043759059907e-05
1.783854722849402e-05
1.3124511232881757e-05
9.0929790460371e-06
5.768902421572869e-06
3.1759972229062575e-06
1.3366024875065014e-06
2.715435707907393e-07
0.0
5.393786507048963e-07
1.9051928382875097e-06
4.110947893943011e-06
7.168033769515392e-06
1.1085625187951084e-05
1.587058982637868e-05
2.1527404987006847e-05
2.8058083177183316e-05
3.546210698434607e-05
4.373637359425997e-05
5.2875149262063075e-05
6.287003400539531e-05
7.370993674743031e-05
8.538106109508118e-05
9.7866901894276e-05
0.00011114825266005633
0.0001252032239346339
0.0001400072725815262
0.00015553324197874142
0.0001717514130288424
0.0001886295658587422
0.0002061330520375508
0.000224224877096764
0.00024286579309381543
0.00026201440091766775
0.00028162726199386877
0.00030165901900648185
0.00032206252521572044
0.0003427889819131475
0.00036378808352099956
0.00038500816980886407
0.00040639638466953587
0.0004278988408666976
0.0004494607901401501
0.00047102679802971646
0.0004925409227569762
0.0005139468974844565
0.0005351883152551236
0.0005562088159010304
0.0005769522741986664
0.0005973629885402407
0.0006173858693846396
0.0006369666267492771
0.000656051956004475
0.0006745897212353986
0.0006925291354428967
0.0007098209368638631
0.0007264175607039445
0.0007422733055904375
0.0007573444940710968
0.0007715896265052111
0.0007849695277165456
0.0007974474858037494
0.0008089893825321172
0.0008195638147614286
0.0008291422063977001
0.0008376989103918272
0.000845211300345428
0.0008516598513232817
0.0008570282095126385
