0.002964099014906517
0.0029842612825131
0.0030031365812213046
0.0030207035561837566
0.0030369440194235593
0.0030518429838932814
0.003065388685022354
0.0030775725897136657
0.0030883893928020946
0.003097837001039581
0.0031059165047228536
0.0031126321371308992
0.00311799122198953
0.0031220041092296733
0.0031246840993541555
0.0031260473567745655
0.0031261128125250363
0.0031249020568033486
0.0031224392218313834
0.0031187508555665915
0.003113865786833456
0.0031078149824789562
0.0031006313971884835
0.0030923498166284813
0.0030830066946091177
0.0030726399849844623
0.0030612889690287888
0.0030489940790457445
0.00303579671898206
0.003021739082829218
0.003006863971604992
0.0029912146097119344
0.002974834461471788
0.00295776704863331
0.0029400557696462348
0.002921743721486017
0.002902873524802607
0.002883487153151951
0.0028636257670510944
0.0028433295535769346
0.0028226375722047144
0.0028015876075555652
0.002780216029692719
0.002758557662573654
0.0027366456612305167
0.002714511398213765
0.00269218435979432
0.002669692052377741
0.0026470599195401456
0.0026243112700500924
0.0026014672171934747
0.002578546629669935
0.0025555660942795195
0.002532539890567516
0.0025094799775438074
0.0024863959925408817
0.0024632952622220326
0.002440182825698538
0.00241706146966185
0.0023939317753843906
0.002370792177390507
0.0023476390335478475
0.002324466706278981
0.0023012676545437517
0.0022780325361948526
0.0022547503202625797
0.0022314084086798996
0.002207992766916061
0.002184488062946067
0.002160877813944759
0.0021371445400579624
0.002113269924569538
0.0020892349797521723
0.0020650202176616243
0.0020406058251089673
0.002015971842023254
0.0019910983423981152
0.001965965617000109
0.0019405543570043262
0.00191484583771378
0.0018888221015136506
0.0018624661392093915
0.0018357620688992456
0.001808695311536646
0.0017812527623465412
0.001753422957271604
0.001725196233639757
0.0016965648842632512
0.0016675233042017083
0.0016380681294469812
0.001608198366816282
0.001577915514371738
0.001547223671719152
0.0015161296395762715
0.0014846430080410256
0.0014527762330329558
0.0014205447004261868
0.001387966777439651
0.0013550638508996902
0.0013218603520414414
0.0012883837675683094
0.0012546646367432995
0.001220736534341563
0.0011866360393502924
0.0011524026893595582
0.001118078920645845
0.0010837099940085432
0.0010493439064782914
0.0010150312890746325
0.0009808252908487028
0.0009467814495043754
0.0009129575489482261
0.0008794134641746048
0.0008462109939468374
0.0008134136817888279
0.0007810866258529622
0.0007492962782799477
0.0007181102347139033
0.0006875970146814266
0.0006578258335862993
0.0006288663671118419
0.000600788508860412
0.0005736621220941016
0.0005475567864721476
0.0005225415407087192
0.0004986846220995864
0.0004760532038874805
0.0004547131314536931
0.0004347286583375157
0.000416162183095407
0.0003990739880183013
0.0003835219807280752
0.00036956143967295204
0.00035724476453649514
0.0003466212325657443
0.00033773676181115425
0.0003306336822541683
0.00032535051577763585
0.0003219217659099334
0.00032037771824555044
0.00032074425241327537
0.0003230426664279217
0.0003272895142230151
0.000333496457120046
0.0003416701299449773
0.000351812022454819
0.0003639183766863929
0.0003779801007861229
0.00039398269982390864
0.0004119062240362224
0.0004317252348834666
0.00045340878924488427
0.00047692044201078326
0.0005022182672670988
0.0005292548982013254
0.0005579775857920116
0.0005883282762765209
0.0006202437073238319
0.0006536555227711028
0.0006884904057147342
0.0007246702296790542
0.000762112227518687
0.0008007291776445118
0.000840429607098005
0.0008811180109350029
0.0009226950873177767
0.0009650579876538929
0.001008100581062091
0.0010517137323893127
0.001095785592949448
0.0011402019031035498
0.0011848463057532075
0.0012296006697739188
0.0012743454223736051
0.0013189598893232164
0.0013633226419716713
0.0014073118499264414
0.0014508056382540008
0.0014936824480311804
0.0015358213990593747
0.00157710265353862
0.0016174077794878028
0.001656620112690777
0.0016946251159460101
0.0017313107343995778
0.001766567745747777
0.001800290104106506
0.0018323752763597322
0.001862724569818742
0.0018912434500475597
0.0019178418477376884
0.0019424344535471905
0.0019649409998549424
0.001985286528420541
0.0020034016429837658
0.0020192227458844044
0.002032692257833658
0.0020437588200219597
0.0020523774778047153
0.0020585098452670586
0.002062124250030936
0.002063195857732526
0.002061706775664935
0.0020576461351500042
0.0020510101522737884
0.0020418021666924174
0.0020300326582885398
0.002015719241533004
0.001998886637481601
0.0019795666234124114
0.001957797960185154
0.0019336262974797404
0.0019071040571467589
0.001878290294977483
0.0018472505412750046
0.0018140566206810088
0.0017787864517841991
0.0017415238271062056
0.001702358174128797
0.0016613842980919865
0.0016187021073560967
0.0015744163221815964
0.0015286361678385832
0.00148147505301269
0.0014330502345259045
0.0013834824694391114
0.0013328956556477737
0.0012814164621231942
0.0012291739499886813
0.0011762991856529336
0.0011229248472518008
0.0010691848256739003
0.0010152138214658542
0.0009611469389284959
0.0009071192787265011
0.0008532655303406269
0.0007997195656936258
0.0007466140352784199
0.0006940799681098942
0.0006422463768099324
0.0005912398691191224
0.0005411842671076862
0.0004922002353331415
0.0004444049191626916
0.00039791159444461466
0.00035282932967513564
0.00030926266176551287
0.0002673112864684362
0.00022706976447353611
0.00018862724412907397
0.0001520672016907807
0.00011746719993956426
8.489866594775866e-05
5.442668870873739e-05
2.610983727745599e-05
0.0
