0.0008258375684252956
0.0007999689769056488
0.0007751353076767721
0.000751400615097272
0.0007288248544101091
0.0007074636907255927
0.0006873683223667631
0.0006685853192672036
0.000651156477059299
0.0006351186874363206
0.0006205038253146841
0.000607338653263486
0.0005956447436072012
0.0005854384185444378
0.0005767307085611305
0.0005695273293507281
0.0005638286773870699
0.0005596298442279574
0.000556920649559197
0.0005556856929203435
0.0005559044239847881
0.0005575512311984473
0.0005605955485133943
0.0005650019798855732
0.0005707304411395088
0.0005777363187379203
0.0005859706449306166
0.0005953802886952243
0.0006059081618224278
0.0006174934394407048
0.000630071794220243
0.0006435756434430396
0.0006579344080763252
0.0006730747829395941
0.0006889210170118757
0.0007053952028855905
0.0007224175743365831
0.0007399068109468399
0.0007577803486871414
0.0007759546953415538
0.0007943457496343814
0.0008128691229030231
0.0008314404621472243
0.0008499757732765238
0.0008683917433733031
0.0008866060607888217
0.0009045377318939202
0.0009221073933147466
0.0009392376184968567
0.0009558532174583263
0.0009718815286140528
0.0009872527015791352
0.0010018999698890303
0.0010157599126079772
0.001028772703834874
0.0010408823491572185
0.0010520369081487729
0.0010621887020551162
0.0010712945058630212
0.0010793157240044935
0.0010862185490040917
0.0010919741024386512
0.001096558557641519
0.001099953243648655
0.0011021447299512143
0.001103124891688307
0.0011028909549842011
0.001101445522206129
0.001098796576991724
0.0010949574689687813
0.0010899468781641513
0.0010837887591729138
0.001076512265233261
0.001068151652426479
0.0010587461642947295
0.001048339897241834
0.001036981647153548
0.0010247247377437648
0.0010116268312012882
0.0009977497217781872
0.0009831591130248392
0.000967924379438574
0.0009521183133518739
0.0009358168579423553
0.0009190988272999135
0.0009020456145362812
0.0008847408889686736
0.0008672702834519592
0.0008497210729727608
0.0008321818456538737
0.0008147421673483128
0.0007974922410289612
0.0007805225622021671
0.000763923571591571
0.0007477853063519145
0.0007321970510814522
0.0007172469899059501
0.0007030218609069136
0.0006896066141617903
0.0006770840746543401
0.0006655346112992562
0.0006550358133064197
0.0006456621750870424
0.0006374847908763623
0.0006305710602156778
0.0006249844054003824
0.0006207840019605127
0.0006180245231961458
0.0006167558997420728
0.0006170230950846014
0.0006188658978983387
0.0006223187320125364
0.0006274104847552745
0.0006341643543596109
0.0006425977170490988
0.0006527220143509303
0.0006645426611137783
0.0006780589746342911
0.0006932641252215065
0.0007101451084524379
0.0007286827392949814
0.0007488516681964409
0.0007706204191575909
0.0007939514497335854
0.0008188012328245479
0.0008451203600404252
0.0008728536663472115
0.0009019403756249651
0.0009323142666926153
0.0009639038592805918
0.0009966326193600185
0.0010304191831670144
0.0010651775991926107
0.0011008175873433116
0.0011372448144145574
0.0011743611849595712
0.0012120651465794604
0.001250252008607228
0.0012888142731087536
0.0013276419770779438
0.0013666230446613475
0.001405643648209743
0.001444588576920609
0.0014833416118062068
0.0015217859056972545
0.0015598043669719924
0.0015972800456849046
0.0016340965207585572
0.0016701382868958537
0.001705291139868754
0.0017394425588429076
0.0017724820844058956
0.0018043016909796814
0.001834796152315609
0.001863863398792518
0.0018914048652653908
0.0019173258282433108
0.0019415357312111518
0.0019639484969493255
0.001984482825749919
0.002003062478475477
0.0020196165434583743
0.0020340796862940015
0.0020463923816396307
0.002056501126192687
0.0020643586320868964
0.002069924000012336
0.0020731628714353596
0.0020740475593666397
0.002072557157199737
0.0020686776252185307
0.0020624018544491943
0.0020537297076109228
0.002042668036998986
0.002029230679213719
0.0020134384267293313
0.0019953189763767818
0.0019749068548950226
0.0019522433217844626
0.001927376249775193
0.0019003599833001179
0.001871255175439345
0.0018401286038767168
0.001807052966482055
0.0017721066572030514
0.0017353735230188488
0.001696942602772662
0.001656907848763215
0.001615367832034159
0.0015724254323565877
0.0015281875139522283
0.0014827645880536684
0.00143627046344282
0.001388821886149682
0.0013405381695300654
0.0012915408159733248
0.0012419531315190553
0.0011918998346850717
0.001141506660827868
0.0010908999633708525
0.0010402063132451628
0.0009895520978925355
0.0009390631211797393
0.0008888642055693592
0.0008390787978821734
0.0007898285799723531
0.0007412330856179367
0.000693409324905729
0.0006464714173621085
0.0006005302350491356
0.0005556930568090849
0.0005120632348001271
0.0004697398744216213
0.0004288175286793766
0.0003893859079895944
0.0003515296063651064
0.00031532784486933206
0.00028085423316203377
0.0002481765498970308
0.00021735654266544848
0.0001884497481092998
0.00016150533275932134
0.00013656595507839517
0.00011366764911774184
9.283973011769834e-05
7.410472230856135e-05
5.747830908990647e-05
4.296930568939455e-05
3.057965432441012e-05
2.0304441812447373e-05
1.2131939499141701e-05
6.043665296413781e-06
2.014467547863108e-06
1.2630364349395292e-08
0.0
1.9321317679881845e-06
5.7584569264544855e-06
1.1422468898249086e-05
1.8861928123949773e-05
2.8009084786043972e-05
3.879091858356677e-05
5.112939468091655e-05
6.494173490234802e-05
8.014070319490641e-05
9.66349043374167e-05
0.0001143290948317987
0.000133124504875623
0.00015291917028136372
0.00017360827317870216
0.00019508449031116563
0.00021723834771776097
0.00023995858057403876
0.0002631324969550572
0.0002866463442753883
0.00031038567715831287
0.00033423572548782823
