0.002801777558715102
0.0030374334976076174
0.0033373618350984154
0.0036447636017301003
0.0038971354898491243
0.004037669357243695
0.004026103749142208
0.0038470429653808124
0.003514186538907932
0.0030696281520070125
0.002578257356065753
0.002118169736909872
0.0017687015517794885
0.0015981238183965375
0.0016530831900025797
0.0019515556319035952
0.0024804458019086397
0.0031981388382190026
0.004041444829146858
0.004935627711187456
0.005805713594468763
0.006587113581607941
0.007233794156407729
0.007722738593012434
0.008054163094623363
0.008247742499946326
0.00833581373061922
0.008355030557492994
0.008338153218951452
0.008307541517190526
0.008271513042371587
0.008224116294728589
0.008148175204313858
0.008020822213621295
0.007820272635516767
0.007532387212290376
0.0071556542445335766
0.006703572054448755
0.006203951244557023
0.005695274205611849
0.005220824505138502
0.004821720920712266
0.004530182650988235
0.004364283285287604
0.004325142559119436
0.0043970237165506755
0.004550248781169911
0.004746323781701263
0.0049442800353183
0.005107055439186825
0.0052067886162588
0.0052281598063413336
0.00516932584198932
0.005040475042416049
0.004860474727724348
0.004652412890723988
0.004438987105315137
0.004238646788411927
0.0040631691880623245
0.003917000108706543
0.003798295497001689
0.003701243805276658
0.003619004282144083
0.00354650961457916
0.0034824642159587207
0.00343009703246963
0.0033965449357389703
0.0033910767077714138
0.003422643547049198
0.0034973993025883554
0.0036168385553488527
0.003777053321067582
0.003969343157698276
0.004182088513560787
0.004403486093483877
0.0046245181735028685
0.004841437828744271
0.0050571225415021
0.005280868803405888
0.005526526767691355
0.005809239598216493
0.006141379741367595
0.006528492753865302
0.0069661183355552245
0.0074382393638398325
0.007917830673932175
0.008369590958118435
0.008754517831923495
0.009035611076471928
0.009183737865424979
0.00918261907542288
0.009032016528121425
0.008748498310685667
0.008363579663822184
0.007919502338030742
0.007463338356569881
0.007040404795986789
0.006688097476570235
0.006431170348618875
0.006279219341984336
0.006226725435743423
0.006255548175638386
0.006339325051856859
0.006448905247916921
0.006557787936493201
0.006646572413127359
0.006705649243732095
0.006735722523630814
0.006746181771364513
0.006751754700777338
0.006768190442720505
0.006807887656773408
0.006876365021512653
0.006970280129982109
0.007077377804643422
0.00717835636911143
0.0072502584193723275
0.007270695577741187
0.00722206112254666
0.007094898179572137
0.006889768678074148
0.0066172719466962085
0.006296230028820262
0.005950416263118152
0.0056044839654908266
0.00527989925173819
0.004991669031813056
0.004746486538881685
0.004542627317108036
0.004371576393827162
0.0042210219601542635
0.0040785797375154035
0.003935467650657015
0.0037893597606386783
0.0036458089605284206
0.0035179079478714244
0.003424203077006572
0.0033852195168453843
0.0034192331669633492
0.0035380827093516444
0.0037438245982067708
0.0040268934241524945
0.004366166561981863
0.004730994466112031
0.005084908579113367
0.0053904210429876935
0.0056141373593563545
0.005731348085653674
0.005729356372811667
0.005609016180920075
0.005384260633235552
0.00507973612717007
0.004726966369071742
0.004359698852252426
0.0040091975256947325
0.0037002242035663814
0.0034483058747487388
0.00325864492004184
0.0031267390035310265
0.0030404886095430793
0.0029833320538033992
0.002937798817203454
0.0028888339219835233
0.002826320714524248
0.002746399554069472
0.0026514128261677875
0.0025485604433501505
0.002447580737703331
0.0023579410087355306
0.00228610306995541
0.0022334104112494237
0.0021950301427624028
0.002160194976953018
0.0021137598945829726
0.0020388528002851744
0.001920196622704385
0.001747544648604893
0.0015186238039968853
0.0012410310545898557
0.0009326703660734051
0.0006205321627881849
0.0003378732138341464
0.00012011466085593784
0.0
2.7075028760309774e-06
0.00014166601419206629
0.0004157656652312245
0.0008084879637895799
0.0012892215552499763
0.0018167140653615765
0.0023442810993301853
0.0028261000689168564
0.003223706522511812
0.003511722255555149
0.0036818999700373506
0.0037447702474084
0.0037285020705778204
0.003674995850835334
0.0036336594402463216
0.0036537063381462463
0.003776096582574425
0.00402636262185747
0.004409494849775962
0.00490780318861
0.005482251809805435
0.006077241712555725
0.006628268882848341
0.007071401373807088
0.007353178898465926
0.007439406139545657
0.007321417755688307
0.007018732809144967
0.0065775439251639055
0.0060651235266217665
0.0055608760045540275
0.005145315120097821
0.004888606789298213
0.004840423606553023
0.0050226844754184445
0.005426322087781534
0.006012598135051035
0.006718770405320691
0.007467224504614507
0.00817663117506063
0.008773371683784215
0.009201443860502501
0.009429326900160157
0.009452800408903606
0.009293395185768567
0.008992883815190974
0.008604873253108644
0.008185027004816079
0.007781641588015627
0.007428197893416847
0.00713912271374596
0.006909398459690309
0.006717956540072852
0.006534107081666478
0.006325715814420904
0.00606753385274233
0.005748071077408998
0.005373680224570602
0.0049690358820942155
0.004573856767659933
0.004236411335958757
0.004004941906031532
0.003918534875569761
0.0039990846718308895
0.004245826273287909
0.004633477058683137
0.005114411183729516
0.00562459825304182
0.006092394286539113
0.006448788578218112
0.006637467170957258
0.006623090843277694
