0.0002874329637133405
0.00031686430905501317
0.00034480362106647285
0.00037035553433906556
0.00039271661973278374
0.00041118905874060717
0.0004251924273194507
0.0004342733813414016
0.00043811307120288274
0.0004365321516466079
0.0004294932938475034
0.0004171011495893318
0.0003995997611805683
0.0003773674548724522
0.00035090929918769843
0.0003208472519893352
0.00028790816057871083
0.0002529098169042792
0.00021674530442714057
0.000180365903719329
0.00014476284992687204
0.0001109482563474702
7.993553417209019e-05
5.271964863111595e-05
3.025755617525245e-05
1.3449165814641978e-05
3.1191603434939028e-06
0.0
4.716412360091047e-06
1.7771648242593694e-05
3.9535754507615505e-05
7.023608133886771e-05
0.00010995020447017532
0.0001586014024690934
0.000215956786305517
0.0002816281337340047
0.00035507543526129125
0.0004356131124304448
0.000522418823611814
0.0006145447282225401
0.0007109310380545148
0.0008104216448954686
0.0009117815775538429
0.0010137160093620788
0.001114890509784273
0.001213952211364477
0.0013095515463078706
0.0014003641957829444
0.0014851128897664255
0.001562588696021012
0.0016316714435944447
0.0016913489389503687
0.0017407346512804387
0.0017790835674001415
0.0018058059455038672
0.0018204787304693334
0.0018228544308028184
0.001812867298083411
0.0017906366932190691
0.0017564675692476651
0.0017108480470478522
0.0016544441073939509
0.0015880914695156167
0.0015127847719336993
0.0014296642150848676
0.0013399998663982606
0.0012451738663714009
0.0011466608081893885
0.0010460065929867911
0.0009448060874865717
0.0008446799300695104
0.0007472508450240274
0.000654119832588969
0.0005668426043158568
0.00048690662922770667
0.0004157091463223854
0.00035453648334068336
0.0003045450006677426
0.0002667439531243243
0.00024198053167758405
0.0002309273122789784
0.00023407230070512063
0.00025171172107552
0.00028394565233357026
0.0003306765721200443
0.0003916108218783329
0.00046626296145173187
0.000553962936604697
0.0006538659395440022
0.0007649648013253139
0.0008861047166581142
0.0010160000666681998
0.0011532530741830888
0.0012963739995416686
0.0014438025631903929
0.0015939302647252635
0.0017451232567960054
0.001895745426540652
0.0020441813370071235
0.002188858686294499
0.002328269952771458
0.002460992910476899
0.0025857097193708063
0.0027012243200978297
0.0028064778918996027
0.0029005621647513547
0.002982730412139729
0.003052405988536513
0.003109188314921219
0.0031528562560088763
0.0031833688734841555
0.0032008635798685655
0.003205651757007413
0.0031982119409356786
0.0031791807104805175
0.0031493414498398563
0.003109611185052996
0.003061025720320407
0.003004723322174819
0.002941927217263664
0.0028739271827602515
0.0028020605170416147
0.0027276926821986256
0.0026521979092015875
0.0025769400512321173
0.0025032539609849518
0.002432427653885968
0.0023656855014755358
0.002304172678037541
0.002248941059333567
0.0022009367454913194
0.0021609893511931435
0.002129803175835927
0.00210795033482542
0.002095865901168714
0.002093845074578269
0.0021020423639258145
0.0021204727385893928
0.0021490146754966273
0.0021874150019181725
0.0022352954096994874
0.0022921604949775833
0.002357407158797939
0.0024303351886512943
0.0025101588289549387
0.002596019140008593
0.002686996939997566
0.0027821261231694523
0.002880407149286763
0.002980820504712017
0.003082339943813109
0.0031839453305375766
0.0032846349137021615
0.003383436885450417
0.003479420090087453
0.0035717037697262453
0.0036594662534788604
0.0037419525178955934
0.0038184805675935494
0.003888446606130397
0.003951328987790329
0.0040066909607026305
0.004054182230280865
0.004093539389059986
0.00412458527436471
0.004147227328653866
0.00416145504868547
0.004167336618717833
0.004165014829732432
0.004154702391113112
0.004136676743370267
0.004111274480428528
0.0040788854878186145
0.0040399468989817874
0.003994936965998643
0.00394436893361306
0.003888784996681289
0.0038287504113991492
0.003764847820124397
0.0036976718385988024
0.0036278239431699047
0.003555907684493109
0.0034825242434269915
0.003408268334667115
0.0033337244543227202
0.003259463459325566
0.003186039459439474
0.0031139869968469015
0.0030438184839234415
0.002976021866931679
0.0029110584819941705
0.0028493610698231324
0.002791331917237021
0.002737341096390442
0.002687724776758832
0.0026427835900997613
0.0026027810346769377
0.0025679419117798645
0.002538450794782361
0.0025144505384268653
0.002496040843462228
0.002483276898964564
0.00247616813140193
0.0024746770955444987
0.0024787185474673943
0.0024881587439606477
0.002502815015491237
0.002522455661327308
0.0025468002154375073
0.0025755201302580864
0.0026082399223514158
0.002644538819375623
0.002683952941696463
0.0027259780444876345
0.002770072837408397
0.0028156628890745102
0.002862145112738101
0.002908892818078434
0.002955261302015118
0.0030005939392428157
0.003044228721017988
0.003085505178877236
0.003123771618707057
0.0031583925801853827
0.0031887564273343464
0.0032142829680022935
0.0032344309937510324
0.0032487056270535672
0.0032566653600689327
0.0032579286686792008
0.0032521800870354174
0.0032391756316088186
0.0032187474696828994
0.003190807735308054
0.003155351405887521
0.003112458164641359
0.0030622931880336275
0.0030051068126370393
0.002941233052604686
0.0028710869566436516
0.002795160811839308
0.002714019220537954
0.0026282930954227767
0.002538672636567447
0.002445899372274761
0.0023507573625621923
0.0022540636799100013
0.0021566582960267184
0.0020593935156227967
0.001963123108256146
0.0018686912970002634
0.001776921767803168
0.0016886068658152132
0.0016044971445748175
0.0015252914307129844
0.0014516275607804547
