0.0009915739350803028
0.0010080698195471215
0.0010246065419241093
0.0010411894440189346
0.0010578215877506468
0.0010745037566013626
0.0010912344701595163
0.001108010011644798
0.0011248244682459316
0.001141669784044218
0.001158535825238525
0.0011754104573313611
0.0011922796338811354
0.0012091274963727755
0.0012259364847079638
0.0012426874577673307
0.0012593598234504734
0.0012759316775556376
0.0012923799508196255
0.0013086805634000757
0.0013248085860469254
0.0013407384071776936
0.001356443905042433
0.0013718986241388344
0.0013870759550162245
0.0014019493165890779
0.0014164923400663495
0.0014306790535924146
0.0014444840666887663
0.0014578827535828955
0.0014708514345119844
0.0014833675540941935
0.0014954098558693702
0.001506958552123989
0.0015179954881319306
0.0015285042999633222
0.0015384705650379777
0.0015478819446279354
0.001556728317545057
0.0015650019042845308
0.0015726973809332785
0.0015798119821935075
0.001586345592915903
0.0015923008275839747
0.0015976830972406694
0.0016025006634004311
0.0016067646785441025
0.0016104892128502963
0.0016136912668748594
0.0016163907699495864
0.0016186105641321361
0.0016203763736010177
0.0016217167594521546
0.0016226630599167834
0.0016232493160839529
0.001623512183274453
0.0016234908282763223
0.0016232268127149418
0.001622763962892828
0.0016221482264953365
0.0016214275166183724
0.0016206515436325277
0.0016198716354547376
0.0016191405468531281
0.0016185122584632115
0.0016180417662435467
0.0016177848621463469
0.0016177979068230305
0.001618137595226129
0.0016188607160072508
0.0016200239056455806
0.0016216833982727258
0.0016238947721872626
0.0016267126940761256
0.001630190661979785
0.0016343807480539278
0.0016393333421920256
0.0016450968975805953
0.0016517176792621934
0.0016592395167800756
0.0016677035619731071
0.0016771480529797758
0.00168760808549623
0.001699115392314971
0.0017116981321484278
0.0017253806887150018
0.0017401834810345232
0.0017561227858454201
0.0017732105730173895
0.0017914543547911744
0.0018108570496312097
0.0018314168614276699
0.001853127174731994
0.0018759764666543667
0.001899948235993227
0.0019250209501057928
0.0019511680099650445
0.001978357733782874
0.0020065533595114288
0.002035713066465208
0.002065790016235654
0.0020967324129978126
0.0021284835832357483
0.0021609820748396233
0.002194161775453415
0.0022279520498780774
0.0022622778962610233
0.0022970601207293736
0.0023322155300516804
0.002367657141841193
0.0024032944117433797
0.0024390334769816223
0.002474777415568165
0.002510426520422528
0.002545878587577265
0.0025810292175911147
0.002615772129232706
0.0026499994844441637
0.0026836022235434322
0.0027164704095771885
0.0027484935806929263
0.0027795611093594684
0.0028095625672298237
0.002838388094409281
0.002865928771864901
0.0028920769956903266
0.002916726851922232
0.002939774490591726
0.0029611184976858556
0.00298066026369091
0.00299830434739071
0.003013958833599318
0.0030275356835188115
0.003038951076428731
0.00304812574143466
0.0030549852780289537
0.0030594604642468987
0.0030614875512364513
0.003061008543099029
0.003057971460902583
0.0030523305898160925
0.0030440467083666664
0.0030330872988763163
0.003019426738195166
0.0030030464679109336
0.002983935143281
0.002962088760202922
0.0029375107596115017
0.0029102121087655787
0.0028802113589647986
0.0028475346793160492
0.0028122158662501947
0.002774296328572348
0.0027338250479126006
0.0026908585145287815
0.0026454606384979824
0.0025977026364190888
0.0025476628938340047
0.0024954268036603963
0.002441086581013188
0.0023847410548756974
0.002326495437163391
0.002266461069804152
0.0022047551505376107
0.002141500438212986
0.002076824938439048
0.0020108615705114897
0.0019437478166115828
0.0018756253543353596
0.0018066396736746487
0.0017369396796292906
0.0016666772816844293
0.0015960069714367631
0.0015250853896996484
0.0014540708844582241
0.0013831230610825084
0.001312402326238319
0.0012420694269628292
0.001172284986393551
0.0011032090376563567
0.0010350005574297292
0.0009678170007088205
0.0009018138382939362
0.0008371440985238431
0.000773957914764663
0.0007124020801503384
0.0006526196110505414
0.0005947493207165296
0.0005389254045251762
0.00048527703820589027
0.00043392799039487263
0.00038499625081605106
0.0003385936753383886
0.0002948256491050658
0.0002537907688716671
0.0002155805456279887
0.0001802791285118729
0.0001479630509533407
0.0001187009999141877
9.255360901157586e-05
6.957327623497561e-05
4.980400688381326e-05
3.3281282269062855e-05
2.003195463579359e-05
1.0074168675778964e-05
3.4173099100007903e-06
6.198013051514524e-08
0.0
3.2144388157765488e-06
9.679671353380508e-06
1.936146161331427e-05
3.2217073203667486e-05
4.8195406001209115e-05
6.723715864466288e-05
8.927501632642674e-05
0.00011423386326344287
0.00014203101914432126
0.0001725764987688019
0.00020577329401715039
0.00024151767721165515
0.0002796995248601378
0.0003202026607027321
0.0003629052169181043
0.00040768001228430736
0.00045439494603264296
0.0005029134060803742
0.0005530946902803623
0.0006047944392824139
0.0006578650795630235
0.0007121562751469149
0.0007675153865156572
0.0008237879351759743
0.00088081807234271
0.0009384490501793706
0.000996523694032566
0.0010548848740952923
0.0011133759749383874
0.0011718413613590391
0.0012301268390103768
0.0012880801082965714
0.0013455512100435014
0.0014023929614859908
0.0014584613811484902
0.0015136161012369222
0.0015677207662050953
0.001620643416209332
0.001672256854219585
0.0017224389956143902
0.0017710731991497823
0.0018180485782592604
0.0018632602917119318
0.001906609812729923
0.001948005175742402
0.00198736120003337
0.002024599689621888
0.002059649608797806
