0.012564680262398492
0.01201495958817236
0.011585825837383055
0.011328192915835509
0.01126949569728009
0.011406455912712072
0.011702620364317167
0.012091580487753155
0.012485777780813001
0.01278973789580292
0.012915659708159426
0.012798700695300834
0.01240917918941795
0.011759307977950412
0.010902936641153648
0.009927974287077694
0.00894248252118328
0.008056629897790057
0.007363554281388384
0.006922514252557509
0.006747441001842909
0.006803153640163797
0.0070102076687546064
0.00725782976762638
0.007422921951382095
0.0073919642164170804
0.00708202655126532
0.006457145895539082
0.005537040610625895
0.004396411125220609
0.0031546932369014968
0.0019578062537208597
0.0009548722625241559
0.00027381466172773754
0.0
0.00016161313365719437
0.0007243286211354102
0.0015962560784619478
0.002642372493293521
0.0037060223757168784
0.004633856393573119
0.005300004773141877
0.005625443113398633
0.005589373158586852
0.005230851389889487
0.004640599177766359
0.003944614813016481
0.0032825807625072164
0.002784879612937172
0.0025521627782848257
0.002640847005587115
0.0030567615699847502
0.003757654034378583
0.004663666660945403
0.005673510296385245
0.006683134645136401
0.007603380991359203
0.008373446669800319
0.008967908827169269
0.009396362333625353
0.009696168853125499
0.009920117144968548
0.010121716575119972
0.010341221049875724
0.010595249833324567
0.01087209112318531
0.011133602905167447
0.011323293818964061
0.01137893162880004
0.011247123388561922
0.010896908515602741
0.010329575898777874
0.009582622023457625
0.008726871516428699
0.007857073740565549
0.00707752544433719
0.006485219405327341
0.0061535077593958525
0.006119209038586949
0.006375494937844903
0.006871879459216122
0.0075213876803335725
0.008213731657326908
0.008832291413511117
0.009272069885058142
0.009455666236810161
0.009344702946128216
0.008944966395316825
0.008304620880997338
0.007506029761491545
0.00665275615907961
0.005854041949568314
0.005209362997719345
0.004795497097411377
0.004657969265309326
0.004807878812199415
0.0052241321205084325
0.005860185935022225
0.006653709481478573
0.007537212039466401
0.008447700455291264
0.009333800789523916
0.010159408430640653
0.010903686656427467
0.01155796384433495
0.012120646561571895
0.012591570419450578
0.01296720917506007
0.013237872577972407
0.013387517288007376
0.013396183759743725
0.01324448174327007
0.012919094972446737
0.012418047125932722
0.01175450497007368
0.010958177128120491
0.010073836842063352
0.009157058833970104
0.008267803568121502
0.007462903173116353
0.006788724344970239
0.0062752667736433575
0.005932708476225634
0.005750981728177263
0.005702436533313955
0.005747119717690873
0.005839760929033315
0.005937286502596055
0.006005620485068106
0.006024682917337255
0.005990825378089854
0.005916389900189042
0.0058265598254343765
0.00575410787395917
0.005732967581338376
0.005791712387485408
0.005948004706296427
0.006204888344857275
0.006549480791984676
0.006954233905468725
0.007380536177543081
0.0077840871095927145
0.008121231555164123
0.008355327654996981
0.008462243485402286
0.008434222152048396
0.008281594386011453
0.008032113476438875
0.0077279979347486
0.0074210534240740055
0.007166474958060914
0.007016080619465302
0.007011787205943011
0.007180104707431449
0.007528307787444316
0.008042753212854852
0.008689572742569828
0.009417705548899874
0.010163969345518518
0.010859632217824041
0.011437763542594485
0.011840534491574465
0.012025622249935392
0.011970954131003355
0.011677204137866572
0.011167709172605171
0.01048577765598802
0.00968968353490954
0.008845932562860167
0.00802161517138877
0.007276787827011991
0.006657831406465208
0.006192616042437481
0.00588807026620265
0.0057304380701442975
0.0056881535340090675
0.0057169183244278315
0.005766281233795662
0.005786831124790274
0.00573705070057537
0.005588945404977333
0.00533174706146768
0.004973266100259919
0.004538787879464381
0.0040677309622959
0.0036085637618237564
0.003212675093995405
0.0029279920093222504
0.002793128936268415
0.0028327453079385256
0.0030546066429155607
0.003448616550707743
0.003987846830108703
0.004631369624034686
0.0053285129431308075
0.00602403368340579
0.006663636650382233
0.007199262660526717
0.007593616830768515
0.00782350014876083
0.007881632925854098
0.007776807563493004
0.007532370290179672
0.00718319683268662
0.006771483716025213
0.006341811458756885
0.005936033137816947
0.005588586302941925
0.005322805166935026
0.005148716281618686
0.005062636364027359
0.005048668516586618
0.005081937225140581
0.005133147163692684
0.005173835080838574
0.005181545916432313
0.00514413368544895
0.005062479758538923
0.00495113183572673
0.004836671213354311
0.004753970454699785
0.004740852446568076
0.004831945816312751
0.005052698626155381
0.005414527055475476
0.005911927954592152
0.0065220913291546955
0.007207155147815691
0.007918814426151466
0.008604602609197083
0.009214875392999346
0.00970939823898682
0.010062495013287175
0.010265949973140448
0.010329230001176101
0.010277043878635088
0.010144701231875065
0.009972096146685146
0.00979735446947936
0.009651211526762928
0.009553024697756745
0.009509004539627247
0.009512830083820888
0.009548377636429971
0.009593920043879422
0.009626914244969345
0.009628432125231321
0.009586411723555332
0.009497184967447302
0.009365115821028053
0.00920058135696659
0.00901686649431461
0.008826752340960907
0.008639616188875482
0.008459721425725531
0.008286087998502271
