0.013747791487892286
0.013865857327466539
0.013740847827571265
0.013430077760564185
0.01300935399775696
0.01255923261153901
0.012151453506199634
0.011837931156906095
0.011644089713577303
0.01156743726464379
0.011581258477357973
0.011642364680851384
0.011701151264921512
0.01171189439495746
0.011641316227939237
0.011473921272106353
0.011213345377783363
0.01087980435385644
0.01050450778792447
0.010122461831411593
0.009765319119978685
0.009455810554391746
0.009204852408200055
0.009011767144469794
0.00886733253871147
0.008758736861131024
0.00867510200304072
0.008612126822254415
0.00857461937880595
0.008576180150314595
0.008635961873488121
0.008773123079394452
0.009000163506050518
0.009316656795378112
0.00970490551589919
0.010128726886390034
0.010535992809657651
0.010864808529496502
0.011052466710515222
0.011045707924354112
0.010810478090974978
0.01033937121503572
0.009655289228417609
0.008810480279489913
0.00788091714304799
0.006956799918998549
0.006130658444346142
0.005484961109036129
0.005081228392596457
0.0049523857098237745
0.005099521731083125
0.005493451997692519
0.00608066543466617
0.006792503352781648
0.007555916508388366
0.008303951253843532
0.008984256879466595
0.00956434612498653
0.010032988312780048
0.010397842618581926
0.010680109796860435
0.010907471882133547
0.011106816854704982
0.0112981777997967
0.011490979672892889
0.01168315769122831
0.011863099910058074
0.012013794739327446
0.012118141889637305
0.012164189455973229
0.012149120797728157
0.01208111176189135
0.011978645457092965
0.011867410933564079
0.011775415175077884
0.01172730627243388
0.01173906989896564
0.011814193107367102
0.011942106589022387
0.012099277470111584
0.012252816632789636
0.012365985685715869
0.012404629324453787
0.012343384301098732
0.0121705554888447
0.01189079078947864
0.011525080972163468
0.011108082348500976
0.010683222224812678
0.01029641699012521
0.009989448002113346
0.009794069012467824
0.009727763402663195
0.009791765198940029
0.009971564362770082
0.010239706208861766
0.010560337711048844
0.010894706876376238
0.011206719366388115
0.011467705981996071
0.011659736085972459
0.011777085394880888
0.011825779803094048
0.011821436166796132
0.011785860029338728
0.0117430075031589
0.011714960611906952
0.011718507263544661
0.011762778608654188
0.01184820739056685
0.011966863953647041
0.012104032419407888
0.012240732127605538
0.012356783892944562
0.012433973043243448
0.012458870047431132
0.01242492789380122
0.012333573248652186
0.012194134491648871
0.012022592206179943
0.01183928441576021
0.011665836834158406
0.011521703633568655
0.011420782098226716
0.011368591155712324
0.01136046844332048
0.011381138641778348
0.01140584155424727
0.01140299675978566
0.01133814820479162
0.011178710704199603
0.010898868586686051
0.010483889555678924
0.009933139515986122
0.009261226003256804
0.008496948378876535
0.007680060918848262
0.006856211768229746
0.0060707475518188905
0.005362310802879112
0.004757256288855968
0.004265844208016515
0.003880932023083629
0.0035795112477954426
0.003326976626799985
0.0030835473659516933
0.0028118642826396034
0.0024845359516659045
0.002090352531340668
0.0016380473361621416
0.0011568456139542079
0.0006935439742840072
0.0003064315105297654
5.689971577147856e-05
0.0
0.0001754210871923803
0.0006003324898087772
0.001265273975985995
0.002133805408005382
0.0031460425288318385
0.0042255902756664614
0.005288849067978232
0.006255301181880907
0.0070572447216769064
0.00764755310325169
0.008004376440966545
0.008132206895258074
0.00805931428011723
0.00783212080530376
0.007507530834241294
0.007144491928018809
0.006796101071022499
0.006503389007686688
0.006291558482425653
0.006168990509283595
0.006128853346844067
0.006152737008045216
0.006215460308808649
0.006290097221818332
0.0063523493891574625
0.006383622819633734
0.006372493137795698
0.006314594791985411
0.0062112747681847096
0.006067553697485154
0.00589000414187915
0.005685084199145037
0.005458280011650432
0.005214161075619528
0.004957196540478968
0.004692976666248353
0.004429375534421871
0.004177200917978898
0.003950000492521038
0.0037629010973450295
0.003630602191820754
0.0035648708503819007
0.0035720424123059412
0.003651081804785468
0.003792691479406374
0.003979773972324064
0.004189304374867243
0.004395390486890093
0.004573051892768718
0.0047020839247396235
0.004770323161142803
0.004775709990337516
0.0047267382708379825
0.004641157368737939
0.0045430975704375525
0.00445907009663773
0.004413496716828145
0.00442451478363361
0.004500765835344102
0.004639717527203696
0.004827818541402101
0.005042488543104701
0.005255651178020302
0.0054382759161551684
0.005565241643773167
0.005619791895144762
0.0055969199000111425
0.0055051846417827465
0.005366686693572613
0.005215187258578581
0.005092597767164617
0.00504426852777877
0.00511364126440449
0.0053368916845083015
0.005738175470301156
0.006326013897680457
0.0070912284617963535
0.008006673943257157
0.00902884193715581
0.010101225553300957
0.011159162411555942
0.01213571800434826
0.01296804628520471
0.013603581526264081
0.014005388413044504
0.014156038196660252
0.014059495341665864
0.013740691265024587
0.013242717953472361
0.012621870108543931
0.01194106373277815
0.011262417473757655
0.010639954931855199
0.010113432812761046
0.009704198061861275
0.009413726158102098
0.009225117730764993
0.009107381647510397
0.00902187855977623
0.00892991670573497
0.008800253577227342
