0.006407340937532128
0.006511149240105526
0.006551280711120451
0.006545944763535275
0.006517375540530873
0.006489190826706025
0.006483367374486809
0.0065170978743277945
0.006599914041124047
0.006731537089920141
0.0069009158851743805
0.0070868129039549695
0.007260098855195928
0.007387642507384244
0.007437378578413295
0.007383862433064535
0.00721343645073398
0.006928088382689046
0.006547202699053532
0.006106686871790114
0.005655358314169619
0.00524893942436512
0.004942446570062131
0.004782091222999276
0.004797969876564247
0.004998764685283544
0.005369407508739231
0.005872214442807425
0.006451448136193237
0.007040704835994769
0.007572050293225307
0.007985527771487424
0.008237587151365026
0.00830715102652011
0.008198413078105034
0.007939989235400497
0.007580620950842165
0.007182161771712614
0.006810973096166119
0.006529049301732001
0.006386161163403324
0.006414066214133324
0.006623439294439242
0.0070037055253551915
0.007525500261381541
0.008145116962620096
0.008810091489246642
0.009465033503124656
0.010056939378795655
0.010539461507891
0.010875900967140466
0.01104096389894068
0.0110215169919583
0.010816658176657026
0.01043738008917799
0.00990597213062204
0.009255132177539933
0.008526602573881529
0.00776906412054116
0.007035054554862938
0.006376833045075503
0.005841364535385607
0.0054648927435618725
0.005267835126946812
0.005250891819830709
0.0053932536252293065
0.005653593022354776
0.005974139130705647
0.006287627193813662
0.006526364341505725
0.006632173560827227
0.006565671725258354
0.0063132852023048466
0.005890644606511985
0.005341510942989933
0.004732095918029001
0.004141432179418406
0.0036491826744384954
0.003322811654965522
0.003206261414042192
0.0033121289217233826
0.003618821770406622
0.004073368371468176
0.004599595904707952
0.005110439049850852
0.005522376106650856
0.005769552737755572
0.005815137878078397
0.0056578777906358575
0.005332609608510038
0.004904531470486022
0.004458121487459292
0.0040825559646489405
0.003856122903001908
0.0038323376871515933
0.004030199012097786
0.004430316255365847
0.004977616891918736
0.005590185526191052
0.006172702515835661
0.006632136335513974
0.006892948371162828
0.006909164818264883
0.006671241342399323
0.0062065887173759875
0.005573770054476331
0.004851513912193475
0.0041246055748254545
0.003469254027808818
0.0029405883614909674
0.0025645068371925716
0.0023352669156914956
0.0022191219499109556
0.002163181962925748
0.002107711485386159
0.0019994548608213156
0.0018034122972047754
0.001510806428378214
0.0011417171918752765
0.0007418821455349202
0.0003742679880985112
0.00010700949325171977
0.0
9.267615187126717e-05
0.00039532259061555736
0.0008855724071597567
0.0015108191550585242
0.002196165699659934
0.0028565165675621604
0.003410661330937568
0.003794834902815016
0.00397333978363998
0.003944353072429948
0.00373991476237031
0.0034201403230453634
0.0030627271214463906
0.0027496445598804526
0.0025533662639655123
0.002525040378693071
0.0026866022796623755
0.0030280924033359467
0.003510492223173838
0.004073410198198394
0.004646114888257788
0.005159871228731705
0.005559377601571895
0.0058113428566401275
0.0059088273156780655
0.0058707824852442326
0.0057371056074435505
0.00556031438411889
0.005395503843547389
0.005290478727296334
0.0052778315513110855
0.005370295703364341
0.005560038835404628
0.00582180620695111
0.006119119942874892
0.006412216204641116
0.006666147022111616
0.006857522079123354
0.006978694944507331
0.007038733527921315
0.007061146181305015
0.007078940177434944
0.007128056380303856
0.007240472332880211
0.007438260502329997
0.0077296435648155064
0.008107663460128596
0.008551565639194349
0.009030496832174167
0.009508718089013428
0.009951313291613608
0.010329357647367664
0.010623690096317022
0.010826760167916467
0.010942419997475424
0.010983922654480758
0.010970692750613402
0.01092460074857032
0.010866476462899118
0.010813452295842673
0.010777475083046162
0.010765028900840266
0.010777837318803685
0.010814121042576633
0.010869913481307608
0.010939992216872814
0.011018149270211844
0.011096754131215948
0.011165803565914748
0.011211842991860307
0.011217239144597239
0.01116025797577187
0.011016257345129607
0.010760069705009003
0.010369374643356709
0.009828603927464409
0.009132739299316914
0.008290298178229967
0.007324873874806122
0.006274796747007787
0.005190776740634508
0.004131722377234552
0.003159244059676768
0.002331581570894782
0.0016978028550824857
0.00129308315694785
0.0011356973520809978
0.0012260767532495422
0.0015479471292763041
0.0020712385840935743
0.002756199058168353
0.0035579963943576415
0.004431081826351705
0.005332706999332293
0.006225208966843723
0.007076955913165542
0.00786212416979547
0.008559699756326613
0.009152222858555386
0.0096247993620276
0.009964792009377273
0.010162400536529177
0.010212088884771047
0.010114571199443157
0.009878878638677348
0.009523936722924667
0.009079109819203778
0.008583314065429153
0.008082538467063225
0.007625903583183233
0.007260675230808609
0.0070268832737131505
0.006952328111654434
0.00704876227748897
0.007309905904132658
0.007711710088409575
0.008214958756943253
0.008769948619173178
0.009322664359541604
0.009821624356388194
0.010224450258432188
0.010503232184160528
0.010647918709392527
0.010667234327156635
0.010586976255873189
0.01044591572423923
0.010289871348103398
0.01016478410530968
0.010109767106571335
0.010151108718538606
0.010298074524281331
0.010541101704118802
0.01085264487246643
