0.008982105525957622
0.008234789117022202
0.0073083604648154395
0.006276692728933478
0.0052255180999339484
0.0042414837280803945
0.003400923742250809
0.002759957650206868
0.002347369703705896
0.0021613398558648525
0.0021705375660242233
0.0023194382953293487
0.002537080323998444
0.002747949326583866
0.0028833471697261534
0.0028915261258521375
0.0027450655675043357
0.002444406092108357
0.002017066291219434
0.0015127510262908134
0.0009952051786080215
0.0005321674717902528
0.00018505330564628705
0.0
1.6446118833272905e-06
0.0001905211145709169
0.000544344793639592
0.0010228039973881001
0.0015749131468696803
0.0021475907075976146
0.0026939741507264847
0.003180090742618433
0.0035888428715931567
0.003920774007658533
0.004191662982049821
0.004427546090960598
0.004658192641332382
0.004910288982813192
0.005201584825468281
0.005537031846005719
0.0059075458210546845
0.006291527124483916
0.006658772602908963
0.0069759945604833985
0.007212901337563951
0.007347729473349652
0.0073712533677590605
0.007288602074937805
0.0071186228450788695
0.006890969296269646
0.006641479165108935
0.006406676090119483
0.006218340098615771
0.00609903170611231
0.006059245443639977
0.006096556605778767
0.006196772110075731
0.00633676778604447
0.006488446197034342
0.006623118262565744
0.006715610962289276
0.006747519749283841
0.0067092249279617445
0.00660053071895826
0.006430016181871476
0.006213367983214852
0.005971070208353876
0.0057258484426471285
0.005500214575016038
0.005314359330209908
0.005184522413990294
0.0051218654236548835
0.0051318025099207345
0.005213717891124088
0.0053610137195893815
0.005561470971000296
0.005797947934147799
0.006049463446721963
0.006292699507687309
0.006503905557101643
0.00666110263921214
0.006746389269566354
0.0067480683269174595
0.006662272186481823
0.006493781413727512
0.0062558180116308966
0.005968739281104693
0.005657739532412716
0.005349849848774241
0.005070672415684383
0.004841361418201252
0.004676345252798052
0.0045821709106072285
0.0045576571636574215
0.004595302972147053
0.004683657527173363
0.004810167483102841
0.004963916676192334
0.005137688796616974
0.005328916173307937
0.005539305813427255
0.005773214010602175
0.006035117230763371
0.006326741828323307
0.006644520790798667
0.006978014977682622
0.0073097690324190195
0.007616796343522007
0.007873554800189728
0.00805595134117343
0.008145665279382899
0.008133962454998062
0.008024214703089389
0.007832541002957091
0.00758631487407319
0.007320677226695596
0.00707357943615044
0.006880181326817213
0.006767580745962851
0.006750820420442241
0.0068309038634579876
0.006995191465305306
0.0072201068637551685
0.007475646322623973
0.007730835817479251
0.007959092153920039
0.008142456365894862
0.008273882015854866
0.008357140130308484
0.008404375244616789
0.008431822136933505
0.00845457641739782
0.008481526141811985
0.008511549531895871
0.008531860615970051
0.008518978405900924
0.008442281149724527
0.008269583211892148
0.007973740481744714
0.00753903760070853
0.006966090739561925
0.006274223367884964
0.005500703080507068
0.004696788327306915
0.003921121752247146
0.00323151169975197
0.0026764691024397155
0.0022879495909020717
0.002076571228603985
0.002030166523250526
0.002115956554343948
0.002286008366899756
0.002485068029370321
0.002659454065970974
0.0027655225116223737
0.0027763052547395556
0.002685258528157942
0.002506574539266898
0.002272110153294056
0.0020255622296679967
0.0018149665515892928
0.0016848392734725433
0.0016692794213593143
0.0017871172034501052
0.002039777813698732
0.002412018148473018
0.002875183547074336
0.003392218037905763
0.003923416858814406
0.004431870777592508
0.004887713020056622
0.005270597496557505
0.0055702387832900855
0.005785244063629531
0.005920783693941162
0.005985819935842536
0.005990615010803967
0.005945079552448557
0.005858244425497253
0.005738810367989462
0.005596427637506169
0.00544315092117236
0.00529445009078486
0.005169249773436621
0.005088699969113743
0.00507369533925478
0.005141491951267598
0.005302042264973102
0.005554818524741524
0.005886883135070396
0.00627278726681291
0.006676566104391191
0.0070557102262783986
0.007366604295123728
0.007570614886999163
0.007639842942205612
0.007561569493856234
0.00734061741203965
0.006999192632322069
0.006574192518532915
0.0061123970483207245
0.005664310243117715
0.005277629832858332
0.0049913556933094
0.004831400228976003
0.004808269526268159
0.004917003356247622
0.005139170556191147
0.005446389068848311
0.005804636457474409
0.006178569267685725
0.006535177320623516
0.006846329124516017
0.007090060196481082
0.007250748921608031
0.007318549909411037
0.007288565380602659
0.0071602111359284565
0.006937086726482329
0.006627429616583541
0.006244979736517964
0.005809869037906139
0.005349036716601766
0.004895688987973625
0.004487476846501799
0.004163328357165848
0.003959189293168156
0.003903227524976258
0.0040112721595277345
0.004283332668317493
0.0047019484171350965
0.005232862185757588
0.005828134219143158
0.00643138513032274
0.006984459481549103
0.007434517138899706
0.007740447087999565
0.007877586383070127
0.007840004207432645
0.007640028688030516
0.007305174320852707
0.006873079107930594
0.006385395765531701
0.005881735736404455
0.00539470880464706
0.004946847236409627
0.004549803557431548
0.004205746683390684
0.003910446426687515
0.003657219386112168
0.0034407734103145183
0.0032600590368555716
0.003119497102312213
0.0030283447659052286
0.0029984020261598215
0.0030406516340383107
