0.004410715192958879
0.00440936027942154
0.004293538054094613
0.004072259153699287
0.003771476389061817
0.0034298912067353554
0.0030929053324600182
0.0028056670402798693
0.0026062626751118135
0.0025200416044267836
0.0025558572484520297
0.002704699521463608
0.0029408381780296386
0.0032252476260244784
0.003510790304656951
0.003748432721783042
0.0038936736352102657
0.0039123784157018065
0.003785323684953614
0.0035109383634148836
0.0031059530978573228
0.00260391145219246
0.0020517283260033507
0.0015046838791946166
0.0010204000136385823
0.0006524508123454918
0.0004443012755722354
0.0004242460566898027
0.0006019306087431042
0.0009668843224650255
0.001489287766257273
0.0021229500941045945
0.002810211720262473
0.0034882415223901828
0.004096000506269635
0.004581026987245466
0.004905186679604464
0.005048636608292949
0.005011469450387273
0.0048128111500108026
0.004487498916140882
0.0040808167968916275
0.0036420560671896482
0.0032178477825288033
0.0028462505628636956
0.0025524562771280183
0.002346714538536872
0.002224713914867939
0.0021702530978251052
0.0021596580818289924
0.002167118042033523
0.0021699743202937567
0.002153029800188426
0.002111145209031006
0.0020497189220228113
0.0019830471407947235
0.0019309573397328027
0.0019144249995609293
0.0019510615132713321
0.002051365584703212
0.0022164605952778756
0.002437729523296915
0.0026983684501374543
0.002976487387055254
0.0032490723529732084
0.0034959501075603385
0.0037029037064486374
0.003863274266452957
0.003977716246541778
0.004052183775538514
0.004094629715945599
0.0041112115196412
0.00410294884030554
0.004063728442277493
0.0039803031158701764
0.0038345251411925066
0.003607567669284728
0.0032854158419239853
0.0028645519479316797
0.002356595999592459
0.0017907407755079047
0.0012131393279842433
0.0006829164651396217
0.00026509659093551866
2.135592048189798e-05
0.0
0.0002268374724608748
0.0006986049321746823
0.0013802825873872847
0.0022070679545511296
0.0030910353636488855
0.00393172680152444
0.004629230730826923
0.005097833770059311
0.00527816419560485
0.00514592301389801
0.00471579534457631
0.004039873221500706
0.00320077877395133
0.0023005103087986693
0.0014467026154086778
0.0007383844643205871
0.0002533662061248495
3.9093078731133185e-05
0.00010820946807234538
0.00043929980591441006
0.0009824378378490818
0.0016684293441878296
0.0024200976452415984
0.0031637205159093947
0.0038388122142285312
0.004404828392551057
0.0048439766042249815
0.005160026824058557
0.005373706101837102
0.005515809184591669
0.005619472666922481
0.005713099064591653
0.0058151858717033315
0.00593186839597662
0.0060574159025851265
0.006177338822320202
0.006273278619965822
0.006328547380650631
0.006333110152851243
0.0062869637594073656
0.006201221520551718
0.006096689679604339
0.006000224133897443
0.005939589708891866
0.005937829351093264
0.00600823837559283
0.0061509187889701115
0.006351589119009652
0.0065829067040088516
0.006808102381118208
0.006986316515077782
0.00707873336023482
0.007054486445940943
0.006895367319553782
0.0065985960191075645
0.006177257407805676
0.005658407049231531
0.005079231330537788
0.004481943769139714
0.003908265993960741
0.00339435669341327
0.002966921818406596
0.0026409964874709417
0.0024195829633906814
0.002295016879468691
0.002251669451966237
0.0022694179217262185
0.0023272520764985325
0.00240643213464651
0.0024927535387186785
0.0025776738356148863
0.002658275242128247
0.0027362340809568043
0.0028161134016100806
0.002903369024839207
0.0030024580395401988
0.0031153722796641546
0.0032408076052577103
0.003374048204705723
0.0035075187411643715
0.00363185629050433
0.0037372911220905367
0.0038151040483961514
0.0038589439567571445
0.0038658323277741546
0.0038367397185799126
0.0037766806756885174
0.00369432961586167
0.0036012061817908307
0.0035105135797601026
0.0034357391582066545
0.0033891454927233557
0.003380294044787944
0.0034147514846112285
0.0034931281228045147
0.003610584190946108
0.0037569086684459507
0.003917224750426639
0.004073307430347856
0.004205418261253284
0.004294480851887033
0.004324351732550151
0.0042838990762050265
0.0041685980503632526
0.00398139256743605
0.0037326576845448847
0.0034392154878458794
0.003122493345143364
0.0028060455474396007
0.002512765130952257
0.002262172681554676
0.0020681706348861634
0.001937591990839814
0.0018697589651832328
0.001857116951418985
0.0018868460740427092
0.0019432030622510863
0.002010234671571733
0.002074448654127814
0.0021270380895878275
0.002165327593344178
0.002193232990041774
0.0022206789363210157
0.0022620768527881517
0.0023341035765311133
0.0024531187486826686
0.0026326028681985213
0.0028809840558442676
0.0032001549396285666
0.0035848744215277147
0.004023120151360179
0.004497325842560797
0.004986321291788067
0.0054677064268938425
0.005920342842904585
0.006326640220670714
0.006674348600774008
0.0069576344305072625
0.007177309633949918
0.007340188294678274
0.00745765407517145
0.007543622557441232
0.007612166055191993
0.007675124616382084
0.007740047611969706
0.00780878928743007
0.007877016100503578
0.007934775577005122
0.007968133882409061
0.0079617271058335
0.00790191027116506
0.007780053323051561
0.0075954504675846655
0.007357300186242367
0.007085291328982418
0.00680849655147119
0.006562513394959044
0.0063850756934640315
0.006310641636974701
0.00636470116607298
0.006558687370176132
0.006886387511916987
0.007322610986079735
0.007824589907741519
0.008336195127912026
0.008794601578028995
0.009138603052856745
0.009317433604363509
0.009298767850114405
0.009074591488171213
