0.0023242181315291923
0.0022969321530151208
0.002270431346645937
0.002244788133095532
0.0022200744544403697
0.0021963614749625
0.0021737192795878413
0.002152216571162205
0.002131920367782845
0.0021128957014139057
0.0020952053190199642
0.0020789093874528392
0.002064065203323007
0.002050726909078226
0.002038945216498412
0.002028767138797434
0.0020202357324993064
0.0020133898502284124
0.002008263905520869
0.0020048876507271452
0.0020032859690346013
0.002003478681592938
0.002005480370675739
0.002009300219757537
0.002014941871328356
0.0020224033032065977
0.002031676724046784
0.002042748488671146
0.002055599033783692
0.002070202834552427
0.0020865283824700502
0.0021045381848260893
0.0021241887860442353
0.0021454308110579836
0.0021682090308158116
0.0021924624499243613
0.0022181244163547663
0.0022451227530536503
0.0022733799112167525
0.002302813144899953
0.0023333347065599367
0.002364852063035216
0.0023972681313979955
0.0024304815340287743
0.002464386872188867
0.002498875017291558
0.002533833419000634
0.002569146429215845
0.002604695640938723
0.0026403602409493807
0.0026760173751656895
0.0027115425255007965
0.0027468098969835792
0.0027816928138594773
0.002816064123346462
0.002849796605682822
0.0028827633890701524
0.002914838368086594
0.0029458966241220517
0.002975814846369012
0.0030044717518897066
0.003031748503272826
0.00305752912239086
0.0030817008987723766
0.0031041547911122855
0.0031247858204572097
0.0031434934536226427
0.003160181975423391
0.003174760848328962
0.0031871450581908755
0.0031972554447292946
0.0032050190155117346
0.003210369242206803
0.003213246337950752
0.0032135975147239235
0.0032113772196977596
0.0032065473495806684
0.0031990774420625175
0.0031889448435325407
0.0031761348523238753
0.00316064083681931
0.0031424643278370763
0.0031216150848021496
0.0030981111352974228
0.003071978787679771
0.003043252616538316
0.0030119754208656297
0.0029781981549069766
0.0029419798317475375
0.0029033873997926707
0.002862495592391184
0.0028193867509460502
0.002774150621950635
0.0027268841284809487
0.002677691116765473
0.00262668207854313
0.002573973850007096
0.0025196892882165243
0.0024639569259400783
0.0024069106059737516
0.0023486890960507305
0.002289435685532676
0.0022292977651394517
0.0021684263910378802
0.0021069758346691793
0.002045103119749172
0.0019829675479250417
0.001920730214616929
0.001858553516612079
0.0017966006530132765
0.0017350351211717885
0.0016740202092580692
0.0016137184871405255
0.0015542912972542982
0.0014958982471474274
0.0014386967053916827
0.0013828413025390909
0.0013284834387932835
0.0012757708000469183
0.001224846883912809
0.0011758505373471106
0.0011289155074279064
0.0010841700068121274
0.001041736295347887
0.0010017302792682775
0.0009642611293365459
0.0009294309192516507
0.0008973342855575306
0.0008680581102294405
0.0008416812270364009
0.0008182741527007389
0.0007978988437937868
0.0007806084802216612
0.0007664472760667586
0.0007554503184595113
0.0007476434350614832
0.0007430430906452212
0.0007416563131588279
0.0007434806495643645
0.0007485041516391829
0.0007567053918285159
0.0007680535091365423
0.0007825082849419168
0.0008000202485228753
0.0008205308119768146
0.0008439724341200348
0.0008702688128555047
0.0008993351054003972
0.0009310781756710581
0.0009653968680314168
0.0010021823065218443
0.00104131821859953
0.0010826812823388128
0.0011261414959608845
0.0011715625684871702
0.0012188023302397168
0.0012677131618453771
0.0013181424403386527
0.0013699330009010046
0.0014229236127224557
0.001476949467424515
0.001531842678442169
0.0015874327897267716
0.001643547292101651
0.0017000121455777659
0.0017566523059183705
0.001813292253728885
0.001869756524341737
0.0019258702367651553
0.001981459619970232
0.0020363525348019466
0.0020903789898169193
0.0021433716493737794
0.002195166332330751
0.0022456024997395936
0.002294523729964893
0.0023417781797030993
0.0023872190294262487
0.0024307049118308544
0.0024721003219328533
0.0025112760075145226
0.0025481093386985725
0.0025824846554982103
0.0026142935922691696
0.002643435378070737
0.0026698171120268866
0.002693354012865845
0.0027139696419062336
0.0027315960988500976
0.002746174189837274
0.0027576535673114904
0.0027659928413456877
0.002771159662172253
0.0027731307737627097
0.0027718920384004146
0.0027674384322889083
0.002759774012337125
0.0027489118543605117
0.0027348739630338463
0.002717691154026762
0.002697402908846506
0.002674057203003792
0.0026477103082064974
0.002618426569372179
0.002586278157333412
0.0025513447981898125
0.0025137134803367104
0.002473478140272737
0.002430739328356769
0.0023856038557484257
0.0023381844238256153
0.002288599237427006
0.002236971603316866
0.0021834295153140594
0.0021281052275661564
0.0020711348174832717
0.0020126577398746678
0.001952816373853619
0.0018917555640932512
0.0018296221580273255
0.001766564540595701
0.001702732168133954
0.0016382751030011304
0.0015733435505280646
0.0015080873998517268
0.001442655770178651
0.001377196563992497
0.001311856028687701
0.0012467783280727504
0.0011821051251433405
0.0011179751774774947
0.0010545239465519233
0.0009918832222217343
0.0009301807635441793
0.0008695399570617516
0.0008100794935909164
0.000751913064490221
0.0006951490783058674
0.0006398903986143155
0.000586234103800245
0.0005342712694250185
0.0004840867737551898
0.0004357591269337304
0.0003893603241883893
0.0003449557233821529
0.0003026039471208954
0.0002623568095430891
0.0002242592678260726
0.0001883493983534973
0.0001546583973993372
0.00012321060609557163
9.402355936368595e-05
6.710805840489612e-05
4.246826626056778e-05
2.0101825873234617e-05
0.0
