0.005878290755225642
0.005966277927976984
0.0060466572596166186
0.0061199673197767195
0.006186812427703137
0.006247845797799092
0.006303751988127215
0.0063552289830790835
0.006402970248715516
0.006447647100585287
0.006489891719087714
0.006530281136704882
0.00656932250484705
0.006607439925888114
0.006644963108575201
0.0066821180728293
0.006719020093551069
0.00675566903302381
0.006791947168547762
0.006827619576785947
0.006862337089734067
0.006895641790058176
0.006926974966601617
0.006955687404976703
0.006981051844142494
0.007002277388516736
0.0070185256272242095
0.007028928178237959
0.0070326053460489975
0.007028685557650814
0.007016325223505492
0.006994728658129665
0.006963167689258296
0.006921000585360989
0.006867689938635587
0.0068028191544105675
0.006726107217961373
0.006637421435787303
0.00653678787999969
0.006424399301135231
0.006300620315835875
0.006165989720752915
0.006021219831992785
0.005867192799622629
0.0057049538983491264
0.0055357018475983245
0.0053607762659676405
0.0051816424155044696
0.004999873439616013
0.004817130343790155
0.0046351400099116525
0.004455671572055137
0.004280511513562928
0.0041114378713918934
0.003950193953654872
0.0037984619896070113
0.003657837137764252
0.0035298022772345403
0.003415703999654283
0.003316730204435585
0.003233889678544274
0.0031679940140613844
0.0031196421827585203
0.0030892080473715606
0.003076831044813495
0.0030824102279371217
0.003105601800425976
0.0031458202248015894
0.003202242927277294
0.003273818566184642
0.003359278773885049
0.0034571532263933114
0.003565787841301943
0.003683365853895203
0.0038079314744219475
0.003937415787139048
0.004069664514650059
0.004202467239868861
0.004333587653160627
0.004460794374272416
0.004581891887870122
0.004694751128036753
0.0047973392510272835
0.004887748146863515
0.004964221258812838
0.005025178305133766
0.005069237529280824
0.005095235142527726
0.005102241666078441
0.005089574927490746
0.005056809517860333
0.00500378257086642
0.004930595781574636
0.004837613640908025
0.004725457919992164
0.004594998496212934
0.004447340668865387
0.004283809165818024
0.004105929092810784
0.003915404123046622
0.0037140922658961267
0.003503979589165885
0.00328715229892997
0.0030657676039395673
0.0028420238077657965
0.002618130080868167
0.0023962763666067104
0.002178603869838887
0.0019671765642922763
0.0017639541356243196
0.0015707667513269303
0.001389292016867028
0.0012210344402298465
0.0010673076849944982
0.0009292198459380919
0.0008076619317180607
0.0007032996872520145
0.0006165688348667292
0.0005476737590086466
0.0004965896051886899
0.00046306771075625653
0.0004466442339179505
0.0004466517989543065
0.00046223393060907487
0.0004923620098316642
0.0005358544470699797
0.0005913977386773519
0.0006575690471588751
0.0007328599272830019
0.0008157008077617706
0.0009044858323861843
0.000997597665210247
0.0010934318715169222
0.0011904204996728731
0.0012870545082856615
0.001381904707918702
0.001473640916509604
0.0015610490620100003
0.0016430460039839596
0.0017186918872749975
0.001787199884639901
0.0018479432306812784
0.0019004594957013868
0.001944452094454222
0.0019797890704072825
0.0020064992402772123
0.0020247658255489343
0.002034917736747242
0.0020374187117838307
0.0020328545412003855
0.0020219186400966867
0.0020053962485834477
0.0019841475594352042
0.001959090083036224
0.0019311805656064016
0.001901396777056519
0.0018707194797418071
0.0018401148790419075
0.0018105178413664635
0.0017828161452238616
0.0017578360068281561
0.001736329093854775
0.0017189612099466902
0.0017063027990227783
0.001698821382989424
0.0016968760097682916
0.0017007137513029432
0.0017104682540691964
0.0017261603082506898
0.0017477003667896284
0.001774892912584666
0.0018074425417395966
0.001844961603468143
0.0018869792134684079
0.0019329514376616142
0.001982272427432644
0.0020342862761235925
0.0020882993596412543
0.0021435929216854464
0.0021994356662441766
0.002255096126507627
0.002309854590021116
0.0023630143744487898
0.002413912266408124
0.0024619279570532388
0.0025064923319728667
0.0025470944990246148
0.002583287465415184
0.0026146924040986817
0.002641001478832196
0.0026619792264286667
0.002677462523320608
0.002687359190953658
0.0026916453202554275
0.0026903614190016707
0.002683607506904714
0.002671537301310825
0.00265435165120735
0.002632291388567622
0.0026056297737335503
0.0025746647154566045
0.0025397109463665066
0.002501092331065903
0.002459134476883082
0.002414157806746772
0.0023664712399355677
0.0023163666099160697
0.002264113929487787
0.002209957592412856
0.0021541135780749443
0.0020967677019611557
0.002038074930388589
0.001978159753406218
0.0019171175856940047
0.001855017142043941
0.0017919037121108881
0.0017278032390025378
0.0016627270883380234
0.001596677378997824
0.0015296527342150538
0.0014616543021639752
0.0013926918889662144
0.001322790044174525
0.0012519939393549851
0.001180374884351363
0.0011080353330910659
0.0010351132412272494
0.0009617856512901153
0.0008882713970676599
0.0008148328373262571
0.0007417765493420575
0.0006694529346338279
0.0005982547123265175
0.0005286142992684626
0.00046100009989870913
0.0003959117524353307
0.000333874400757161
0.00027543208292249
0.00022114034717369332
0.0001715582241154437
0.00012723969916271808
8.872484201907999e-05
5.653075960268842e-05
3.1142545283527594e-05
1.300440038758642e-05
2.5111035852664124e-06
0.0
5.743674704475343e-06
1.9943464835711286e-05
4.2723951040561994e-05
7.412855260243182e-05
0.00011411633169635489
0.00016256009112061666
0.00021924582694860537
0.00028387357326051894
0.00035605965090376116
