0.008972332572043166
0.008682498251443361
0.008469774055218314
0.008346211192962322
0.0083082225117906
0.008338040053231747
0.008407375938158428
0.00848270704363616
0.008531319798880456
0.008527108370651963
0.008455147925913389
0.00831426448943139
0.008117162659797639
0.007888094184733607
0.007658479941744321
0.007461258258535844
0.007324958250770674
0.007268546254379797
0.0072979565672476624
0.007404918548575364
0.00756828424641938
0.007757617554741373
0.007938407157887437
0.008077982524595004
0.008151094816842215
0.00814419216552595
0.008057657003217002
0.007905637043101627
0.007713524116737797
0.00751354020143249
0.0073392061978112925
0.007219642763524666
0.0071746572881897985
0.007211411580928199
0.007323174993700058
0.007490303505178091
0.00768321364220125
0.007866806113717645
0.008005589102601431
0.008068684291109917
0.00803397230292624
0.007890825278252352
0.0076411401254091
0.0072986736932568125
0.006886938197726838
0.006436099624440054
0.005979409099396997
0.0055496838997697116
0.0051762571886292815
0.004882664719650257
0.004685170625935991
0.004592089221952593
0.0046037623721079226
0.004713014812477943
0.00490592925052525
0.0051628416866113785
0.00545952920524981
0.005768619929436455
0.006061275963184772
0.006309174209728951
0.006486740199310703
0.006573493138434744
0.006556262450996259
0.006430966489690992
0.0062036281980596495
0.005890355064788188
0.0055161315700508595
0.005112445291772868
0.0047139632058233495
0.004354654897418092
0.004063886624855569
0.0038630545581816913
0.0037632718423099005
0.0037644758423422747
0.003856101350870005
0.004019210257569106
0.004229724144946083
0.00446221897761763
0.004693646576659171
0.004906365266426656
0.0050899904210203635
0.005241792115579174
0.005365632250384001
0.005469698368173678
0.005563506735734635
0.005654773171814389
0.005746763579803596
0.0058366355429836005
0.005915087632315553
0.005967381908345526
0.005975545447643485
0.005921337601135753
0.005789431724526216
0.005570227865008088
0.0052617903503589586
0.004870574438380418
0.004410834854725829
0.0039028515090713477
0.0033703177222094627
0.002837375109046312
0.0023258227375552902
0.001852971183240109
0.001430468912982031
0.0010642294389967182
0.0007553729631927103
0.0005019074811589289
0.00030074670350473554
0.00014961773318335463
4.845535898067698e-05
0.0
9.486505022189388e-06
8.349646571508343e-05
0.00022821141824718762
0.0004474180019560011
0.0007406598581811991
0.0011019002031078928
0.001518963417590279
0.001973885059009137
0.002444145417638607
0.002904620767687744
0.0033299824513829284
0.003697221327382958
0.003987977190779755
0.004190402185463238
0.004300368757328957
0.004321927419581593
0.00426700947670525
0.004154441599224675
0.004008386566065409
0.0038563488162172946
0.0037268916653813403
0.0036472148174010633
0.0036407448313657905
0.003724901991371846
0.003909222964310059
0.004194031997858642
0.004569852306885716
0.005017721136101198
0.005510507686835628
0.0060152308896820085
0.006496241827309074
0.00691899127585651
0.007253971697351133
0.007480333422498256
0.007588652084428116
0.007582384880937933
0.00747769924447802
0.007301574819898568
0.007088338434163387
0.00687505058297417
0.006696374843351416
0.006579686472934014
0.006541183649470668
0.006583643902661189
0.006696231537480592
0.006856443475671108
0.007033932185331734
0.007195624907481792
0.007311325697761667
0.007358885372616815
0.007328076965015853
0.007222516539465683
0.0070592898492856165
0.006866330732212883
0.006677980641707376
0.006529472423897198
0.0064512687401535465
0.006464211630304614
0.006576298461032435
0.006781614931315199
0.00706157807030526
0.00738823860662675
0.007729035004552665
0.008052144839703974
0.008331486921052778
0.008550505367773891
0.00870409937895215
0.008798406214073587
0.00884853646262401
0.008874728394687264
0.00889766555372513
0.008933839641367342
0.00899181625726262
0.009070081428245638
0.009156847664287333
0.009231836372370673
0.009269696065253345
0.00924442784014081
0.00913402170537544
0.008924486794033556
0.008612584808202253
0.008206821731805834
0.0077265694416023874
0.007199516499894426
0.006657926481379659
0.006134364330336297
0.0056576080237568625
0.005249390197909168
0.004922432445318061
0.0046799829827560875
0.004516796466753501
0.004421253834799358
0.004378152188986525
0.004371625463112266
0.004387691066663235
0.004416040871075059
0.004450875840527651
0.004490782535825797
0.004537826510946155
0.004596159844306534
0.004670488956887567
0.004764722247133726
0.0048810284744845375
0.0050194115957532676
0.005177776817304207
0.00535235543239361
0.005538294283332252
0.005730209151398458
0.005922546401562071
0.006109678459641723
0.006285753329119261
0.006444401683663279
0.006578456426797391
0.006679847002013348
0.006739793347123031
0.0067493523738791274
0.006700281591311724
0.006586101946089358
0.006403185320469013
0.006151674989401364
0.005836073475749862
0.005465394846580773
0.005052861931782712
0.004615212668253545
0.004171743415858778
0.003743245567571433
0.0033509791119536764
0.0030157777831220788
0.002757309587079205
0.0025934446422359375
0.0025396313430012304
0.0026081692014680528
0.002807300291837727
0.003140116793023715
0.0036033833820296995
0.00418647483690697
0.004870702320790796
0.00562932090958639
0.006428460392312264
0.007229100384648041
0.007990035132720834
0.008671573618166024
0.009239536735093992
0.009668986948691215
0.009947091080886466
0.010074592271608994
