0.009950963958237047
0.009809200944627769
0.009892068723035342
0.010155362455522073
0.010527607414643647
0.01092152410151452
0.01124805419636983
0.011430765923502803
0.01141837133191776
0.0111933696857808
0.010775436830453428
0.010219011370282988
0.009605447960241684
0.009030964489071078
0.008592263202197803
0.008372050799082455
0.0084266668689541
0.008777662272007186
0.009408516312091652
0.010266856860732858
0.011271689841664443
0.012324394105225032
0.013321712866603682
0.01416875009445025
0.014790082909677598
0.015137497458592549
0.015193466624460004
0.014970202116042174
0.01450480810369294
0.013851625729517907
0.013073203195121424
0.012231411906904927
0.011380058977813322
0.010559966999536978
0.009796982623489173
0.00910283213318027
0.008478260044748361
0.007917543853077661
0.007413322905752755
0.006960724809138397
0.006559996076574877
0.006217193262838039
0.005942896956096651
0.005749299361582423
0.0056463207487556675
0.005637583508811385
0.005717093001480831
0.005867346639430049
0.0060593454747784525
0.006254661778980119
0.0064093759650814056
0.006479390064935352
0.0064263973350317995
0.006223668316732838
0.005860815308431215
0.005346814896894895
0.004710782306897411
0.0040002714976082425
0.0032771848405080146
0.0026116782431720976
0.002074706830302942
0.0017300436400973663
0.001626698071128035
0.0017926502021857627
0.002230699965116852
0.0029170153876100623
0.003802671058925255
0.0048181255014329025
0.005880230924438836
0.006901042355144174
0.007797437428761929
0.008500410616867007
0.008962893628150307
0.009165089044227203
0.009116579847685498
0.008854865934837041
0.008440434001470975
0.007948929817830677
0.0074614066290085695
0.007053908928020325
0.006787769760494757
0.00670192711547776
0.006808303900895875
0.007090878757069662
0.007508559366592535
0.008001431237025352
0.008499474325202906
0.008932491348227102
0.009239829702124691
0.009378529177932624
0.009328782052114567
0.009096009807539223
0.008709374688016974
0.008217072415771912
0.007679211360016418
0.0071594026670708695
0.006716319322344419
0.006396415711229424
0.006228752491785852
0.006222493344656595
0.006367199247809837
0.006635618417619465
0.006988325663249178
0.00737935489214753
0.007761917475947964
0.008093402027315722
0.008339075638895016
0.008474201046415221
0.008484588108124485
0.008365854418545808
0.008121835884749368
0.0077626423088828205
0.007302798353128135
0.006759771646840765
0.006153007554137591
0.0055034104959265535
0.004833076629017726
0.004165020859969139
0.003522662512413946
0.0029289281886701697
0.0024049701117885656
0.001968645861126419
0.0016330219069026252
0.0014052173654679374
0.0012858794775402376
0.0012694806857487763
0.0013454693743662968
0.001500126646602538
0.0017188204697210305
0.001988243812339272
0.002298201427802386
0.002642579711998654
0.003019284850757211
0.0034291377028926096
0.003873928918662772
0.004354020431493258
0.004865991123637682
0.005400840445989016
0.005943178517252793
0.006471659647433978
0.006960690718748807
0.0073832096706225765
0.007714127740190852
0.00793390017609559
0.00803165714123
0.008007393506925477
0.007872867739274082
0.007651064847629652
0.0073742963894956335
0.007081201640839711
0.006813046289974825
0.006609770898028253
0.006506220650688268
0.006528906424130704
0.006693531939322181
0.007003403749676114
0.00744874692423009
0.00800689571540128
0.008643316805090529
0.009313439917144128
0.009965293095069595
0.010542940626343287
0.010990678114807476
0.01125784171073068
0.011303944580381777
0.011103689069421304
0.010651257550698357
0.009963204390537186
0.009079296576905562
0.008060805970923039
0.006986041613953546
0.0059432967570921405
0.005021815918983
0.00430178715646508
0.00384465326987756
0.0036851429791155996
0.003826305655170839
0.004238485575543255
0.004862631779723155
0.005617685452976107
0.006411125013128127
0.0071511968329746
0.007759022723962243
0.008178727600761708
0.0083839973193237
0.008380026357258962
0.008200562817770094
0.007900578520882403
0.007545839970413313
0.007201194361202904
0.006919609714510058
0.006733870465998945
0.00665234611863037
0.006659502822640441
0.00672094969834788
0.0067919651691700925
0.006827793381089526
0.006793664276062174
0.0066725425599176895
0.0064690474333697935
0.0062087292988463145
0.005932803460628886
0.005689350005604001
0.00552271646216088
0.0054632596080439275
0.005519549410512685
0.00567472448915932
0.005887909445680447
0.006100623930758965
0.0062471183770487606
0.0062667564510687735
0.0061160938433524785
0.005778278461336292
0.005267835571521059
0.004629730391406576
0.003932669657443734
0.0032577118766887563
0.0026841896691478205
0.0022755216234315715
0.0020675852496580037
0.002061906596819316
0.0022250633861335793
0.0024945515624801794
0.0027901435400767673
0.0030287028400174743
0.0031397217044005056
0.003078657232728545
0.0028355047953823437
0.0024369066965102383
0.0019412947508049942
0.0014278846117449593
0.0009815274112089777
0.0006762511231562709
0.000560625488255531
0.000647793290544701
0.0009121722364284768
0.0012935959070291
0.0017082577705724925
0.002064513464491654
0.0022806338892979315
0.002301173558403231
0.0021088148637134797
0.0017293420307366043
0.0012286476174941411
0.0007021503062240222
0.00025843044298577006
0.0
4.70379229790957e-06
0.0003111837840740076
0.0009111332393670788
0.0017498476523598924
0.002735067828682067
0.003752586575863843
0.0046858378312010715
0.005435940317229478
0.005938568270792254
