0.0007769453737060002
0.0006835400213980269
0.0005969375573611248
0.0005170485699803984
0.00044374441222160737
0.0003768636552025843
0.00031621884560433357
0.0002616034297144394
0.0002127987029510274
0.00016958064249717603
0.0001317264822500979
9.902089366930697e-05
7.126164325088526e-05
4.826460716333709e-05
2.9868035902655583e-05
1.5935976456831966e-05
6.36077616078274e-06
1.064610875079093e-06
0.0
3.1492917708657482e-06
1.0523123875475979e-05
2.2157886274337853e-05
3.811223476219653e-05
5.8462724854807264e-05
8.329865559211997e-05
0.00011271623140567642
0.00014681216691268123
0.00018567687400993177
0.00022938738262214984
0.0002780001556292205
0.00033154396462316965
0.0003900129960506351
0.0004533603568617878
0.0005214921449558279
0.0005942622424944962
0.0006714679796218095
0.0007528468024187642
0.0008380740622373733
0.0009267620241612817
0.0010184601705484496
0.001112656851795059
0.0012087823110335254
0.0013062130828945511
0.0014042777392065358
0.0015022639270802717
0.00159942661774982
0.0016949974583321085
0.0017881950938414852
0.0018782363038483815
0.001964347777574647
0.002045778333407838
0.0021218113741855223
0.002191777358488625
0.0022550660608722517
0.0023111383906694828
0.0023595375398756135
0.0023998992357296333
0.0024319608829531155
0.0024555693941032113
0.002470687523987564
0.0024773985453412305
0.0024759091276724396
0.0024665503089710567
0.002449776480404152
0.0024261623367049113
0.0023963977791548975
0.0023612807932875436
0.0023217083590963976
0.002278665486990704
0.0022332125073719683
0.002186470774880799
0.002139606979471495
0.0020938162849271956
0.0020503045406825337
0.002010269834373215
0.001974883669939285
0.0019452720689933584
0.0019224969012227129
0.0019075377526003188
0.001901274637995095
0.001904471857344758
0.0019177632819249038
0.001941639339545799
0.001976435944953944
0.002022325594616305
0.002079310813811459
0.0021472201090113243
0.0022257065404470366
0.002314248989111821
0.002412156149913008
0.0025185732389364987
0.002632491358551123
0.002752759420096721
0.0028780984809113302
0.003007118311196114
0.003138335967406084
0.0032701961131723317
0.003401092796843981
0.0035293923671649925
0.0036534571858851776
0.003771669778682124
0.0038824570539920267
0.0039843142134725045
0.004075827978011028
0.004155698759510875
0.004222761421091287
0.00427600428668602
0.004314586085070126
0.004337850542745246
0.004345338374433664
0.0043367964586486785
0.004312184028323678
0.004271675752126347
0.00421566163013175
0.004144743677207029
0.0040597294179668154
0.003961622267667674
0.0038516089230928767
0.0037310439355134587
0.003601431683398901
0.003464406004927435
0.003321707788797345
0.0031751608557135376
0.00302664649163771
0.0028780770169473347
0.002731368792643096
0.0025884150753679963
0.0024510591370521403
0.002321068062380413
0.00220010762801177
0.002089718651685495
0.0019912951772669426
0.0019060648337535183
0.0018350716727220562
0.0017791617501843682
0.0017389716759467868
0.0017149203070330819
0.0017072037122828182
0.0017157934836830294
0.0017404384171708402
0.001780669532421626
0.001835808348382879
0.0019049782798927347
0.001987118971477771
0.002081003338165281
0.0021852570406296883
0.0022983800839186225
0.0024187701959946326
0.0025447476149228535
0.0026745808921794243
0.0028065133045947974
0.0029387894591185637
0.0030696816730260276
0.0031975157173957346
0.003320695523573469
0.003437726470691821
0.00354723689681845
0.003647997506540119
0.0037389383832393654
0.0038191633543849654
0.0038879615021589313
0.003944815658940921
0.0039894077767715225
0.0040216211110887246
0.004041539210920458
0.004049441759456582
0.004045797359655796
0.004031253408427266
0.004006623249157275
0.003972870835170183
0.003931093175422161
0.0038825008677007295
0.0038283970532992395
0.0037701551501023306
0.003709195737903008
0.0036469629803266403
0.0035849009718225584
0.0035244303957704154
0.0034669258709186463
0.0034136943483150956
0.003365954899901691
0.0033248202134195937
0.0032912800766958425
0.003266187098327716
0.0032502448718901636
0.003243998747770433
0.0032478293313375245
0.003261948779173166
0.0032863999173391393
0.003321058157954631
0.0033656361435219265
0.0034196910032645604
0.0034826340629903812
0.0035537428103765306
0.00363217488175039
0.00371698380499387
0.0038071362066343086
0.0039015301699196255
0.003999014415030396
0.004098407962778692
0.004198519939300952
0.004298169181383006
0.004396203310068871
0.004491516953906689
0.004583068822284746
0.004669897353422228
0.004751134690234948
0.004826018769949264
0.004893903349375825
0.004954265826511588
0.00500671275990352
0.0050509830292404904
0.005086948623183967
0.005114613082743455
0.00513410766979878
0.005145685369942659
0.005149712875972882
0.005146660732463102
0.005137091852302108
0.0051216486424013755
0.005101038997496071
0.005076021437756324
0.005047389677526983
0.005015956918763428
0.004982540163563985
0.004947944835650701
0.004912949990850781
0.004878294381806097
0.004844663622602906
0.004812678675166299
0.004782885851577269
0.004755748495485244
0.004731640472101796
0.004710841560513802
0.004693534804921889
0.0046798058435883975
0.004669644196472827
0.004662946455440637
0.004659521285236029
0.004659096109762383
0.004661325327226509
0.00466579986993247
0.004672057900453157
0.004679596415987858
0.004687883517276673
0.004696371087749621
0.0047045076228116565
0.004711750948384017
0.004717580572025981
0.004721509419042938
0.004723094719752586
0.00472194783224977
0.004717742807219864
0.0047102235271662875
0.004699209281338079
0.004684598669112458
