0.006812396414401912
0.00714748278447592
0.007367410848759621
0.007482974361991721
0.00751347962137788
0.007481635208396741
0.007408352685500628
0.007308478862869891
0.007188271221018628
0.007045065870894679
0.006869142185649571
0.006647345914753397
0.006367678629282692
0.006023864294106547
0.005618902057491828
0.005166808812517585
0.004692108604339958
0.004227070472589505
0.0038071458138618673
0.003465423381117035
0.003227132619314585
0.0031052416297138855
0.0030980099285071506
0.003189002492511116
0.0033496170223599533
0.0035437073168948464
0.003733491725435058
0.0038856923290936703
0.003976804643244659
0.003996558352199369
0.003948966490004665
0.0038508094965084834
0.003727876297945987
0.0036096966944483715
0.003523770075654383
0.0034903744226029375
0.00351891325516233
0.0036064525757357026
0.0037386749907719896
0.0038930164193754
0.004043340728632176
0.004165226962624121
0.004240844431675422
0.004262489090559953
0.004234128310277163
0.004170694689130559
0.0040953049507943245
0.004034972366280033
0.004015655422625233
0.004057590870371612
0.004171778936406712
0.004358242191762115
0.004606319317433002
0.004896854231272934
0.005205779676808572
0.005508342943965628
0.005783127090949986
0.006015098711244041
0.006197142983365627
0.0063298782554565974
0.006419905892242565
0.006476971441024713
0.006510725309895309
0.0065278332196702805
0.006530088267524246
0.006513940370277578
0.006471536283334849
0.006393023056108102
0.006269581782026006
0.006096487421586171
0.005875470940160239
0.005615797112692359
0.005333737592236306
0.005050459645565735
0.004788695779078828
0.004568836157886439
0.004405235247878829
0.004303512762427158
0.004259455435503155
0.004259822024264279
0.004284977884637301
0.00431291158280013
0.0043238892959792975
0.0043048441908226055
0.004252612297861149
0.004175315055056601
0.004091519181716295
0.004027216477783381
0.004011082690376466
0.004068817116467024
0.004217567664491508
0.004461469827306052
0.004789165668004374
0.005173848001075334
0.005575951948339832
0.005948165749726725
0.006242034277339007
0.006415151189508446
0.006437825704979866
0.006298183933119047
0.006004906572296989
0.005587170164594418
0.005091784079863156
0.0045779287531113955
0.004110236689731072
0.003751167345487431
0.0035536853051301056
0.0035551600925288014
0.00377319158202575
0.00420377103440913
0.004821866145889427
0.005584219310196815
0.006433911347783864
0.0073060920780016764
0.00813422031902777
0.008856179342311019
0.009419718638889081
0.009786793673722299
0.009936508515212597
0.00986649484746939
0.009592676791283304
0.009147474333781928
0.00857659438060773
0.00793465365258289
0.007279974268667317
0.0066689863695679
0.006150750207245325
0.005762154456962088
0.005524338113656488
0.005440804263302852
0.005497539116880437
0.005665226849491861
0.005903383391644355
0.006165957214599793
0.006407707132479569
0.00659051090488342
0.006688719487879285
0.006692768316607478
0.006610484384389418
0.006465857394120045
0.0062954255340167175
0.006142799285200188
0.0060521459899912575
0.006061629601543722
0.006197810665281994
0.00647185553409967
0.006878105368400268
0.007395165171547084
0.007989258993095208
0.008619232600636259
0.009242333883023446
0.009819807644344758
0.010321419637664916
0.01072825691064688
0.011033491305585242
0.011241174085655127
0.011363479177582434
0.011417064952426292
0.01141933461093712
0.01138532689156466
0.011325777644445333
0.011246602798010425
0.011149727407578698
0.01103489275728449
0.01090187447724196
0.01075247909625702
0.010591765203415517
0.010428138302213508
0.01027224888680634
0.010134918217420942
0.010024559840652925
0.009944702571275742
0.009892221102875992
0.009856742438603693
0.009821449315070776
0.009765199562222987
0.009665589645755666
0.009502376629893255
0.009260584640078687
0.008932681603847904
0.008519409012036641
0.008029140077163304
0.0074759658357653955
0.00687699143674034
0.006249500236329691
0.005608667697326122
0.004966369564372829
0.004331355028509646
0.0037107037002313183
0.0031121342165217726
0.002546465533907199
0.0020294185840992037
0.0015820247349075402
0.001229176189517879
0.0009962666943570475
0.000904347211873947
0.0009646582084573817
0.0011736954453514382
0.0015100391409189843
0.0019339874365985163
0.0023905969587317607
0.002816112358200347
0.003147073477009257
0.0033307582766482838
0.0033351857715582436
0.0031567715292294494
0.0028239528675676534
0.002395669801920125
0.0019544210305093936
0.0015945747104840124
0.001407530230286922
0.0014660250733203295
0.0018102154778856525
0.0024380452231502416
0.0033018461908380196
0.004312163865910081
0.005348620816635173
0.006276420844179781
0.0069660699126495185
0.007313237038259727
0.007255529138124269
0.0067833529443682644
0.005942932573195827
0.004830801404708148
0.003580483076220767
0.002343379358407427
0.0012668647984759944
0.0004730742732975135
4.176988229007139e-05
0.0
0.0003201290614266326
0.0009264168588930897
0.0017089033604996652
0.0025421561971480777
0.003305670037664075
0.0039025001996845785
0.004273097085960352
0.004402208406262395
0.004317966715801432
0.004083654266759834
0.0037838902190492326
0.003507897098584979
0.0033329192277377832
0.003310723063655932
0.0034594475146931328
0.0037620241925109084
0.0041711533872005975
0.0046196309245840166
0.005033890203657855
0.005348115870720586
0.005516281966093436
0.0055199538356435545
0.005370564872802755
0.005105962440039507
0.004782103327536031
0.004461664025008278
