0.001081923390832176
0.0011549775681950097
0.0012300975051370094
0.0013073623874959044
0.0013867996907438122
0.0014683796407090263
0.0015520109060058798
0.0016375376248049557
0.0017247378422141232
0.0018133234066670186
0.001902941344854516
0.001993176705430288
0.00208355683252645
0.002173557001580807
0.0022626073226433762
0.0023501007907150272
0.0024354023392627747
0.002517858732301796
0.0025968091127326364
0.002671596010316398
0.002741576602041889
0.002806134010899894
0.0028646884263725256
0.0029167078313370293
0.002961718125564642
0.002999312445481229
0.0030291594931881717
0.0030510107046878717
0.003064706107519204
0.0030701787412224777
0.0030674575398031197
0.0030566686031817964
0.003038034813999417
0.0030118737865504662
0.0029785941654884166
0.002938690322712201
0.002892735530932071
0.0028413737212651777
0.0027853099592850465
0.0027252997987333325
0.0026621376941255463
0.002596644672321351
0.002529655478417711
0.0024620054227557178
0.0023945171631745824
0.002327987659737968
0.0022631755379142198
0.0022007890906077248
0.002141475139587324
0.002085808962891506
0.0020342854769369962
0.0019873118406173135
0.0019452016240180886
0.0019081706569241406
0.0018763346425304875
0.0018497085902215423
0.001828208088510929
0.001811652405825575
0.0017997693733738597
0.001792201971464976
0.0017885165089446084
0.0017882122554629379
0.0017907323586487276
0.001795475853443737
0.0018018105493233336
0.0018090865633038262
0.0018166502528627255
0.0018238582934524089
0.0018300916403719352
0.0018347691144979205
0.001837360355802274
0.0018373978976581667
0.0018344881285276872
0.0018283209255264038
0.0018186777662839338
0.0018054381511049438
0.0017885841962536272
0.0017682032907482292
0.0017444887428204772
0.0017177383775853056
0.0016883510838638818
0.0016568213448710906
0.0016237318239699795
0.001589744112263942
0.0015555877788084936
0.0015220478960676796
0.0014899512423394165
0.001460151408697642
0.0014335130600698358
0.0014108956179719385
0.0013931366458147358
0.0013810352263095025
0.0013753356241506995
0.0013767115257399803
0.001385751141226557
0.0014029434426501264
0.0014286657956473067
0.0014631732212691908
0.0015065894992850192
0.0015589002953198584
0.0016199484617655923
0.0016894316271489616
0.0017669021511235363
0.0018517694831025017
0.001943304922424945
0.0020406487375290955
0.0021428195615787555
0.0022487259430380513
0.002357179892482645
0.0024669122321144096
0.002576589522614769
0.0026848323136839892
0.002790234440367267
0.002891383067492255
0.0029868791695934925
0.0030753581238505794
0.0031555100890092074
0.00322609984408654
0.0032859857668948445
0.0033341376439673274
0.0033696530201656324
0.003391771817830383
0.0033998889814614384
0.0033935649341641314
0.0033725336659807745
0.003336708311191837
0.0032861841111127012
0.003221238700182992
0.0031423296955665255
0.0030500896133521787
0.00294531817706141
0.002828972125823459
0.002702152669585458
0.002566090776421357
0.002422130511767163
0.0022717106806672896
0.0021163450513517154
0.001957601461228209
0.0017970801242943426
0.0016363914717573602
0.0014771338650892924
0.0013208715227216845
0.0011691129980718694
0.0010232905376547743
0.000884740633824702
0.0007546860674514876
0.0006342197118889492
0.0005242903413416426
0.0004256906546505863
0.00033904769013309464
0.0002648157690135638
0.00020327206480024243
0.0001545148543606093
0.00011846446410753776
9.486688232343142e-05
8.32999669104354e-05
8.31821374388717e-05
9.378340192538887e-05
0.00011423853292333677
0.00014356217482109843
0.00018066563523466196
0.00022437508850027869
0.0002734508989022102
0.0003266077557135302
0.00038253530160680055
0.00043991893064424014
0.0004974604319346423
0.0005538981601116353
0.0006080264239230826
0.0006587137992208814
0.0007049200922204378
0.0007457117027029683
0.0007802751644374289
0.0008079286710186318
0.0008281314290197876
0.0008404907162650702
0.0008447665605336266
0.0008408739924823964
0.0008288828653823005
0.0008090152727632115
0.000781640632630832
0.0007472685429483947
0.000706539546995327
0.0006602139784918409
0.0006091590845308625
0.0005543346489625644
0.000496777359571351
0.0004375841788794759
0.00037789499048818955
0.00031887480038555755
0.00026169577554668
0.00020751940044272865
0.00015747902585188257
0.00011266307379514614
7.409914774053725e-05
4.273927873401501e-05
1.944651618814193e-05
4.9830471059966915e-06
0.0
5.029060180804278e-06
2.0475991965904867e-05
4.661613123501784e-05
8.359187919160802e-05
0.00013141219572877978
0.00018995405898356314
0.00025896582701761194
0.00033807240857691885
0.00042678212301457087
0.0005244951051206141
0.0006305130891540645
0.0007440503881191244
0.0008642458695171851
0.0009901757176189855
0.0011208667648543974
0.0012553101712591396
0.0013924752310315166
0.0015313230890548638
0.001670820157588706
0.0018099510340182684
0.0019477307343207736
0.002083216073449542
0.0022155160428045067
0.0023438010559638242
0.002467310956483412
0.002585361705395411
0.002697350690606778
0.00280276062526702
0.0029011620268930057
0.002992214293177437
0.003075665413551883
0.003151350377339641
0.0032191883593661883
0.00327917878188121
0.0033313963673183497
0.0033759853095554513
0.00341315270176991
0.00344316136659547
0.003466322239016531
0.003482986454277689
0.0034935372920866666
0.003498382124646908
0.003497944509719533
0.0034926565611760364
0.0034829517185960106
0.00346925802465754
0.0034519920046595215
0.0034315532268267314
0.0034083196054184263
0.003382643491437561
0.003354848578271484
0.003325227632234358
0.003294041041062193
0.003261516157255473
0.003227847398067755
0.003193197050172508
0.003157696714841115
