0.0029648859139993033
0.002954490112767051
0.002943865579651808
0.002933008476519145
0.0029219160230428576
0.0029105865792558804
0.002899019721500182
0.002887216311340095
0.002875178557035894
0.0028629100672085627
0.002850415896362546
0.002837702581970687
0.0028247781728643045
0.0028116522487113948
0.002798335930406994
0.0027848418812416813
0.0027711842987568833
0.0027573788972388093
0.00274344288084642
0.0027293949074125223
0.00271525504300079
0.0027010447073450247
0.0026867866103400563
0.0026725046797962636
0.002658223980711493
0.002643970626355019
0.0026297716814980073
0.002615655058163433
0.002601649404305506
0.0025877839858641483
0.0025740885626738073
0.0025605932587377507
0.002547328427408821
0.0025343245120452505
0.002521611902735554
0.0025092207897094506
0.002497181014072246
0.0024855219165179627
0.0024742721846916765
0.0024634596998839562
0.002453111383749865
0.00244325304575173
0.0024339092320286746
0.002425103076396785
0.002416856154181662
0.002409188339580082
0.0024021176672394296
0.002395660198732641
0.002389829894592508
0.002384638492552464
0.0023800953926214384
0.002376207549598065
0.0023729793736045742
0.0023704126391931673
0.0023685064035476365
0.0023672569342706156
0.0023666576472121796
0.002366699054758759
0.0023673687249625344
0.0023686512518509176
0.0023705282372133724
0.00237297828411904
0.002375977002373424
0.0023794970260760176
0.0023835080433933513
0.0023879768386137513
0.002392867346501208
0.002398140718916489
0.0024037554036240357
0.002409667235153605
0.0024158295375361
0.002422193238683917
0.002428706996137506
0.002435317333851951
0.0024419687896503977
0.002448604072925296
0.0024551642321238385
0.0024615888315108877
0.0024678161366612134
0.0024737833080932777
0.0024794266024191123
0.002484681580349409
0.0024894833208596884
0.0024937666407927137
0.002497466319144095
0.002500517325252575
0.002502855050093784
0.002504415539856527
0.0025051357309638727
0.00250495368568768
0.0025038088274946533
0.0025016421752547782
0.0024983965754388844
0.002494016931431411
0.0024884504290869905
0.0024816467576653863
0.0024735583252885342
0.002464140468075973
0.002453351652130753
0.002441153667566918
0.0024275118137919182
0.002412395075282565
0.0023957762871215315
0.0023776322895926903
0.002357944071167661
0.002336696899252838
0.002313880438105576
0.0022894888533701307
0.0022635209027281698
0.0022359800122050584
0.0022068743377214924
0.0021762168115303116
0.002144025173230109
0.002110321985100676
0.0020751346315598294
0.002038495302596913
0.0020004409610947654
0.0019610132940091536
0.0019202586474323792
0.0018782279456256148
0.0018349765941624958
0.0017905643673842356
0.001745055280423873
0.001698517446113997
0.001651022917148187
0.0016026475139212868
0.001553470638527221
0.001503575075445251
0.0014530467794960694
0.0014019746516978026
0.0013504503036986483
0.001298567811507295
0.0012464234592843037
0.0011941154739971917
0.001141743751778658
0.0010894095768614392
0.0010372153339941897
0.0009852642152706195
0.0009336599223288054
0.0008825063648988237
0.0008319073566947863
0.000781966309661701
0.0007327859275984155
0.0006844679001851138
0.000637112598447352
0.0005908187726885211
0.0005456832539187681
0.0005018006598008923
0.00045926310612254707
0.00041815992478918314
0.0003785773893137806
0.00034059844875730053
0.0003043024710483915
0.0002697649965818919
0.00023705750296350607
0.0002062471817325794
0.0001773967278564069
0.00015056414274803318
0.00012580255151522536
0.00010316003510136337
8.267947792954208e-05
6.4398431609406e-05
4.834899521232979e-05
3.4557712564658484e-05
2.3045486951094648e-05
1.3827513561102175e-05
6.913229950671236e-06
2.306284730056035e-06
4.524625544892469e-09
0.0
2.2789888531483254e-06
6.822039258622906e-06
1.360403013074855e-05
2.2594250150282345e-05
3.375649461502279e-05
4.7049179918543784e-05
6.242547529859872e-05
7.983345143614592e-05
9.921624542674409e-05
0.0001205122415883391
0.00014365526751367475
0.0001685748047216243
0.00019519621321002615
0.00022344096916330396
0.0002532269150214068
0.0002844685210724985
0.00031707715769074157
0.00035096137730239885
0.0003860272051285608
0.00042217843772123106
0.0004593169482813354
0.0004973429977226263
0.0005361555504244738
0.0005756525935992859
0.0006157314591868598
0.0006562891471783077
0.0006972226492664815
0.0007384292717179963
0.0007798069563640061
0.000821254598612903
0.0008626723613979991
0.0009039619839870184
0.0009450270845978259
0.0009857734557861106
0.0010261093515958782
0.0010659457654921718
0.0011051966981276045
0.0011437794140298733
0.001181614686336189
0.0012186270287425209
0.0012547449138804716
0.0012899009773823752
0.001324032206945586
0.001357080115759835
0.001388990899716687
0.0014197155778774258
0.001449210115734777
0.001477435530864798
0.001504357980627472
0.0015299488316380897
0.0015541847107960211
0.0015770475377227975
0.0015985245385272255
0.0016186082408814347
0.0016372964504579445
0.0016545922088438908
0.0016705037331141695
0.0016850443373102272
0.0016982323361353544
0.001710090931240299
0.0017206480805346776
0.0017299363510197617
0.0017379927556965037
0.0017448585751590174
0.0017505791645378412
0.001755203746509069
0.0017587851911345957
0.0017613797833451665
0.001763046978921396
0.0017638491498683832
0.0017638513201167305
0.0017631208925166435
0.0017617273681221734
0.0017597420587894352
0.0017572377941357503
0.0017542886239260388
0.001750969516968234
0.0017473560576111654
0.001743524140946033
0.0017395496678162987
0.0017355082407406156
0.001731474861849192
0.0017275236339258113
0.0017237274656356763
0.0017201577820032494
0.001716884241184501
