0.004842497761783356
0.004940600116667264
0.005033355086926462
0.0051199014318484455
0.005199374219194572
0.005270918068084841
0.00533370094005078
0.005386928238529806
0.005429856965707178
0.005461809678740692
0.005482187985210326
0.005490485320216324
0.005486298754915011
0.005469339598353395
0.005439442571076344
0.0053965733498836784
0.005340834307978208
0.005272468303163167
0.005191860398244041
0.005099537431830164
0.004996165393729423
0.004882544596457836
0.004759602672387912
0.004628385464060661
0.004490045912505345
0.004345831084374243
0.004197067512651307
0.00404514505700888
0.0038914995179827818
0.0037375942634837074
0.003584901146295197
0.0034348810067306532
0.003288964065218547
0.0031485305150262457
0.0030148916254792006
0.002889271660837355
0.002772790909503317
0.002666450102599893
0.0025711164804039627
0.002487511739983498
0.0024162020680629642
0.0023575904301239656
0.00231191125058597
0.002279227580218269
0.002259430806369443
0.0022522429198615647
0.0022572213102047107
0.002273766018876564
0.0023011293395136445
0.002338427614692887
0.002384655042234881
0.002438699270283862
0.002499358530413421
0.0025653600322074676
0.002635379321637737
0.0027080602894853515
0.0027820355053303444
0.0028559465474613994
0.002928463999542659
0.002998306791019876
0.0030642605699587183
0.0031251948140890652
0.0031800784079904416
0.003227993441214122
0.003268147013231538
0.003299880865884546
0.0033226787018824913
0.003336171088179039
0.0033401378850593405
0.003334508184734418
0.003319357786415031
0.0032949042774570326
0.0032614998314782154
0.00321962187360896
0.0031698617995569015
0.003112911968288887
0.00304955121727066
0.0029806291738358427
0.002907049655940618
0.0028297534699467932
0.002749700921906465
0.002667854361938257
0.0025851610786328245
0.0025025368520526585
0.00242085045994982
0.0023409094125675747
0.0022634471671669127
0.0021891120446654493
0.002118458038016296
0.0020519376657827425
0.001989896985439136
0.0019325728399577427
0.0018800923689727372
0.00183247477301787
0.0017896352767965084
0.0017513911959416077
0.0017174699720208845
0.0016875190033704055
0.0016611170653845434
0.0016377870837812514
0.001617009998659785
0.001598239436355051
0.0015809168905623547
0.0015644871042566218
0.0015484133397584143
0.0015321922259969253
0.0015153678795728578
0.001497545009509011
0.0014784007343665076
0.001457694864370203
0.0014352784299035898
0.0014111002706875273
0.0013852115365557405
0.0013577679903210463
0.0013290300450705438
0.0012993605115718372
0.0012692200755213261
0.0012391605683087757
0.0012098161379973454
0.0011818924685250165
0.0011561542339501168
0.001133411010159486
0.0011145018981577794
0.0011002791402520255
0.0010915910326084956
0.0010892644543483887
0.0010940873442224146
0.0011067914607225525
0.0011280357601221882
0.0011583907193643567
0.0011983239170360591
0.0012481871660796732
0.0013082054667136614
0.001378468017681112
0.0014589214889284584
0.0015493657197388593
0.0016494519638824594
0.0017586837582420297
0.0018764204444227282
0.002001883324892863
0.0021341643870857628
0.0022722374814877176
0.0024149717939019777
0.0025611474086510736
0.0027094727192584697
0.002858603406883045
0.0030071626751482076
0.003153762403615408
0.003297024861513914
0.00343560460887122
0.0035682102041997444
0.003693625336582438
0.0038107290054409174
0.003918514383425663
0.004016106016579075
0.00410277504091348
0.0041779521254289315
0.004241237887874902
0.004292410570643107
0.004331430809383493
0.0043584433755043395
0.004373775824827567
0.004377934037449713
0.004371594687400744
0.004355594734070371
0.004330918079655877
0.004298679587160448
0.004260106700849654
0.004216518954714239
0.004169305693607432
0.004119902365615717
0.004069765772261452
0.004020348684798863
0.003973074249734192
0.003929310614473299
0.0038903462044935482
0.0038573660765934877
0.0038314297586613446
0.0038134509652150445
0.003804179550017578
0.003804186022795006
0.003813848917023706
0.0038333452505534193
0.003862644271228997
0.003901504626480855
0.003949475039951089
0.00400589852053819
0.004069920070741734
0.004140497802850731
0.004216417314327774
0.004296309118663088
0.004378668875942303
0.004461880119276377
0.004544239129904453
0.00462398157594651
0.004699310498107558
0.004768425200672331
0.004829550588321344
0.004880966478968498
0.0049210364201658415
0.004948235541712126
0.0049611769898793255
0.004958636508945832
0.004939574763183028
0.0049031570266474395
0.0048487699085355785
0.004776034827809909
0.004684818001555843
0.004575236766254397
0.004447662108959392
0.004302717345305932
0.004141272942366752
0.003964437545614027
0.0037735453296323814
0.0035701398507747666
0.003355954635698189
0.0031328907917490497
0.0029029919726383615
0.0026684170749826258
0.002431411077401823
0.002194274463378853
0.0019593316915201046
0.001728899191860357
0.0015052533741927443
0.0012905991339716549
0.0010870393331563375
0.0008965457175855315
0.0007209317093756552
0.0005618274828110335
0.0004206576957539816
0.00029862220635707
0.00019668005751493581
0.0001155369598365521
5.563644880455902e-05
1.7154834124575094e-05
0.0
3.814055163934172e-06
2.7979771932936867e-05
7.163069527951456e-05
0.00013366474688761808
0.00021276109625110312
0.00030740002193628633
0.0004158854419223845
0.0005363697531411511
0.0006668805875493567
0.0008053490657713527
0.0009496391099202005
0.0010975773649052295
0.0012469832725021668
0.0013956988447192693
0.001541617692438605
0.0016827128817281595
0.0018170632132757842
0.001942877549652858
0.0020585168500373537
0.002162513611987435
