0.006286583720302394
0.00684062339926741
0.007222677848284664
0.007378434213121511
0.007286944501347001
0.006963223506241189
0.006455440659473869
0.005837279485131942
0.00519677056323248
0.004623405176082451
0.004195535915396608
0.003969948086874085
0.003975074918624398
0.004208708063488092
0.004640330041158351
0.0052174852212594335
0.005875020110189513
0.006545645928791041
0.0071701534642612365
0.007705746650308317
0.008131322099790502
0.008449040031207725
0.008682121595335513
0.008869377495447143
0.009057440854548002
0.009291981471222446
0.009609284228630298
0.010029476787319979
0.010552414335555343
0.011156818448163774
0.011802784372699455
0.012437283766500926
0.013001862839612313
0.013441423550494113
0.01371281643738903
0.013791986622058137
0.01367859711210323
0.01339738289134327
0.012995924707089957
0.01253901871476007
0.01210029529558708
0.011752144676296525
0.011555282344563102
0.011549391535111378
0.011746191429345767
0.012126001032677237
0.012638429074153697
0.013207273105880681
0.013739128279468632
0.014134669659299007
0.014301161232484701
0.014164525850082935
0.013679323961279903
0.012835242836274418
0.011659163212655033
0.010212484063395404
0.008584059679786439
0.0068797347959124715
0.005209954414180866
0.003677196069143327
0.0023649774907593935
0.0013299280998114353
0.0005979186838224624
0.00016459871694795604
0.0
5.624228512179051e-05
0.00027692438322209165
0.0006065773855191666
0.0009986275581214598
0.0014206495774668456
0.0018562246815503319
0.0023033564484772474
0.0027700245894020157
0.0032679620807562386
0.0038060335928639614
0.004384622954763016
0.004992202085339393
0.005604799922206824
0.006188504090900425
0.006704521241507785
0.007115808592577577
0.007393966008371429
0.007525005886637976
0.007512811094406142
0.0073795132735373055
0.007162596163635583
0.006909144071216461
0.0066681990328099315
0.006482559793842955
0.00638148210623296
0.006375598975715398
0.006454996906649756
0.006590830041211903
0.006740229805455154
0.006853686926347628
0.006883650219774832
0.0067928789421692875
0.0065611373949519035
0.006189118859882567
0.005698973393089996
0.005131400108428955
0.004539843290234206
0.0039828011435804455
0.0035155371084475235
0.0031825338425911214
0.0030118496905593753
0.0030121685339741114
0.0031728501782882796
0.003466780691616275
0.0038553806515113816
0.0042948271776987994
0.004742426269635744
0.005162142606225461
0.005528526744220192
0.005828619179715399
0.006061786530601778
0.006237786156504176
0.00637360402879264
0.006489732059562624
0.006606538867268015
0.006741262272405916
0.00690595287719487
0.0071064758036131735
0.007342480163527532
0.007608109269743298
0.007893166475351002
0.00818446876650278
0.008467192106924409
0.008726107567775188
0.008946692261767173
0.009116147973329493
0.0092243608444496
0.00926479180888971
0.009235218847204477
0.009138187016854003
0.008980990127647926
0.00877503079083274
0.008534490660793263
0.008274379237101677
0.008008189888232698
0.007745536794356805
0.007490235019414679
0.007239284769649468
0.0069831143624238985
0.006707232130666732
0.006395167212939369
0.006032294097135161
0.0056098967129898075
0.005128692448064532
0.00460104594475606
0.004051271101002488
0.0035137288711166535
0.003028828233907717
0.002637454546630896
0.002374700098693352
0.0022639796294014356
0.002312625907361371
0.002509860286589185
0.0028276455683071597
0.003224418204748176
0.0036511573951399983
0.004058784933726291
0.004405597561526408
0.004663379701501314
0.004821051299274638
0.004885144523132715
0.004876997952650129
0.004827196466031986
0.004768344067399337
0.004727620492152763
0.0047206595867376995
0.004748068801181841
0.004795415073196438
0.004836819670806716
0.004841561420194302
0.004782430127693059
0.0046441353454808095
0.004429957564057951
0.004165068401655146
0.0038955136001176185
0.0036826521436340628
0.0035937315177942022
0.0036900847488533835
0.004014999775743984
0.004583516158864789
0.00537619276596224
0.006338284767565484
0.00738486643735544
0.008411394593598907
0.009308213986430504
0.009976745006833944
0.010344711909264694
0.010377845806837843
0.01008602767872329
0.009522735541884174
0.008777771145671086
0.00796436888260484
0.007202732432167256
0.006602635033769947
0.006247853226779509
0.006184860642160828
0.006417454097084928
0.006907959070182968
0.007584553286584668
0.008353255196034515
0.009112422586271325
0.009767311623039676
0.010242395808642038
0.010489691204597851
0.010492159071854544
0.010262191817829985
0.009836050312878975
0.00926574937563391
0.008610175395550021
0.007927130299906
0.007267571828019036
0.0066726707949744755
0.006173583847463321
0.00579320721601175
0.005548770769975058
0.005454036480166755
0.00552009443493597
0.005754242691694873
0.006157074127403047
0.006718519667873302
0.007414058060096734
0.008202476831545867
0.009026397858789423
0.00981628110190875
0.010497884025222884
0.011002332708617947
0.011277232399381516
0.011296779885798233
0.01106876146395526
0.010636678066578618
0.010075994580348798
0.009484539869826144
0.008968200120036912
0.008624034502432834
0.008523595875032352
0.008699411774057187
0.009137210295852984
0.009775601964344953
0.010513691468074892
0.011225707032178383
0.011780451996822816
0.0120624447436385
0.011991204808656432
0.01153535682807199
0.010719038528810662
0.009619380824212867
0.00835535420104571
0.007069773498600215
0.005907451053892469
0.004993165670196943
0.0044131449100609016
