0.0013160083094513192
0.0013742109845627727
0.0014233170951548995
0.001462675352940706
0.0014917693070317674
0.001510231490133211
0.0015178553988257615
0.0015146050383666614
0.001500621799952712
0.0014762284806411046
0.0014419303024357081
0.0013984128366571753
0.0013465367917971916
0.0012873296767299894
0.0012219744055000403
0.0011517949639834847
0.001078239311586902
0.0010028597418656076
0.000927290973607522
0.0008532262876737428
0.0007823920639082706
0.000716521105995294
0.0006573251696081926
0.0006064671300139853
0.0005655332390333064
0.0005360059275897411
0.0005192376088180518
0.0005164259277715328
0.0005285908872380617
0.0005565542552364734
0.0006009216287421067
0.0006620674905286842
0.0007401235522760609
0.0008349706279508267
0.0009462342276877311
0.0010732840048379034
0.0012152371284292291
0.0013709655909852271
0.0015391073984908489
0.0017180815263185987
0.0019061064631828908
0.0021012221057080736
0.002301314709979174
0.0025041445544492385
0.002707375921694247
0.0029086089655474988
0.0031054129958275733
0.0032953606858092356
0.003476062688268923
0.0036452021347344018
0.00380056848971695
0.003940090237302602
0.004061865891484993
0.004164192843855576
0.004245593592409842
0.004304838932830766
0.004340967738098524
0.004353303002957853
0.004341463885856049
0.0043053735415590055
0.004245262601795342
0.004161668227945246
0.00405542872791094
0.003927673797784409
0.0037798105166605995
0.0036135052888364456
0.0034306619906221683
0.003233396638050846
0.0030240089459486414
0.0028049511972431935
0.0025787948832568194
0.0023481956103769902
0.0021158567953585843
0.0018844926901585347
0.0016567912873349127
0.0014353776585004393
0.0012227782710874816
0.0010213868128825412
0.0008334320296876122
0.0006609480494630155
0.0005057476269299949
0.00036939869650833923
0.0002532045693912806
0.00015818805336794686
8.507971262656676e-05
3.4310420207617036e-05
6.00828907357763e-06
0.0
1.5816476764246232e-05
5.270279250159512e-05
0.0001096321266791855
0.00018532353093157457
0.0002782632049758765
0.0003867289318745292
0.0005088172758475865
0.0006424731063612555
0.0007855209799304708
0.0009356978864451416
0.0010906868502080242
0.0012481508674696074
0.0014057666621380544
0.00156125774946953
0.0017124263137109192
0.0018571834295463658
0.0019935771883406116
0.002119818328008655
0.002234303009199175
0.00233563242959211
0.0024226290216300666
0.002494349036016091
0.002550091372852789
0.00258940258337279
0.002612078026805034
0.002618159228021423
0.002607927541219933
0.002581894282060766
0.002540787544471811
0.0024855359679312153
0.0024172497656516005
0.0023371993630551995
0.002246792028667031
0.0021475469055989007
0.002041068870802757
0.0019290216610114378
0.001813100708656201
0.0016950061280769947
0.0015764162821692812
0.001458962342506251
0.0013442042323170756
0.001233608311975711
0.0011285271314432307
0.0010301815340770194
0.0009396453521137971
0.0008578328867511601
0.0007854893159398785
0.0007231841216337705
0.0006713075762162864
0.0006300702760245426
0.0005995056591969273
0.0005794753963241418
0.0005696774963846463
0.0005696569279351482
0.0005788185171755895
0.0005964418509057017
0.0006216978840360087
0.000653666928611632
0.0006913576845504442
0.0007337269616787116
0.0007796997382487135
0.0008281892029157792
0.0008781164350018483
0.0009284293915398692
0.0009781208887414186
0.0010262452897315648
0.001071933639140459
0.0011144070178493075
0.0011529879272174591
0.0011871095507767636
0.001216322781943559
0.001240300948019512
0.001258842202873587
0.0012718696024670204
0.0012794289180683505
0.0012816842809038503
0.001278911788441645
0.0012714912359106183
0.001259896166467891
0.0012446824591844513
0.001226475695330736
0.0012059575600125937
0.001183851547823442
0.001160908247723046
0.0011378904838046996
0.001115558585038858
0.0010946560486423623
0.0010758958486627385
0.0010599476240114101
0.001047425958925729
0.0010388799441493702
0.0010347841795108792
0.0010355313486126293
0.001041426464612385
0.001052682853204887
0.0010694199055188082
0.001091662600362415
0.0011193427626925334
0.001152301993936158
0.0011902961804170203
0.001233001459141573
0.0012800214960372292
0.0013308959108069502
0.0013851096651969173
0.001442103217924344
0.0015012832399604733
0.0015620336784102184
0.0016237269558972043
0.0016857350950941338
0.0017474405647008283
0.0018082466535604992
0.0018675871934456846
0.0019249354680044989
0.0019798121650470794
0.00203179225133655
0.0020805106728580504
0.0021256668086742712
0.00216702763242128
0.002204429561731481
0.002237779001871552
0.0022670516151461367
0.0022922903716591065
0.002313602459392069
0.0023311551518429745
0.002345170749302749
0.0023559207249258807
0.0023637192188214443
0.002368916032269614
0.0023718892797343163
0.002373037858545683
0.0023727738949823624
0.0023715153210780078
0.0023696787289572254
0.002367672639083236
0.002365891305738039
0.00236470916767181
0.002364476034509946
0.0023655130805882605
0.0023681096978204223
0.002372521238427008
0.00237896765732168
0.0023876330431067175
0.0023986660064178704
0.002412180875200746
0.0024282596287941833
0.002446954486803454
0.0024682910549897992
0.0024922719190566965
0.0025188805685003304
0.002548085526776327
0.0025798445610231736
0.0026141088445187206
0.0026508269479111187
0.0026899485409810847
0.002731427695118422
0.0027752256876374245
0.0028213132222659
0.00286967199532601
0.0029202955539474264
0.0029731894107453655
0.003028370398362703
0.0030858652667043623
0.0031457085451601268
0.003207939711196591
0.0032725997249841744
0.003339727006811797
0.0034093529495557323
0.0034814970720666613
