0.008516805340433031
0.008784681857622373
0.00884196774634912
0.008678729699297262
0.008314962081109255
0.007797535303014992
0.007192726406108171
0.006575793531807322
0.0060195373354176565
0.005583894151042465
0.005308321681047144
0.005208136084072093
0.005275166423689081
0.00548226807050427
0.0057905411393841255
0.006157663164803684
0.006545641657441225
0.006926528421844769
0.007285152460738614
0.007618607285514947
0.007932927561187722
0.008237965617832698
0.008541816043743666
0.008846173578210652
0.009143746380762457
0.009418345980929697
0.00964764747302485
0.009807994259092517
0.00988014298201206
0.00985460790499039
0.009735320420314521
0.009540657861319754
0.009301446680173036
0.009056194082038676
0.008844413874426652
0.008699357507544405
0.008641643749358798
0.008675156490073879
0.008786168087592161
0.008946022617470828
0.009117000575864703
0.009260325500162411
0.009344797489696138
0.009354348337635042
0.009292953176305683
0.009185785482003803
0.009076186114658682
0.00901880646588978
0.009070031793055492
0.009277350150054403
0.009669594826735002
0.010249898107195954
0.010992761130313663
0.011845942544089012
0.012737022189670877
0.013583657879723664
0.014305875920611728
0.014838343579956947
0.015140537358037939
0.015203053402828938
0.015048948537950944
0.014729839636308365
0.014317378153507407
0.01389150006006255
0.013527393366125063
0.013283333689082754
0.013191379998068136
0.013252429172246411
0.013436388384039443
0.013687368584371803
0.013932977955595212
0.014096139901184843
0.014107482267606594
0.013916299385646872
0.013498374326530959
0.01285950761988208
0.012034328497710833
0.011080738260807606
0.010071022827217908
0.009081162746053438
0.008180091211056837
0.007420579202928244
0.0068330870985877255
0.006423382447226414
0.006174082249286506
0.006049644743730828
0.006003812903549247
0.005988178206410262
0.0059604320025935685
0.005891005777769571
0.0057671353243231305
0.005593851765640069
0.005391921584446853
0.005193242519070957
0.005034577781017295
0.004950725143154278
0.004968246627106189
0.005100735858825617
0.0053463078597882924
0.005687614080053126
0.006094277856886722
0.006527275755005783
0.006944512043653759
0.007306683420395394
0.0075825243759216855
0.007752653865692707
0.00781148541843867
0.007766975246590477
0.007638318149255292
0.007452009891765649
0.0072369338717609664
0.007019266966189304
0.006818017156349066
0.006641903206401338
0.0064880800538723886
0.006342932465707541
0.006184843837064041
0.005988541586733757
0.005730369295326739
0.005393675560185412
0.004973465497286266
0.004479542070617834
0.003937562483824414
0.0033877241163384284
0.0028811351950676556
0.00247426893156263
0.0022221955265185915
0.0021714890109351716
0.0023537826712703228
0.002780883167959119
0.003442155762381189
0.0043045883759520644
0.005315574638794114
0.006408080275549218
0.0075075297557682915
0.008539520645129356
0.009437375826320336
0.010148592001462906
0.010639426616266778
0.010897152870645688
0.01092985584177724
0.010763985959091862
0.01044017478778685
0.010008008933561994
0.009520525830413037
0.009029137457678912
0.008579524048781522
0.008208806944785315
0.007944055717227533
0.00780195848146604
0.007789326651302366
0.007904041097548256
0.008136080366662017
0.008468387315764773
0.008877495468066448
0.00933400817722933
0.009803159288009339
0.010245748885528694
0.010619723310394244
0.01088255624587477
0.010994408709619843
0.010921837406267357
0.010641628689826642
0.010144203959678641
0.0094360060155557
0.008540351382581229
0.007496415851246248
0.0063562829757587425
0.005180284609236186
0.0040311462666663645
0.002967666509675991
0.002038767518007271
0.0012787308718308068
0.0007042785247384784
0.00031389725502641106
8.947771182787889e-05
0.0
6.701763986671251e-06
6.895909683039304e-05
0.0001500263854786587
0.00022182846677660378
0.00026816529511853454
0.000285944837407061
0.0002843605253935828
0.00028222715306202954
0.00030393928958826096
0.0003746856832560798
0.0005156237844268488
0.0007396891893206156
0.0010485991987129453
0.0014314321485529458
0.0018649541293347628
0.002315651086388925
0.0027432310807093893
0.003105205294949978
0.0033620461093568166
0.003482359012039642
0.0034474914347255776
0.0032550340371401195
0.0029207474363861174
0.002478569686415299
0.001978526083630666
0.0014825688157886208
0.0010586088032618424
0.0007732463027207478
0.0006839319187462263
0.0008314603597446082
0.001233778699570004
0.0018820476984487957
0.0027397109801993555
0.003745005053990831
0.004816910370472599
0.005864051302140642
0.006795571870548569
0.007532624230047372
0.008018884265195455
0.008228510359480573
0.00817021291995745
0.007886588730525465
0.007448538438417472
0.006945333606204328
0.0064716144671216605
0.006113158821628506
0.005933561148686738
0.005963930588227161
0.006197340473168256
0.006589082583416499
0.0070628933055260435
0.0075223647116964935
0.007865888699502221
0.008002856600486628
0.007868565408408593
0.007435423856343528
0.006718596569803155
0.0057750918910411
0.004696349772915526
0.003595445754282069
0.002590915021071971
0.0017897625262732432
0.0012723607342494721
0.0010816184177170653
0.001218083893339941
0.0016416470938655815
0.002279399948144901
0.0030381962190816725
0.0038196978353144373
0.004535335358119612
0.005118705135328601
0.005533452552931793
0.005775549304743097
0.00586990293218766
0.0058622491892025355
0.0058080873595821635
0.00576088021789213
0.005761774957948886
0.005832711026006634
