0.003509175058475607
0.0034652915746886627
0.0034227962728649182
0.0033817953016207873
0.0033423555161380147
0.003304506532772723
0.0032682432588220915
0.003233528816153486
0.003200297774086599
0.0031684596055007925
0.00313790228058514
0.0031084959148879264
0.0030800963922511023
0.0030525488886964814
0.0030256912301983964
0.002999357025341265
0.002973378522908488
0.0029475891542535488
0.0029218257306265595
0.002895930276225016
0.0028697514883607744
0.002843145826544982
0.002815978242257091
0.002788122570465066
0.002759461612401997
0.0027298869465022203
0.0026992985106062016
0.0026676040034350544
0.0026347181568206475
0.002600561932196496
0.00256506169538213
0.0025281484227372185
0.00248975698936251
0.002449825586255863
0.002408295308296791
0.0023651099487634404
0.0023202160289381166
0.0022735630834090034
0.0022251042131219336
0.0021747969092852865
0.0021226041421005494
0.002068495699201943
0.002012449749861197
0.0019544546026630007
0.0018945106166877548
0.0018326322194413326
0.0017688499790183276
0.0017032126734253367
0.0016357892967479176
0.001566670940014705
0.0014959724842599732
0.0014238340444448906
0.0013504221055683527
0.001275930296448074
0.001200579752216466
0.001124619023457531
0.0010483234979843995
0.0009719943103695585
0.0008959567243136905
0.0008205579835769874
0.0007461646382838755
0.0006731593647216578
0.0006019373080505216
0.0005329019883888327
0.0004664608212972966
0.0004030203135285946
0.0003429810038171376
0.00028673222625380263
0.00023464678024036432
0.00018707559598912142
0.00014434248789367424
0.00010673908974577484
7.452006564252073e-05
4.789868848351954e-05
2.704287420067855e-05
1.2071754330710525e-05
3.0528623050250434e-06
0.0
2.871840802189801e-06
1.1571313867631255e-05
2.5945801588721056e-05
4.578816874741031e-05
7.083862766944695e-05
0.00010078742915770825
0.00013527835433872152
0.000173912968077975
0.00021625558057811797
0.00026183885043755753
0.000310169950072583
0.0003607372032365659
0.0004130170946280067
0.00046648154346387626
0.0005206053265768853
0.0005748735322138828
0.0006287889233727224
0.0006818790892844586
0.0007337032655566648
0.00078385870753256
0.0008319865075407387
0.0008777767548244404
0.0009209729469223439
0.0009613755729648286
0.0009988448025575608
0.0010333022284258753
0.0010647316265411323
0.0010931787137752657
0.0011187498999472804
0.001141610048139452
0.0011619792740698244
0.0011801288318094476
0.0011963761489312513
0.001211079088986905
0.0012246295327591203
0.0012374463817814063
0.001249968097932912
0.0012626449013104777
0.0012759307548948033
0.0012902752686408832
0.0013061156574521034
0.001323868887000697
0.0013439241385348605
0.001366635718706426
0.0013923165331460193
0.0014212322331281968
0.0014535961333680752
0.0014895649859695947
0.0015292356810310433
0.0015726429286608884
0.0016197579604438986
0.0016704882710198562
0.0017246784027023965
0.0017821117582891668
0.0018425134097120326
0.0019055538532591516
0.001970853646070326
0.0020379888437480247
0.0021064971455031535
0.002175884641504773
0.0022456330472342937
0.0023152073018307584
0.0023840634017904872
0.0024516563380481797
0.0025174480034716425
0.0025809149391607146
0.0026415557916215815
0.002698898358816952
0.0027525061111563125
0.002801984083535246
0.0028469840463695557
0.002887208876976786
0.0029224160673846514
0.002952420320419076
0.0029770952024515056
0.0029963738381602956
0.003010248649771142
0.0030187701601720254
0.0030220448957381735
0.0030202324403517606
0.0030135417066742445
0.003002226503962346
0.002986580493373289
0.0029669316315731166
0.0029436362113694743
0.0029170726139008136
0.00288763489053047
0.0028557262939616686
0.002821752877195375
0.002786117275827574
0.0027492127838983447
0.0027114178261754313
0.00267309092053145
0.002634566213144239
0.0025961496568334646
0.0025581158891909094
0.002520705852537454
0.0024841251824350083
0.002448543375797372
0.00241409373388777
0.0023808740599706732
0.002348948076404735
0.002318347511813916
0.0022890747959308697
0.0022611062880236107
0.002234395954719993
0.002208879404729948
0.0021844781815931486
0.00216110421127163
0.002138664299244674
0.002117064571786103
0.0020962147583081766
0.0020760322159949687
0.0020564456043318975
0.002037398125437808
0.0020188502561535077
0.0020007819094330455
0.0019831939754878045
0.001966109207087317
0.001949572428142965
0.001933650059892491
0.0019184289743556851
0.0019040146999313211
0.0018905290187405726
0.0018781070092889632
0.001866893600926877
0.0018570397181674298
0.0018486981029241386
0.0018420189109433797
0.0018371451849467889
0.001834208311122676
0.0018333235675110108
0.0018345858724545907
0.001838065838625227
0.0018438062332099864
0.0018518189377347484
0.001862082491831553
0.001874540294185102
0.0018890995211240428
0.0019056308090924067
0.0019239687318144262
0.0019439130866475787
0.001965230987720467
0.0019876597463055878
0.00201091050182188
0.002034672550241329
0.002058618300825134
0.0020824087773657182
0.0021056995667707856
0.002128147106181073
0.0021494151901216216
0.002169181571669993
0.0021871445264671037
0.002203029245738188
0.0022165939244265485
0.002227635413116844
0.002235994307633652
0.002241559357989121
0.002244271088616442
0.00224412453440897
0.002241171011788413
0.0022355188606057188
0.0022273331108526723
0.002216834047613643
0.0022042946680697157
0.0021900370453130165
0.0021744276348527056
0.002157871580602325
0.0021408060974350846
0.0021236930266890584
0.0021070106789206995
0.0020912450943847243
0.0020768808658305125
0.002064391679951901
0.0020542307429498308
0.002046821261951664
0.0020425471573113046
0.0020417441809776936
