0.0051762210009761
0.005032311269513551
0.004713158114482659
0.004241360766326081
0.003658458001556209
0.003019149406396835
0.0023836759448136735
0.0018095934077783588
0.001344233502074881
0.0010189854448490834
0.0008461824764155537
0.0008189118586891856
0.0009135715935476925
0.0010945618567248707
0.0013201984319915557
0.0015488151630724243
0.0017440925804321685
0.0018788841718980955
0.0019371545725520383
0.0019140223325551592
0.0018142387897335391
0.0016496715187062807
0.0014364578345559434
0.0011924436092801746
0.0009353485343980661
0.0006818485336085212
0.00044750013267625885
0.0002472109548327167
9.583289749836438e-05
8.445066657262329e-06
0.0
8.420084911009602e-05
0.00027171146456963363
0.0005680196043551522
0.0009714234156114492
0.001471655741402195
0.0020495856972361664
0.002678254604414159
0.0033252497097966535
0.003956146269693783
0.004538513865363596
0.005045836806794512
0.005460674352234786
0.0057764930278099424
0.005997823015695273
0.006138682876542956
0.006219526382259199
0.006263232726080367
0.006290835551297134
0.006317733834444892
0.006351039854372624
0.006388513386546057
0.006419246261904002
0.006425951183591299
0.006388430517800894
0.0062876045408429195
0.006109397431440216
0.005847823701083709
0.00550677461197773
0.005100240121292987
0.004650970840832034
0.004187836892542957
0.0037423331710393372
0.003344784378525339
0.0030208079990677377
0.002788508076671037
0.002656721979359278
0.002624460348958994
0.002681502751935928
0.0028099678123555617
0.0029865850521194437
0.003185360696271165
0.003380342943716632
0.003548236474479849
0.0036706710742379824
0.003735978069009314
0.003740361451077548
0.003688368859992539
0.0035925808641274065
0.0034724606242576305
0.0033523551747844105
0.003258723148910382
0.003216779683109489
0.0032468822248628883
0.003361104146346944
0.0035605229252818303
0.0038337537608335174
0.004157165225984083
0.004497015821796656
0.004813466208696406
0.005066090929331846
0.005220192484316155
0.0052529743460448435
0.005158517729554241
0.004950571446614704
0.004662417602063464
0.0043434955218727206
0.004052994334050905
0.0038511756661797486
0.003789662777839874
0.003902235972442987
0.0041977339690884505
0.004656443389216981
0.005230878384856955
0.005851174090393567
0.006434546824303877
0.00689754136359364
0.0071692240015419914
0.007203200235896901
0.006986404773024307
0.006543037400486341
0.005932746115546457
0.005243076956750482
0.004577167310262806
0.0040384913373986185
0.0037150231935214576
0.003665359229862909
0.003909091163932072
0.004423078342324813
0.0051443289658265326
0.005979122056999242
0.0068169667315381415
0.0075471819775857
0.008075432023561509
0.008337551115687633
0.008308441555014031
0.008004655567431762
0.0074803337742389495
0.006817287354497152
0.006110984312136731
0.005454863988390287
0.004925644145753571
0.004572062664405261
0.004408854116784559
0.004416817222638872
0.00454875220494054
0.004740029162364736
0.004921768962012591
0.005034211333431795
0.005037876785536678
0.0049205859661129985
0.004699192206903292
0.00441586140301563
0.004129718186474951
0.003905490862444173
0.003801286601285023
0.0038577298148516903
0.0040903915729471945
0.004486791821439538
0.005008395421891098
0.005597110380481163
0.006185000369305221
0.006705386392151763
0.0071033253350414344
0.007343640096437262
0.007415190925206759
0.007330814744815225
0.007123174469596486
0.0068374991181424085
0.006522722338373085
0.006222750196491357
0.0059694772585863805
0.005778756042356256
0.00564989817596143
0.005568573255348512
0.005512313145970955
0.005457350464779159
0.0053853071384316505
0.005288335286535924
0.005171672381790221
0.005053127499780838
0.00495965141568655
0.004921733392951277
0.004966796899009439
0.005112954470365792
0.0053643968660908245
0.005709355896495901
0.006121064765263083
0.0065615488583982565
0.006987530552193652
0.007357330093599926
0.007637466147595867
0.007807734383456125
0.007863850759113838
0.007817223317214898
0.007691966405716186
0.007519786505708852
0.007333750946986342
0.007162129735978955
0.007023447808736205
0.006923617345294378
0.0068555956499060725
0.006801520491011648
0.006736809493384712
0.006635362269864736
0.006474836588156189
0.006241008470866169
0.005930454687143972
0.005551161533427377
0.005121087739351562
0.0046651045739407575
0.004211024557120965
0.003785557910907057
0.0034109840158231706
0.003103112255304103
0.0028707840700843276
0.002716808482862579
0.0026399052609810112
0.0026370210806689206
0.0027053277375520537
0.0028433175081352584
0.003050654108708805
0.003326763802885052
0.0036684877471976664
0.0040673887198942205
0.004507451148591859
0.004963897116280287
0.005403660747661263
0.005787751428069669
0.006075353157836936
0.006229129541774164
0.00622090874649096
0.0060367727147892306
0.005680605035766014
0.005175362457779886
0.004561691316536178
0.0038939487405799805
0.003234129495721849
0.002644561651835736
0.0021804511336302986
0.0018833868885712612
0.0017767595233024948
0.001863726646326707
0.002127936818083779
0.0025367776692453436
0.0030465221535224546
0.003608477827768319
0.004175140868824053
0.004705430694542397
0.005168310844650184
0.005544437449550957
0.005825850751810015
0.006014066114128856
0.006117166779340791
0.006146610611367454
0.006114424732726138
0.006031292625369145
0.00590578023561752
0.0057446590543969635
0.005554026762527602
0.00534075263835632
0.005113719006211034
0.004884399496239564
0.0046664912428393025
0.004474560762793723
0.0043219182362466335
