0.004269101130095143
0.004238130674035583
0.004205875202389394
0.0041727695366863635
0.004139278767261559
0.00410588632616415
0.004073081464364763
0.004041346385558326
0.004011143297833408
0.0039829016485530815
0.00395700580686794
0.003933783452351929
0.003913494917400565
0.0038963237154334995
0.0038823684668612755
0.0038716364105542142
0.003864038660610935
0.003859387337056036
0.003857394665252038
0.0038576741028921403
0.003859743516089952
0.0038630303879711296
0.0038668790049875114
0.0038705595286089908
0.0038732788237861734
0.003874192881281688
0.0038724206392715243
0.0038670589811080416
0.003857198661347243
0.0038419408915445217
0.003820414301312906
0.003791791979033754
0.0037553082906440624
0.0037102751742393715
0.003656097612876172
0.0035922879978884234
0.003518479110111417
0.0034344354664039936
0.003340062803460428
0.003235415499707886
0.0031207017686202152
0.002996286492503119
0.0028626916041205055
0.0027205939637905832
0.002570820721100349
0.002414342192461051
0.002252262327635606
0.002085806879392248
0.0019163094298706258
0.001745195464405307
0.0015739647177928707
0.0014041720487158694
0.0012374071247119771
0.0010752732222297275
0.000919365463549331
0.0007712488243572465
0.0006324362523240732
0.0005043672380164611
0.0003883871748397885
0.000285727834518832
0.00019748926903245811
0.0001246234291713711
6.791976431780311e-05
2.7993038067964608e-05
5.273560421206053e-06
0.0
1.2214899754501348e-05
4.17629775030055e-05
8.829224915901483e-05
0.00015125796831339704
0.0002299293317040373
0.0003233988567416706
0.0004305942953818083
0.0005502929089252137
0.0006811378914428224
0.00082165669605592
0.0009702809888016413
0.001125367929752377
0.0012852224608357016
0.0014481202647371738
0.0016123310495931977
0.0017761418100365378
0.001937879716591339
0.002095934292383992
0.002248778548504587
0.002394988766896912
0.002533262642062693
0.002662435519750319
0.0027814945016980883
0.002889590219893029
0.002986046121108837
0.0030703651420762603
0.0031422336968588024
0.0032015229401747736
0.0032482873128326334
0.00328276041743901
0.003305348313419792
0.0033166203595094623
0.0033172977685924504
0.0033082400735474846
0.003290429733030501
0.0032649551324747225
0.0032329922575990346
0.0031957853350839905
0.0031546267475649824
0.0031108365375543436
0.0030657418172728747
0.0030206563986667828
0.0029768609502122153
0.002935583974652064
0.0028979838848313677
0.0028651324336334623
0.0028379997290694965
0.002817441037297741
0.0028041855452543988
0.0027988272212128044
0.002801817876532088
0.0028134624957087484
0.0028339168652142697
0.002863187495097317
0.0029011337915473487
0.0029474724041340886
0.0030017836387994812
0.0030635197973915805
0.0031320152770516287
0.003206498238499646
0.0032861036315527934
0.0033698873493314056
0.003456841269766604
0.0035459089343561757
0.0036360016096833748
0.0037260144770052918
0.003814842699150462
0.003901397121887212
0.003984619378617987
0.004063496182442915
0.004137072607986555
0.004204464186515735
0.004264867661374606
0.0043175702761739645
0.004361957495021306
0.004397519081876782
0.00442385349437341
0.004440670575656109
0.004447792555493933
0.004445153398643566
0.004432796563758454
0.004410871259650376
0.00437962730706375
0.00433940873300963
0.004290646240869222
0.00423384871271435
0.004169593910460195
0.004098518549477882
0.0040213079221246536
0.003938685249328278
0.0038514009359773877
0.0037602219005610704
0.003665921141458683
0.003569267691738848
0.0034710171015581597
0.003371902572561258
0.003272626852407768
0.0031738549800397033
0.0030762079539202133
0.002980257376590173
0.002886521109870823
0.0027954599562460165
0.002707475363729973
0.0026229081341853887
0.0025420380988951385
0.002465084710469265
0.0023922084871095942
0.002323513234040715
0.002259048957687554
0.0021988153810320694
0.002142765963564174
0.002090812326360703
0.0020428289820414447
0.0019986582705826686
0.0019581154050961587
0.001920993536550053
0.0018870687528300956
0.0018561049353029364
0.001827858404911946
0.0018020822995607926
0.0017785306348598216
0.0017569620109611631
0.0017371429389278466
0.0017188507706150482
0.0017018762261461634
0.001686025522519177
0.0016711221154785598
0.0016570080743610947
0.0016435451160265976
0.0016306153291056856
0.0016181216235607362
0.001605987942923158
0.0015941592775361815
0.0015826015167302349
0.0015713011761542546
0.0015602650335802039
0.0015495197025188518
0.001539111168087778
0.0015291043039349166
0.0015195823828388158
0.0015106465870877253
0.0015024155181004725
0.0014950246982112449
0.0014886260513136368
0.0014833873433545634
0.0014794915586801118
0.001477136184139733
0.0014765323698059845
0.0014779039332922814
0.0014814861740482963
0.0014875244647475049
0.0014962725889848438
0.0015079907979703656
0.0015229435636966839
0.001541397012098233
0.0015636160268987212
0.0015898610230175435
0.0016203843974041219
0.0016554266747935505
0.0016952123759072992
0.0017399456458220544
0.001789805690347823
0.001844942078037508
0.0019054699746355289
0.0019714653851099907
0.0020429604856587336
0.0021199391340063637
0.0022023326507127727
0.0022900159669137802
0.0023828042347634865
0.0024804499957330464
0.002582640998767059
0.00268899875507328
0.0027990779090330134
0.0029123664954220575
0.0030282871419218846
0.0031461992629183673
0.0032654022760120515
0.003385139856719905
0.00350460522978885
0.0036229474776526063
0.0037392788281578643
0.003852682865096353
0.003962223586653173
0.0040669552189739
0.004165932675019981
0.004258222533073455
0.004342914395006328
0.004419132472064135
0.004486047235719309
