2.175141022149607e-05
1.3487438397404494e-05
7.236618241893752e-06
2.9448050363673796e-06
5.534801555278929e-07
0.0
1.2178559937574013e-06
4.136944619145344e-06
8.683846433249444e-06
1.4782112984528493e-05
2.235256052795327e-05
3.131356942049821e-05
4.158138806674883e-05
5.307044027663059e-05
6.569363489383837e-05
7.936267655446277e-05
9.39883764405321e-05
0.00010948096190265509
0.00012575038383964387
0.0001427066207408316
0.00016025997831863384
0.0001783213836847315
0.00019680267305286327
0.00021561687198453435
0.00023467846723078931
0.0002539036692634413
0.0002732106646325704
0.0002925198573335867
0.00031175409841641675
0.00033083890312131554
0.0003497026548800947
0.00036827679557808286
0.00038649600153057846
0.0004042983446877473
0.00042162543864353937
0.0004384225690870875
0.00045463880839888954
0.00047022711415863625
0.0004851444113965703
0.0004993516584854802
0.0005128138966356232
0.000525500283019715
0.0005373841076194285
0.000548442793948339
0.0005586578838686568
0.000568015006780231
0.000576503833519867
0.0005841180153668421
0.0005908551086063116
0.0005967164851559306
0.000601707229812256
0.0006058360247221009
0.000609115021729901
0.0006115597032950158
0.0006131887327127505
0.0006140237944093701
0.0006140894251146375
0.0006134128367449915
0.0006120237318566401
0.0006099541125501825
0.000607238083727022
0.0006039116516126245
0.0006000125184726277
0.0005955798744548559
0.0005906541874934361
0.0005852769922104714
0.0005794906787460901
0.0005733382824392398
0.000566863275269294
0.000560109359952599
0.0005531202675684091
0.0005459395595655021
0.000538610434974133
0.0005311755436180189
0.0005236768060879568
0.0005161552412024622
0.0005086508016418315
0.0005012022184002331
0.0004938468546562143
0.0004866205696153925
0.0004795575928303801
0.0004726904094523559
0.00046604965681634465
0.00045966403270845035
0.00045356021560819903
0.00044776279714304015
0.00044229422693522384
0.00043717476996377115
0.00043242247650662063
0.0004280531646701578
0.0004240804154558213
0.00042051558025623693
0.0004173678006168559
0.00041464404004343714
0.0004123491275812318
0.0004104858128386225
0.00040905483207636403
0.00040805498493389045
0.0004074832213163246
0.00040733473792030285
0.0004076030838335515
0.0004082802746025423
0.0004093569141246601
0.0004108223236863849
0.00041266467743698745
0.0004148711435585249
0.00041742803036740636
0.00042032093656072206
0.00042353490480194424
0.0004270545778255752
0.0004308643562289105
0.000434948557111404
0.00043929157271804776
0.0004438780282429841
0.0004486929379529563
0.0004537218587974199
0.00045895104068298343
0.00046436757260437107
0.00046995952384222485
0.0004757160794596322
0.0004816276693544047
0.00048768609015241676
0.0004938846192590253
0.0005002181204201222
0.000506683140182172
0.0005132779946808218
0.0005200028462308524
0.0005268597692356094
0.0005338528049818713
0.000540988004935884
0.0005482734622079459
0.0005557193309062803
0.0005633378331556084
0.0005711432536118447
0.0005791519213611636
0.0005873821791493948
0.0005958543399457693
0.0006045906309034737
0.0006136151248377997
0.0006229536594008786
0.0006326337441896
0.0006426844560803067
0.0006531363231397978
0.0006640211975169653
0.000675372117772733
0.0006872231611576437
0.0006996092863962371
0.0007125661675850899
0.0007261300198567414
0.0007403374175046996
0.0007552251053048662
0.0007708298038061234
0.0007871880093971044
0.0008043357899873214
0.0008223085771686141
0.0008411409557472168
0.0008608664515575198
0.0008815173184856747
0.0009031243256445085
0.0009257165456507258
0.0009493211449609107
0.0009739631772245406
0.0009996653806098631
0.0010264479800522399
0.0010543284953642273
0.0010833215561325445
0.0011134387243088395
0.0011446883253792657
0.0011770752889720796
0.0012106009997328814
0.0012452631592642155
0.0012810556598893967
0.0013179684709606918
0.0013559875383885869
0.0013950946980227396
0.0014352676034659346
0.0014764796688505012
0.001518700027052153
0.001561893503759525
0.0016060206077585953
0.0016510375377305933
0.0016968962057993424
0.0017435442780001464
0.0017909252317771822
0.0018389784305503935
0.0018876392153260421
0.0019368390132579508
0.0019865054629991824
0.0020365625566165697
0.0020869307977737076
0.0021375273758216973
0.002188266355371596
0.002239058880858241
0.0022898133955422976
0.002340435874336186
0.0023908300697802363
0.002440897770438229
0.002490539070926748
0.0025396526527405082
0.002588136074986437
0.0026358860740929527
0.0026827988715176676
0.0027287704884370045
0.002773697066364968
0.002817475192615909
0.002860002229497403
0.0029011766460948496
0.0029408983514888423
0.002979069028230113
0.0030155924648848746
0.003050374886455761
0.0030833252814804393
0.0031143557246111836
0.0031433816934845187
0.003170322378700275
0.0031951009857440825
0.0032176450277065106
0.003237886607675613
0.003255762689707442
0.003271215357311285
0.0032841920584225034
0.0032946458358762724
0.00330253554243956
0.003307826039506684
0.0033104883786152974
0.003310499964994545
0.0033078447024153705
0.003302513118674104
0.0032945024711044865
0.0032838168315799353
0.0032704671505367827
0.003254471299620352
0.0032358540926286585
0.0032146472845031
0.003190889548191379
0.0031646264292848527
0.003135910278410245
0.003104800161433864
0.0030713617476149343
0.003035667175923002
0.002997794899812385
0.0029578295108239868
0.0029158615414611976
0.002871987247861835
0.0028263083728617125
0.0027789318901173705
0.0027299697300253705
0.0026795384882430896
0.002627759117680928
0.0025747566048980133
0.002520659631892654
0.002465600224334498
0.002409713387337859
0.002353136729924148
0.0022960100793662404
0.0022384750866481515
