0.003910575178965081
0.0036215740939961314
0.0033728956979445037
0.003151993082907198
0.002949828577668983
0.002762201940280058
0.0025902813632784428
0.0024403585280961086
0.002322932744437508
0.0022512871885400753
0.0022397510438709805
0.002301847554970711
0.0024485148160076275
0.0026865597840213546
0.003017472508022162
0.0034366916175691655
0.003933376672882204
0.004490709205464079
0.00508671192429156
0.005695543632152644
0.006289194944690096
0.0068394768035624125
0.007320161297394029
0.007709105392505841
0.007990167310837243
0.008154717928084388
0.008202561162754685
0.008142112114569833
0.007989741356273207
0.0077682762404966
0.007504748893571574
0.007227584866892658
0.006963521819184405
0.006734617989494644
0.006555740261976429
0.006432899706227351
0.006362723525039773
0.006333219955645719
0.006325820035083044
0.006318489294505339
0.006289521781186663
0.006221488973370145
0.006104744936516006
0.005939906044494465
0.00573883556336094
0.005523861616234363
0.005325216937755483
0.005176972608064681
0.005112000010811084
0.005156689510847681
0.00532624248353712
0.005621312393671608
0.00602659847701809
0.006511712986493655
0.007034291625418879
0.007544953318438701
0.007993402155626966
0.008334758169603072
0.008535145485812495
0.008575672694024226
0.008454198424974132
0.008184644252021254
0.007794034223147546
0.0073178311285075175
0.006794431512266939
0.006259817629062312
0.005743315410615467
0.005265177530553647
0.004836339119201155
0.004460248703305694
0.004136243644775953
0.0038636041190077803
0.0036452534118057993
0.0034901158439431105
0.0034133982058361227
0.003434485626576696
0.0035726616865978727
0.0038413757388419925
0.0042421835659949645
0.0047596918470719195
0.00535878724616806
0.005985118355958447
0.006569264955785977
0.00703436128364096
0.007306256788298073
0.007324728059027374
0.0070539147478612075
0.00649011965160566
0.005665415151472758
0.004646100801458927
0.0035258686999979673
0.002414420073406291
0.001423083780927148
0.0006495680883595503
0.0001642184543077371
0.0
0.00014788614337903332
0.0005584955360129441
0.00114981499360816
0.0018198465537537008
0.0024621953315177546
0.0029821168499017223
0.003310458899824386
0.003413282898783744
0.003295676067648918
0.002999244417357237
0.002593837955340015
0.0021650187037396225
0.0017994718257740789
0.001570861052949765
0.0015284919024925831
0.0016905986550152163
0.002043215795565702
0.002544588253303097
0.0031340998188463002
0.0037439305256469105
0.0043112269876233785
0.004788556051243466
0.005150806330645765
0.005397423927884465
0.005549778163366705
0.005644377860642139
0.005723425686924198
0.005824666240077516
0.005972570009445595
0.006172590011777548
0.006409594869361798
0.006650746587651983
0.006852215384057556
0.006968375461997308
0.006961646329037798
0.006811023065883228
0.006517595657896535
0.0061059396743889625
0.005621054268345893
0.005121375496414265
0.004669140492368219
0.004319879679711518
0.004112976738638339
0.004065031590463482
0.004167232335513891
0.004387191138758245
0.004674870545602233
0.00497147756086285
0.005219672864564555
0.005373228167514801
0.005404401231443381
0.005307753954080725
0.005099822861945365
0.004814830704731448
0.0044973545282673
0.004193404542369384
0.003941622608732247
0.00376623849037837
0.003673047758608615
0.0036490758506022014
0.0036658870283479174
0.003685820429654012
0.0036699139478110023
0.003586002904624316
0.003415496966967369
0.0031576315572408196
0.0028304932760381193
0.0024687293642056433
0.002118449679203444
0.0018303043664187777
0.0016519886589767396
0.0016214491548062811
0.0017618540668832552
0.0020789989333043395
0.002561336534186966
0.003182345458077425
0.0039045779426599807
0.004684519899865407
0.005477381496453502
0.00624110022258701
0.0069391281994403255
0.007541915898407541
0.008027313582327415
0.008380319848001406
0.00859267110671921
0.008662680134743325
0.0085955259679429
0.008403930349149219
0.008108901478703412
0.007740055275977775
0.007334989679300238
0.006937308673449209
0.0065931522064185
0.006346433719643487
0.006233342449997647
0.006276949113947704
0.006482888144570738
0.006837032165930897
0.0073058188206356015
0.007839472824919447
0.00837786041877388
0.008858215527601538
0.009223587321192729
0.009430661234862922
0.009455649201893717
0.009297233204179954
0.008976034302634283
0.00853068107079497
0.00801115565473285
0.007470587497776175
0.006956947863114625
0.006506114629619229
0.006137518842101236
0.005853097511794821
0.005639651518848516
0.0054740615364783345
0.005330272361114883
0.0051866218260294
0.005032030111737867
0.004869791702906835
0.0047181829335781085
0.004607722875372542
0.004575583824315691
0.004658212424693079
0.004883583947488985
0.0052646000437083975
0.005794937027612101
0.00644819642054797
0.007180589895746407
0.007936726326560858
0.008657487077406819
0.009288588126972908
0.009788307081251637
0.010133020505645773
0.010319617357819347
0.010364444181945692
0.010299081893258717
0.010163828266712402
0.010000155922032856
0.009843560477217315
0.009718085588142165
0.009633442459762928
0.009585109295124761
0.009557209459002975
0.009527442420847347
0.009472980097461437
0.009376109112044782
0.009228515026389179
0.009033435632422315
0.008805381897691538
0.008567635509879401
0.00834817433767918
0.008174961720011328
0.008071607920378135
0.00805426415222089
0.008130280341451492
0.008298724619759622
0.008552424207514472
0.00888084261562113
0.009272934371252397
