0.003433718217937378
0.003443466247179283
0.0034524590718844066
0.0034610345986246342
0.003469540496312389
0.003478325644539683
0.0034877313785752688
0.0034980826988639043
0.0035096796157909806
0.003522788800253315
0.003537635707188717
0.0035543973326964506
0.0035731957558192166
0.003594092603602126
0.003617084562896971
0.0036421000447928367
0.003668997087825478
0.003697562564587703
0.0037275127334063895
0.003758495152772892
0.0037900919516380095
0.003821824423950213
0.0038531588913723277
0.0038835137544015186
0.0039122676295742795
0.003938768449478732
0.003962343383311648
0.003982309419065647
0.0039979844344317315
0.004008698572427492
0.004013805729834763
0.0040126949619205664
0.0040048016057317335
0.003989617926545886
0.0039667030978172806
0.003935692334100743
0.0038963050088352495
0.0038483516043264264
0.0037917393595340927
0.003726476502045494
0.0036526749735487233
0.00357055158282545
0.003480427546334903
0.003382726403413146
0.003277970320495701
0.0031667748261095183
0.003049842045192741
0.0029279525271146034
0.0028019557861254595
0.0026727596954339208
0.002541318896281325
0.002408622400898658
0.002275680582768201
0.0021435117589034473
0.002013128576693931
0.0018855244220846055
0.0017616600663833007
0.0016424507657904555
0.001528754020864328
0.0014213581926789947
0.001320972158571411
0.001228216173338948
0.0011436140818271905
0.0010675870063792828
0.0010004486079880947
0.0009424019936258641
0.0008935383145796734
0.0008538370721758223
0.0008231681185280879
0.0008012953113969955
0.0007878817544000839
0.0007824965271564109
0.0007846227849516549
0.0007936670846146797
0.0008089697729071596
0.0008298162562066515
0.000855448955921604
0.0008850797431699381
0.0009179026389763286
0.0009531065627280005
0.0009898879119394817
0.0010274627605095501
0.0010650784705373015
0.0011020245242601575
0.001137642397581741
0.0011713343147075764
0.0012025707442804867
0.001230896520733643
0.001255935499940896
0.0012773936851878012
0.00129506078752995
0.0013088102132444055
0.0013185974998005468
0.0013244572500608204
0.001326498641759459
0.0013248996152035273
0.001319899866125951
0.0013117927922583128
0.0013009165610870061
0.0012876444820633134
0.0012723748789642856
0.0012555206669155861
0.0012374988436224261
0.0012187201055113453
0.0011995787967340264
0.0011804433923656515
0.001161647706755076
0.0011434830040314332
0.0011261911704857062
0.0011099590882315442
0.0010949143265679953
0.0010811222422283538
0.0010685845526565742
0.0010572394180927965
0.0010469630390851931
0.001037572746605968
0.0010288315327717204
0.001020453941786615
0.0010121132136636103
0.0010034495480352114
0.000994079332411853
0.0009836051590149436
0.0009716264371879002
0.0009577503947037847
0.0009416032513135263
0.0009228413418208574
0.0009011619639661228
0.0008763137285167563
0.0008481061951897391
0.0008164185882896036
0.0007812074000811626
0.0007425127077053785
0.0007004630506002526
0.0006552787395545101
0.0006072734952935932
0.0005568543434192239
0.0005045197230990751
0.0004508557986029776
0.00039653099505472566
0.0003422888120480096
0.0002889390004922523
0.00023734721864583945
0.00018842331221353937
0.00014310839011078035
0.00010236089154342298
6.714186097571883e-05
3.839966497001237e-05
1.705439844743332e-05
3.982237371663588e-06
0.0
5.850179552597135e-06
2.2186707373470557e-05
4.956169742354605e-05
8.841341036205713e-05
0.00013905565871816586
0.00020166885398294285
0.00027629287218407933
0.00036282188702656086
0.00046100128943358425
0.0005704267797939748
0.0006905456849475452
0.0008206605164825446
0.0009599347508667184
0.0011074007758854515
0.0012619699124191979
0.001422444386353128
0.001587531092950764
0.0017558569658906661
0.0019259857358717865
0.0020964358397061976
0.002265699220549691
0.0024322607437220834
0.0025946179407253605
0.002751300786790568
0.002900891214711339
0.003042042069911124
0.003173495218622861
0.0032940985326346773
0.003402821490096388
0.003498769152138863
0.0035811942992104054
0.003649507538695363
0.0037032852261063105
0.003742275075437126
0.0037663993695926496
0.0037757557185999647
0.0037706153509617403
0.003751418961424163
0.003718770175987627
0.0036734267315811954
0.003616289502861378
0.0035483895415185495
0.0034708733237520427
0.003384986428723956
0.0032920558943907354
0.0031934715167685817
0.0030906663741075134
0.002985096868392876
0.0028782225829007057
0.002771486256118692
0.0026662941691997424
0.00256399723630972
0.0024658730749107715
0.002373109316404936
0.002286788396938071
0.0022078740438835334
0.0021371996459987985
0.0020754586649374233
0.0020231972132075003
0.0019808088893344972
0.0019485319254743747
0.001926448666611644
0.001914487364351329
0.0019124262327551381
0.0019198996792478122
0.001936406590874967
0.0019613205256413576
0.0019939016307717323
0.002033310084940367
0.00207862084018135
0.0021288394216301605
0.0021829185297047326
0.0022397751799883027
0.0022983081110344084
0.002357415189611641
0.0024160105465054634
0.0024730411837900436
0.0025275028062992856
0.0025784546456241353
0.0026250330640435024
0.0026664637480057593
0.0027020723257162433
0.0027312932706121725
0.002753676981546712
0.002768894960860875
0.0027767430426822244
0.0027771426552336076
0.0027701401321453007
0.0027559041182337227
0.002734721144451651
0.00270698947426855
0.002673211349180114
0.002633983783989165
0.00258998808260969
0.002541978262137705
0.0024907685865797873
0.0024372204217647567
0.0023822286294801058
0.00232670772172911
0.002271577995215898
0.0022177518618144982
0.0021661205830025903
0.0021175416052361938
0.002072826679253319
0.0020327309296146743
0.0019979430217505825
