0.009264588851981346
0.008867560342572675
0.00842670518928285
0.007929035159451567
0.0073699703365441285
0.006756661793807989
0.006109494483585363
0.005461294242047451
0.004854146167141715
0.004334163735843491
0.003944950156469014
0.003720787181509609
0.0036807091986796425
0.003824538046391042
0.004131670064694729
0.004562963487712419
0.0050655461452942235
0.005579845174560841
0.006047729197894332
0.0064204302300657
0.006664925935308355
0.006767717957326429
0.006735397993757141
0.006591969225850288
0.006373480053244809
0.006121017346622995
0.005873401045966287
0.005660959731187959
0.005501535267727453
0.005399404073145684
0.005347199886595142
0.005330296059210845
0.005332580807958261
0.0053422466858361745
0.0053561867500958055
0.00538186074750888
0.005436020965044081
0.005540371145003219
0.005714938401860862
0.0059705216358517076
0.0063019123700159075
0.006683581243243078
0.007069164667791866
0.00739542090945448
0.007590466722101821
0.007585213280724486
0.007326168197005525
0.006787316267028947
0.005978743874467147
0.004950066934256426
0.003787513313243069
0.002604573224482366
0.0015272826284128222
0.0006762366142242533
0.00014814560551182528
0.0
0.0002386303402985247
0.0008176666962885102
0.001642732094627379
0.0025843442991283667
0.003496682848455753
0.004239338164134923
0.004698587562801164
0.004804750834832172
0.004542776249407453
0.003954301941093776
0.0031308433831809005
0.0021992329823378224
0.0013017257864742973
0.0005740602536993015
0.00012507162658360015
2.1144697314966036e-05
0.0002779199470137831
0.0008603896474933797
0.0016910676071754316
0.0026645468747908993
0.00366571575713466
0.004588364736572212
0.005350972413423498
0.005907085746037105
0.006248783080605455
0.006403022539651379
0.006421987127182902
0.006369600364840173
0.00630701112759844
0.006279927071620123
0.006310209624635422
0.006393229613537562
0.006501303495468256
0.006592315262857027
0.006621611077184505
0.006554624419831284
0.006377564278960277
0.006103895345436517
0.0057751754088650135
0.005455926266066427
0.00522338505556401
0.005153988597191976
0.005309093419203534
0.0057226076887959216
0.006392878970012573
0.007280410496602421
0.008311917514588615
0.009390086022365829
0.010407374448908135
0.011261492690766872
0.011869928221239844
0.01218110627523349
0.012180419780931321
0.011890314390799031
0.01136468100650492
0.010678791738604896
0.009916735824291865
0.009158645178302323
0.008469897759077982
0.007893987664443852
0.007449965209205654
0.007134440323788564
0.006927288377361908
0.006799561137926071
0.006721800340676515
0.00667102103859851
0.0066350444610957
0.0066135163424574485
0.006615702277227103
0.006655847473145198
0.006747382879376684
0.00689745751894825
0.007103146501600727
0.007350263112045261
0.007615088662814124
0.007868660930544724
0.008082676048535487
0.008235684202955677
0.008318174740472913
0.008335367866653454
0.008307009889614813
0.008264104751331852
0.008243171718861825
0.008279158567810188
0.008398446896091448
0.008613395086969778
0.008919570531076075
0.009296284501385348
0.009710369939077392
0.010122472277822654
0.010494594576983618
0.010797360971030234
0.0110154965117753
0.011150363640775606
0.011218979901447663
0.01124965256947321
0.011275061537803631
0.011324161776421399
0.01141455070507175
0.011546895725884486
0.011702648770201458
0.01184565686870893
0.011927528925519099
0.011895883921833526
0.011704027525181907
0.011320295391100566
0.010735323216061627
0.009965853070895843
0.009054297080432497
0.008064037656239652
0.007071205566235484
0.006154300935964116
0.005383393346377234
0.004810690298202417
0.004463994154046532
0.004344032574217909
0.004425951387344723
0.004664534231733076
0.005002094151641046
0.005377578545625891
0.005735306022756916
0.006031921994035805
0.006240573978946695
0.006351877799747917
0.006371856734188513
0.006317569875254391
0.006211506803127677
0.006075955325058138
0.005928437796830418
0.0057789974019900004
0.005629674387460814
0.005476039815976322
0.005310247124551783
0.0051247964569709715
0.004916126163630347
0.00468725205790071
0.004448931290517541
0.00421916873004609
0.0040212312126258355
0.003880615282602392
0.0038215737784986245
0.0038638233321508747
0.004019939958220746
0.004293744042766267
0.004679737846286661
0.005163449860363921
0.00572241066143036
0.0063274600119445
0.006944160830075985
0.007534240055914592
0.008057137561281609
0.008471864280318205
0.008739401349866097
0.008825787981257379
0.0087058532470989
0.008367284607086786
0.007814457855574601
0.007071254849980951
0.006182036275064909
0.0052100622263428625
0.00423297125759969
0.0033354024842088886
0.00259939835813201
0.0020937526606505277
0.0018638556826957838
0.0019237382885007757
0.00225186784477838
0.002791794758007217
0.0034580415394735767
0.004146774454315187
0.004749946169281087
0.005170903762082467
0.005339059753355102
0.0052212185062918155
0.004827563851290281
0.004211097832793486
0.0034603559222963105
0.0026863396369985124
0.0020056092778554632
0.0015221857246780482
0.001311185419916365
0.0014068941712443352
0.0017972972042188734
0.002426033810331838
0.0032015109608592046
0.0040117041088297495
0.004742206622615934
0.005294533877906754
0.005601644709792939
0.005638122111279256
0.005423374180826357
0.00501741414265756
0.004510043767479238
0.004005374987321305
0.0036043858202444274
0.0033884884669121407
0.003406846158892545
0.003669461800308998
0.004147010542848345
0.004777193691085029
