0.0022488335847567586
0.0022413945753483955
0.002231679213136907
0.002219649984921854
0.0022052772530470827
0.002188539440764121
0.002169423191009645
0.0021479234979476583
0.002124043810720568
0.0020977961089489604
0.0020692009496172956
0.0020382874850815385
0.0020050934520345785
0.001969665131365894
0.0019320572789528116
0.0018923330275215943
0.0018505637598171536
0.001806828953419939
0.0017612159976472977
0.0017138199830738516
0.001664743464300925
0.0016140961966984325
0.0015619948479335235
0.001508562685188408
0.0014539292390548207
0.0013982299451742023
0.0013416057647706078
0.0012842027852973384
0.0012261718024880364
0.0011676678851682211
0.0011088499242438285
0.0010498801673389467
0.0009909237406054174
0.0009321481592722267
0.000873722828542331
0.0008158185364787194
0.0007586069405499604
0.0007022600495280745
0.0006469497024483187
0.0005928470463511955
0.0005401220145318276
0.0004889428070205589
0.0004394753750114628
0.0003918829109422202
0.000346325345909752
0.0003029588560810141
0.0002619353797276864
0.0002234021464771357
0.00018750122033018906
0.000154369057949058
0.0001241360836663789
9.692628260895859e-05
7.285681326767764e-05
5.2037640778281134e-05
3.457119210677423e-05
2.0552034258060434e-05
1.0066576547573553e-05
3.1927978933017284e-06
0.0
5.485872189153751e-07
4.889873775262756e-06
1.3065918962396235e-05
2.510939080633363e-05
4.104345860748808e-05
6.0881714668370966e-05
8.462812541709056e-05
0.00011227701203695263
0.00014381306061281903
0.0001792113617053409
0.0002184374791652289
0.00026144754790158233
0.00030818840022143155
0.00035859772026228167
0.00041260422594603966
0.00047012787779144964
0.0005310801138335127
0.0005953641098125069
0.0006628750637125594
0.0007335005036504532
0.0008071206180398026
0.0008836086068841496
0.0009628310529851544
0.001044648311789098
0.0011289149185366469
0.0012154800113273283
0.0013041877686617962
0.0013948778599816311
0.001487385907688549
0.0015815439590923196
0.0016771809667097464
0.0017741232753157353
0.0018721951141316582
0.001971219092526413
0.0020710166976011394
0.0021714087920301234
0.0022722161105375466
0.0023732597534025096
0.0024743616754031965
0.002575345168634892
0.0026760353376658543
0.0027762595655296245
0.0028758479690919564
0.0029746338423752676
0.0030724540864728376
0.003169149624739052
0.003264565802000342
0.003358552766593942
0.003450965834108094
0.003541665831767314
0.003630519422479813
0.003717399407640764
0.0038021850078643078
0.003884762120899262
0.003965023556067371
0.004042869244648999
0.00411820642572865
0.0041909498071014475
0.004261021700931396
0.0043283521339424974
0.0043928789320142846
0.004454547779143771
0.0045133122508258326
0.004569133821993303
0.004621981849746285
0.004671833531187022
0.004718673836761823
0.004762495419594672
0.004803298501378062
0.0048410907354648255
0.004875887047880247
0.004907709457046001
0.004936586873076481
0.004962554877573414
0.004985655484906235
0.0050059368860231445
0.0050234531758911235
0.00503826406571203
0.005050434581106256
0.005060034747495019
0.0050671392639472495
0.005071827166786847
0.005074181484281046
0.005074288883750393
0.005072239312455552
0.005068125633625728
0.005062043258997881
0.0050540897792351646
0.005044364593587194
0.0050329685401438555
0.00502000352801844
0.0050055721727751655
0.00498977743639052
0.004972722273007644
0.004954509281708196
0.004935240367487009
0.004915016411571534
0.004893936952180681
0.004872099876766629
0.004849601126728357
0.004826534415527661
0.004802990961077191
0.0047790592332060434
0.004754824716941792
0.004730369692278868
0.004705773031032253
0.004681110011302616
0.004656452150004864
0.0046318670538366595
0.004607418288987121
0.004583165269809208
0.0045591631666020505
0.0045354628325724785
0.004512110749968237
0.0044891489952992416
0.00446661522348806
0.004444542670716777
0.004422960175665003
0.004401892218762937
0.004381358979014856
0.0043613764078819905
0.00434195631964982
0.004323106497643968
0.004304830815600691
0.004287129373443253
0.0042699986466640345
0.004253431648464545
0.004237418103761438
0.004221944634126668
0.004206994952693888
0.0041925500680314864
0.004178588495955143
0.004165086478229742
0.004152018207091854
0.004139356054509919
0.004127070805089686
0.004115131891527497
0.004103507631513593
0.0040921654649916945
0.004081072190689778
0.004070194200850017
0.004059497713103275
0.004048948998455322
0.004038514604377774
0.004028161572026767
0.004017857646646206
0.004007571480250043
0.003997272825719284
0.003986932721493989
0.003976523666088366
0.003966019781707888
0.003955396966300943
0.003944633033433658
0.003933707839435027
0.003922603397319938
0.003911303977060034
0.0038997961918362037
0.003888069069971571
0.0038761141123100414
0.0038639253348722495
0.003851499296688064
0.0038388351127722434
0.0038259344522771866
0.0038128015219236174
0.0037994430348763674
0.0037858681652976718
0.0037720884888745652
0.003758117909679529
0.0037439725737845103
0.0037296707701072675
0.003715232819025736
0.003700680949350343
0.0036860391642957163
0.0036713330971419314
0.0036565898573210583
0.0036418378677069967
0.0036271066939255756
0.0036124268665370897
0.0035978296969750383
0.0035833470881524807
0.003569011340671121
0.0035548549555878936
0.003540910434709233
0.00352721007939456
0.003513785788857445
0.0035006688589556854
0.003487889782459979
0.0034754780517849884
0.0034634619651565312
0.0034518684371743274
0.003440722814711198
0.003430048699067204
0.0034198677752705384
0.0034101996493867527
0.003401061694663622
0.0033924689073013504
0.003384433772596524
