0.0
1.7074362624932855e-05
5.085429013398663e-05
0.00010078924522419251
0.00016610977039705583
0.0002458379947478115
0.000338801312879822
0.0004436490264910168
0.0005588716922315757
0.0006828228766547827
0.0008137429811689218
0.0009497847674586591
0.0010890401873990972
0.0012295681014537177
0.0013694224562408937
0.0015066804855729669
0.0016394704999019385
0.0017659988367159595
0.0018845755588749722
0.0019936385088934255
0.002091775354407145
0.002177743293032818
0.0022504861229821517
0.002309148428485221
0.0023530866755934873
0.0023818770634973607
0.0023953200282840984
0.002393441349225094
0.002376489861344642
0.0023449318313090734
0.002299442105720966
0.002240892190868775
0.0021703354700678217
0.00208898980818729
0.0019982178321070534
0.0018995052100816633
0.0017944372817853941
0.0016846744137446526
0.0015719264716050868
0.001457926811007889
0.0013444061926490335
0.0012330670243606578
0.0011255583238886932
0.001023451780653413
0.0009282192734797914
0.0008412121744773558
0.0007636427374274409
0.0006965678327705716
0.0006408752512178763
0.0005972727548341594
0.0005662800088979251
0.0005482234807076603
0.0005432343435653269
0.0005512493762231097
0.0005720148009148844
0.0006050929574751701
0.0006498716677054497
0.0007055761037648568
0.0007712829375649453
0.0008459365154948823
0.0009283667747754347
0.0010173085947353592
0.0011114222586304171
0.0012093146894973754
0.001309561117071203
0.00141072683201371
0.0015113886885308814
0.0016101560267244258
0.0017056907014719332
0.0017967259249161115
0.0018820836543470044
0.0019606902858928417
0.00203159044644724
0.0020939587110553664
0.002147109109924371
0.0021905023276520058
0.002223750536505584
0.0022466198449525698
0.0022590303814743083
0.002261054071337223
0.002252910199834208
0.0022349588889684063
0.002207692645109163
0.0021717261623426967
0.0021277845896725644
0.002076690489574545
0.0020193497304329725
0.0019567365659163964
0.0018898781603088064
0.001819838820199122
0.0017477041898285278
0.0016745656599629435
0.0016015052286305715
0.001529581036745227
0.0014598137828896395
0.0013931741997782379
0.0013305717506206243
0.0012728446772660733
0.0012207515041535654
0.0011749640732649736
0.001136062156031539
0.0011045296590213485
0.0010807524117706138
0.0010650174978217536
0.00105751406437274
0.0010583355223582943
0.0010674830276612016
0.0010848701158211313
0.0011103283473407912
0.0011436138086905567
0.0011844143055234572
0.001232357079502792
0.0012870168785178624
0.001347924211853478
0.0014145736269562557
0.0014864318526132175
0.0015629456643769966
0.0016435493416377656
0.001727671601510143
0.00181474191229346
0.001904196108265003
0.0019954812475488056
0.002088059675324255
0.0021814122752552394
0.002275040912292789
0.0023684700895084403
0.0024612478599512658
0.00255294605131844
0.0026431598761551137
0.0027315070130660172
0.0028176262547893673
0.002901175826767766
0.0029818314849218695
0.003059284503620298
0.0031332396643328282
0.0032034133522014334
0.003269531861871429
0.003331330005553399
0.0033885501056480725
0.0034409414416193616
0.003488260206445081
0.0035302700122443313
0.0035667429679370633
0.003597461334416032
0.0036222197450984294
0.003640827962271003
0.003653114122742105
0.0036589284103482785
0.00365814707819237
0.0036506767304496186
0.003636458762466867
0.0036154738489584453
0.0035877463635848317
0.0035533486092515793
0.0035124047371984097
0.003465094234418268
0.003411654863153488
0.003352384943104857
0.0032876448764470783
0.0032178578276056856
0.0031435094838004403
0.0030651468383370867
0.0029833759562306913
0.0028988587006324017
0.002812308418341477
0.002724484603028757
0.002636186575276046
0.00254824623874075
0.0024615199912830818
0.00237687988834912
0.002295204172910239
0.0022173673014672813
0.002144229608715956
0.0020766267641585765
0.00201535918199874
0.0019611815508828933
0.001914792652319929
0.0018768256358380273
0.0018478389151037507
0.0018283078423681229
0.0018186173088102463
0.001819055405770592
0.0018298082667051597
0.0018509561922004797
0.0018824711408650429
0.0019242156476918981
0.0019759432089403043
0.0020373001491082905
0.0021078289615791795
0.0021869730904509905
0.0022740830973300334
0.002368424133915016
0.002469184619430902
0.002575486001785672
0.0026863934630858496
0.0028009274141890038
0.0029180756095860258
0.0030368057033372075
0.003156078059229166
0.003274858623914211
0.0033921316706231447
0.0035069122231311794
0.0036182579749697566
0.003725280527321841
0.0038271557804645372
0.0039231333278270785
0.004012544718459874
0.004094810472662686
0.004169445756356803
0.004236064642134953
0.004294382908383831
0.004344219352028451
0.00438549561486488
0.004418234547694302
0.004442557160117505
0.004458678226477776
0.004466900639655113
0.004467608623846453
0.00446125993477978
0.004448377190710089
0.0044295384897827155
0.004405367478725891
0.004376523044203602
0.004343688801433307
0.004307562554818822
0.0042688459023931275
0.00422823414989296
0.004186406691435407
0.004144018002228397
0.004101689374762316
0.004060001513783362
0.004019488087363654
0.0039806303119138495
0.003943852628411288
0.003909519505839103
0.0038779333862582572
0.003849333764476195
0.0038238973743391124
0.003801739433652776
0.003782915881001657
0.0037674265206337288
0.003755218976418775
0.0037461933429437234
0.0037402074113052843
0.0037370823392754706
0.0037366086303750427
0.0037385522840639378
0.0037426609797617744
0.0037486701607048873
0.0037563088896343756
0.0037653053568441315
0.00377539193200204
0.0037863096641484947
0.0037978121490908714
0.003809668699732445
0.0038216667723526667
