0.0013443687008231069
0.0013505198357220455
0.001356977834716983
0.0013637282801671074
0.0013707546523998564
0.0013780383215054284
0.0013855585502058126
0.0013932925079295359
0.0014012152961739937
0.0014092999851872906
0.0014175176619511695
0.0014258374893960507
0.0014342267767286732
0.001442651060702497
0.0014510741976111322
0.0014594584657357977
0.0014677646779293764
0.0014759523039722575
0.0014839796022889972
0.0014918037605701313
0.0014993810448003663
0.0015066669561531086
0.0015136163951719826
0.0015201838326228592
0.0015263234863650687
0.0015319895035581332
0.0015371361474905965
0.0015417179882905303
0.0015456900967531653
0.001549008240499947
0.0015516290816652463
0.0015535103752920595
0.0015546111676063817
0.001554891993331603
0.001554315071199299
0.0015528444968112127
0.0015504464320090809
0.0015470892899142337
0.0015427439148076336
0.001537383756033145
0.0015309850351223563
0.0015235269053581579
0.0015149916030164302
0.0015053645895505845
0.0014946346840122135
0.0014827941850326799
0.0014698389817249483
0.0014557686529022974
0.001440586554050527
0.0014242998915328217
0.001406919783551357
0.0013884613074368855
0.0013689435328867509
0.0013483895408228671
0.0013268264275939584
0.0013042852943006289
0.0012808012210773624
0.001256413226222199
0.001231164210122301
0.0012051008839817805
0.0011782736834167096
0.0011507366670410039
0.0011225474002256155
0.0010937668242719434
0.0010644591112984134
0.0010346915051964464
0.001004534149068456
0.0009740598996157168
0.000943344128997826
0.0009124645147377624
0.0008815008182970331
0.0008505346529939062
0.0008196492419840367
0.0007889291670667327
0.0007584601091214686
0.0007283285810179359
0.0006986216538786274
0.0006694266776057255
0.0006408309966135365
0.0006129216617339872
0.0005857851392854557
0.0005595070183144768
0.0005341717170355006
0.0005098621895057976
0.0004866596335807848
0.00046464320119935496
0.000443889712049323
0.00042447337165965214
0.0004064654949589013
0.00038993423632813326
0.0003749443271615256
0.0003615568219290928
0.0003498288537132962
0.00033981340016503415
0.00033155906079453037
0.0003251098464791748
0.0003205049820334579
0.00031777872264592845
0.0003169601849446963
0.00031807319340658837
0.00032113614277574963
0.00032616187710547825
0.0003331575859825478
0.0003421247184363569
0.00035305891497626517
0.00036594995813947766
0.00038078174186916306
0.0003975322599783133
0.0004161736138893902
0.0004366720397733033
0.0004589879551439749
0.00048307602489688233
0.0005088852467118143
0.0005363590556718165
0.0005654354478822833
0.000596047122806485
0.0006281216439669085
0.0006615816175957526
0.0006963448887530397
0.000732324754367392
0.0007694301925926668
0.0008075661078137382
0.0008466335905768403
0.000886530191664372
0.0009271502094810384
0.0009683849898679175
0.0010101232374136531
0.001052251337287716
0.0010946536865796151
0.0011372130340903826
0.0011798108274886014
0.0012223275667129318
0.0012646431624766166
0.0013066372987068217
0.0013481897977332216
0.0013891809870257151
0.001429492066270962
0.0014690054735713638
0.0015076052495483223
0.001545177398134106
0.0015816102428434053
0.00161679477732669
0.0016506250090227456
0.0016829982947472052
0.001713815667077505
0.0017429821504223232
0.001770407065695193
0.0017960043225474865
0.001819692698155177
0.0018413961015967127
0.0018610438229056162
0.0018785707659311427
0.001893917664193122
0.001907031278972902
0.0019178645789408703
0.0019263769006821808
0.0019325340895458105
0.001936308620307696
0.0019376796972062856
0.0019366333329780437
0.0019331624065911175
0.0019272666994472264
0.0019189529098945883
0.0019082346459681758
0.0018951323963474335
0.0018796734795955912
0.001861891971818661
0.001841828612955678
0.001819530691984643
0.0017950519114007062
0.0017684522313938444
0.0017397976942228545
0.001709160229350211
0.0016766174399682502
0.0016422523716109164
0.0016061532636067162
0.0015684132841873582
0.0015291302501225911
0.0014884063318048176
0.0014463477447569245
0.0014030644285832785
0.0013586697144268196
0.001313279982034484
0.001267014307568672
0.0012199941033339643
0.0011723427506157896
0.0011241852268510089
0.0010756477283694105
0.0010268572899598603
0.0009779414025251703
0.0009290276300956948
0.0008802432274731562
0.0008317147597732767
0.0007835677251284181
0.0007359261817996484
0.0006889123809315271
0.0006426464061624895
0.0005972458212789729
0.00055282532707267
0.0005094964285274081
0.0004673671134253893
0.0004265415434219083
0.0003871197585934871
0.000349197396416655
0.0003128654260835125
0.0002782098990061115
0.00024531171630457556
0.00021424641401398734
0.0001850839666827492
0.00015788860997044776
0.00013271868278651893
0.00010962648944242673
8.865818221996083e-05
6.98536646867498e-05
5.324651601756945e-05
3.886393650658743e-05
2.6726714381880394e-05
1.6849213959221855e-05
9.239385097971602e-06
3.898793847911027e-06
8.226741023342147e-07
0.0
1.413578746875966e-06
5.040163458130704e-06
1.085058555201396e-05
1.880990616009168e-05
2.8877585953262326e-05
4.10076727200752e-05
5.514900597353937e-05
7.12454378048843e-05
8.923606914790238e-05
0.00010905550056579849
0.0001306340966239466
0.00015389826286691267
0.00017877073437665104
0.0002051708748509887
0.00023301498510767482
0.0002622166198893018
0.0002926869118186227
0.00032433490133208917
0.00035706787140193734
0.0003907916858440915
0.0004254111300002509
0.00046083025257805826
0.0004969527074331766
0.0005336820940812967
0.0005709222957367018
0.0006085778136868625
0.0006465540968296546
0.0006847578652210658
0.0007230974265066002
0.0007614829841389649
0.000799826936317811
0.0008380441646242756
0.000876052311363636
0.0009137720446733956
