0.008632821993639024
0.008124195064207133
0.007443050450252276
0.006653827910935498
0.0058282698010391635
0.005036644757448641
0.004340031834100735
0.0037845837106248183
0.003398282069584213
0.003190263102728943
0.0031524045647570212
0.0032625882663149626
0.0034889163490403313
0.0037941681702762815
0.004139911307556258
0.004489879717293254
0.004812451169958109
0.005082245690517632
0.0052809921470627335
0.005397857003850251
0.005429404537395663
0.005379285743219682
0.005257667528363917
0.005080348473914047
0.00486748753091439
0.004641907455731811
0.004427018213952464
0.0042445144269499906
0.004112103477780005
0.004041584581403933
0.004037599224231336
0.004097299836264372
0.004211044413929839
0.004364045274298884
0.004538717449844846
0.0047173274953953995
0.004884472042915903
0.00502893835474054
0.005144617418338081
0.005230333418087431
0.005288683351462386
0.005324198425515458
0.005341295946795428
0.005342548761871687
0.005327740697967551
0.0052940074268145575
0.005237113877020783
0.00515364202892172
0.005043616182832162
0.004912933088051225
0.004774932858581163
0.00465055973032556
0.0045668061538503574
0.004553467767643803
0.0046385975111758754
0.004843362192516242
0.005177206835035006
0.005634272545992048
0.0061918734294740905
0.006811532803494389
0.007442657335795211
0.008028463213732255
0.008513346140588997
0.008850587301688532
0.009009170829082135
0.008978582829963977
0.008770757434561526
0.008418783931166855
0.007972514151752898
0.007491718902994385
0.007037846188095137
0.006665660512372382
0.006416051847881717
0.006311094244821643
0.006352046279427091
0.00652048906588352
0.00678228154150313
0.00709356813715412
0.007407776772849005
0.0076824426334536535
0.00788479580232699
0.007995331179325453
0.008008978237614685
0.007933927667167561
0.007788569422339254
0.007597281574531646
0.00738593595968802
0.0071779418173390855
0.006991453103394502
0.006838067772426307
0.006723014160254394
0.006646520002748705
0.006605852076275632
0.006597435133403764
0.006618515210336951
0.006668002966316106
0.00674637268290591
0.0068547442747580786
0.0069934815068063965
0.007160754394067338
0.007351514229791156
0.007557219065851675
0.007766454158502292
0.007966362726371256
0.008144591913236146
0.00829131711154915
0.008400869007440333
0.008472562581364978
0.008510500539124282
0.008522357134746222
0.008517389418195728
0.00850411597585428
0.0084882020418437
0.008471068206153058
0.00844959787602668
0.008417083190768088
0.008365269084858943
0.008287091227080016
0.008179515095601256
0.008045815827934491
0.007896712620423796
0.007749978432932195
0.007628447674485936
0.007556681534410982
0.007556852761194529
0.007644613432666272
0.00782576340726077
0.008094425424674838
0.008433170770107369
0.008815174372167297
0.00920808065565626
0.00957891131222249
0.009899116576156903
0.010148813837431898
0.01031938954049372
0.010413942366469382
0.010445462541569677
0.01043309345614796
0.010397217602373651
0.010354367298311584
0.010313024864346907
0.010271227164624776
0.010216548394126172
0.010128564534436337
0.009983392942363892
0.009759452033004433
0.009443291227909708
0.009034265221911626
0.008546993111334694
0.008010928880203435
0.007466907980831269
0.00696112580996955
0.006537534422345945
0.00623000821277946
0.0060557503346757675
0.006011256294083495
0.0060717383041854
0.0061943122014332845
0.006324564699804982
0.00640547806935453
0.006387213196006796
0.006236034359362482
0.005940748348342257
0.005515419472619718
0.0049977478612203835
0.004443253380010427
0.003916157752645932
0.0034784673630107385
0.003179116014087339
0.003045061723500335
0.0030759325022522493
0.003243230819910688
0.0034943346793802005
0.0037607087419700242
0.003969006083068719
0.004053228985870744
0.003965916451206365
0.003686473081407693
0.003225224056705284
0.0026224930269661377
0.001942830951442659
0.0012653312460211919
0.0006716122183348227
0.0002334230686759928
1.8738893902093753e-06
0.0
0.00021980082977665887
0.0006241445207390978
0.0011531310547483187
0.0017337940566785988
0.0022915116036388507
0.002761268886395237
0.003096999756518053
0.0032776057361956603
0.0033088379570454874
0.003220924046207387
0.0030625081827804056
0.00289203515196122
0.0027680607874257714
0.00274006386103268
0.0028411662937414335
0.0030837815297146435
0.0034586815702892203
0.003937397635556123
0.004477345909332341
0.005028681687983531
0.0055416876469735876
0.005973514129198749
0.006293293758343911
0.006485000344293643
0.006547843275265926
0.006494406434085828
0.006347084781340874
0.006133590073232778
0.005882363652889558
0.005618651300300367
0.005361791008579561
0.005123986339037
0.004910541756237282
0.004721276471957796
0.0045526530819001475
0.00440008194981297
0.004259896139499888
0.004130618852228666
0.00401333421794501
0.003911182477524841
0.0038281906832174683
0.003767785147101788
0.0037313893724016723
0.0037174839795288
0.0037214018241166673
0.003735974055080699
0.003752962006115315
0.0037650393312259273
0.003767959645125134
0.00376248021668975
0.003755623756731547
0.003760946981824241
0.003797633114064871
0.0038884126368014544
0.004056513225390064
0.004322014968934165
0.004698112913270412
0.005187844681076652
0.005781815501984051
0.006457346991624945
0.007179301617587314
0.007902614253759495
0.008576325105984554
0.00914868758090703
0.009572752372253648
0.009811731713342023
0.009843442565709137
0.009663219409490206
0.009284867628221604
0.008739475535663586
