0.0007078864714024331
0.0006603273430299243
0.0006117418952549857
0.000562390849901612
0.0005125756321469541
0.0004626366342334711
0.0004129507083986538
0.000363927905460289
0.0003160074909612633
0.0002696532858626231
0.0002253483931646302
0.00018358938523281077
0.00014488003872739044
0.00010972471462208553
7.862148962322355e-05
5.2055152167755246e-05
3.0490180932249205e-05
1.4363826308952995e-05
4.0794155279162605e-06
0.0
2.442459044279437e-06
1.1672167511184942e-05
2.7898326030647517e-05
5.127004185647983e-05
8.187323573832458e-05
0.00011972843616111215
0.00016478950691161906
0.00021694333755187657
0.00027601050931073436
0.0003417469314741057
0.0004138464258966379
0.0004919442201104869
0.000575621293004184
0.0006644095015090281
0.0007577974024678278
0.0008552366711534984
0.000956149007006672
0.0010599334082916304
0.0011659736907095812
0.0012736461206965454
0.0013823270322635538
0.0014914002968560577
0.0016002645188156483
0.0017083398345699489
0.0018150742015578124
0.0019199490729723257
0.0020224843664858865
0.0021222426489817
0.002218832474690782
0.00231191083072819
0.0024011846615168077
0.0024864114616424144
0.00256739894494818
0.0026440038157924074
0.002716129686003762
0.002783724197824739
0.002846775428703088
0.0029053076678600973
0.0029593766668496255
0.0030090644765711954
0.0030544739912020933
0.00309572332509703
0.00313294015174663
0.00316625613431332
0.003195801575052052
0.0032217004061018224
0.003244065636782374
0.0032629953627784838
0.0032785694306203695
0.003290846836895965
0.003299863925923189
0.0033056334324680133
0.0033081443978479246
0.00330736296876509
0.0033032340688420557
0.003295683913468351
0.0032846233195952196
0.0032699517439204835
0.003251561965856389
0.003229345316122404
0.003203197338077694
0.0031730237572983443
0.003138746625667154
0.003100310499591024
0.0030576885080560536
0.0030108881651858153
0.0029599567838417117
0.002904986351598169
0.002846117738085562
0.0027835441131101946
0.0027175134679692224
0.0026483301477634425
0.0025763553200082194
0.0025020063241456107
0.00242575486732334
0.002348124053651571
0.0022696842566743295
0.002191047867578722
0.002112862974282319
0.0020358060485550456
0.0019605737393214393
0.0018878738898404667
0.001818415914184252
0.0017529006839741683
0.0016920100893598078
0.0016363964484631564
0.0015866719467256796
0.0015433982916114599
0.0015070767688148085
0.00147813888343453
0.0014569377635106706
0.0014437404939360902
0.0014387215361796246
0.0014419573736747895
0.001453422504380145
0.0014729868811995906
0.0015004148780066876
0.001535365834332409
0.0015773962057719683
0.0016259633202937677
0.001680430713361489
0.001740074987591974
0.0018040941160509926
0.0018716170827168116
0.0019417147295823756
0.0020134116577635278
0.0020856990102441006
0.0021575479468913727
0.0022279236084435457
0.0022957993555792746
0.002360171062144356
0.0024200712382878038
0.002474582759738707
0.002522851983759346
0.002564101040394273
0.002597639099386641
0.0026228724283738265
0.002639313076462143
0.0026465860387149976
0.002644434781114387
0.002632725031769971
0.0026114467721079946
0.0025807143909976973
0.0025407649947619083
0.002491954896254032
0.0024347543361395354
0.002369740518673968
0.0022975890721110177
0.002219064069913155
0.002135006772715163
0.0020463232720857962
0.0019539712351703395
0.0018589459639551404
0.0017622659939110345
0.0016649584639474033
0.0015680444928110983
0.001472524796233227
0.0013793657742731565
0.0012894862895145218
0.0012037453441856587
0.001122930848126649
0.0010477496500915077
0.0009788189825003296
0.0009166594448384794
0.000861689623880687
0.0008142224202771743
0.0007744631212866316
0.000742509229106801
0.0007183520238788153
0.0007018798105674074
0.0006928827700795181
0.000691059307692257
0.0006960237666049892
0.0007073153516590561
0.0007244080883872118
0.0007467216259160773
0.0007736326791421163
0.000804486896264409
0.000838610932346439
0.000875324508183362
0.0009139522363865711
0.0009538350032059697
0.0009943407050612347
0.0010348741528455818
0.0010748859745309195
0.0011138803671116389
0.0011514215720896646
0.0011871389740903222
0.0012207307493309377
0.0012519660190330245
0.001280685491942882
0.0013068006093591921
0.001330291234911763
0.0013512019592513999
0.0013696371162729595
0.0013857546320040597
0.0013997588493891986
0.0014118924914662825
0.0014224279415052529
0.0014316580312514733
0.0014398865372502278
0.001447418590152998
0.001454551202824189
0.0014615641199578295
0.0014687111848310191
0.0014762124078948492
0.001484246907336115
0.0014929468738065356
0.001502392690546563
0.0015126093165236717
0.001523564014405962
0.0015351654776916042
0.0015472643826358642
0.001559655361309868
0.0015720803627513207
0.0015842333402940072
0.0015957661753515022
0.001606295721723257
0.001615411830405227
0.00162268619340098
0.0016276818265753298
0.0016299629965488957
0.0016291053853150252
0.0016247062789167379
0.0016163945633261496
0.0016038403117179549
0.0015867637526406817
0.0015649434181009068
0.001538223284144631
0.001506518733925894
0.001469821194201722
0.0014282013203208881
0.0013818106316555066
0.001330881528577324
0.001275725652975611
0.0012167305863844194
0.0011543549124393689
0.00108912170300781
0.0010216105193143526
0.0009524480501062594
0.0008822975377767023
0.000811847169822454
0.0007417976365304044
0.0006728490758863222
0.0006056876429590148
0.0005409719530810812
0.000479319655742182
0.0004212943990312722
0.00036739344259267945
0.00031803617036530547
0.0002735537429108076
0.00023418011304925665
0.0002000446080383711
0.00017116625696740866
0.00014745001377821417
0.0001286849948344776
