0.0032354635071104015
0.0030849633447439773
0.0029289783687081084
0.002768187420813843
0.002603348742004761
0.002435296196265701
0.0022649342927431116
0.0020932320086869778
0.0019212154360427093
0.0017499592953534814
0.0015805773817067826
0.0014142120283827746
0.0012520226942362555
0.0010951738002652352
0.0009448219588896129
0.0008021027557980854
0.0006681172584565784
0.0005439184371714614
0.00043049769366571835
0.0003287716981985817
0.00023956973912918605
0.0001636217883364986
0.00010154748196245823
5.384620850480432e-05
2.088848537549603e-05
2.908790748588387e-06
0.0
1.210955550559438e-05
3.9037475286925714e-05
8.043628030606972e-05
0.00013581289249271506
0.00020453252626382971
0.0002858245658328481
0.00037879038949577585
0.0004824130708424722
0.0005955688560026571
0.0007170402861315615
0.000845530805898003
0.0009796806722710545
0.0011180839538990758
0.001259306390291445
0.0014019038622614184
0.0015444412110301549
0.0016855111333315387
0.001823752874035365
0.0019578704363940195
0.0020866500331128725
0.002208976509069151
0.0023238484786021777
0.0024303919367363266
0.002527872124266839
0.0026157034510541
0.0026934573097808553
0.002760867643410809
0.0028178341631705473
0.002864423149532875
0.002900865805840657
0.002927554172274883
0.0029450346462163105
0.0029539991930415555
0.0029552743683961815
0.00294980830837385
0.0029386558771972585
0.0029229621923709224
0.0029039447743272823
0.002882874590837146
0.0028610562854845824
0.002839807893964645
0.002820440361574136
0.0028042371798356986
0.0027924344596124222
0.002786201752309753
0.0027866239198869325
0.0027946843385624337
0.002811249700533037
0.002837056653052267
0.0028727004852259377
0.002918626040345985
0.0029751209960268993
0.0030423116164146444
0.003120161040932758
0.003208470133075147
0.003306880871333031
0.003414882223148678
0.0035318184025136877
0.0036568993731544356
0.00378921342282631
0.0039277416006900795
0.004071373779638664
0.004218926079294521
0.0043691593636538475
0.004520798510385929
0.00467255213689654
0.004823132461637071
0.004971274977901609
0.005115757621524202
0.005255419123396844
0.005389176252412673
0.0055160396740454865
0.00563512817396835
0.005745681024473651
0.005847068303494466
0.00593879901118975
0.006020526866734983
0.006092053707505051
0.006153330453562678
0.00620445564156996
0.006245671573210102
0.006277358163233594
0.006300024610636961
0.0063142990525811085
0.006320916393839256
0.0063207045342622194
0.006314569242453827
0.006303477945125063
0.006288442718083608
0.006270502776242861
0.006250706766217251
0.006230095165918163
0.006209683091080913
0.006190443798936131
0.006173293164479612
0.006159075385273195
0.006148550146790219
0.006142381452444223
0.006141128291120841
0.006145237280842599
0.006155037390756896
0.006170736805610814
0.006192421957951146
0.00622005871416785
0.006253495661889817
0.006292469408838446
0.00633661176771905
0.006385458668719602
0.006438460611280412
0.006494994440530103
0.006554376211618277
0.006615874887503537
0.006678726602885387
0.00674214921911918
0.006805356892252785
0.0068675743788052255
0.006928050811509752
0.0069860726898111234
0.00704097584719297
0.0070921561790832375
0.007139078940730083
0.007181286453571507
0.007218404090688349
0.007250144446328562
0.007276309630572368
0.007296791667295838
0.007311571010985908
0.007320713234960937
0.007324363979460435
0.007322742282209643
0.007316132445794772
0.007304874624902841
0.007289354341641433
0.007269991158278789
0.007247226753428475
0.00722151265962201
0.0071932979271326965
0.007163016980691373
0.007131077932323572
0.0070978516049868615
0.007063661508142452
0.007028774988096094
0.0069933957532176735
0.0069576579474094485
0.006921621914927968
0.00688527176643022
0.0068485148205245615
0.006811182957821586
0.006773035886194054
0.0067337662773854475
0.006693006696978702
0.006650338212772245
0.006605300531512124
0.006557403481370686
0.006506139628172836
0.006450997787725629
0.006391477175215116
0.00632710191592944
0.00625743562990007
0.006182095796683272
0.00610076760559594
0.006013217001339094
0.005919302645053069
0.005818986526314216
0.005712342982169477
0.005599565904681724
0.005480973948206394
0.005357013581236199
0.005228259864560282
0.0050954148770472
0.004959303751885089
0.004820868328865532
0.004681158471518666
0.004541321140823028
0.004402587359049374
0.004266257237293696
0.004133683277677477
0.004006252195350697
0.0038853655356871253
0.0037724193878377887
0.003668783516609225
0.0035757802500459564
0.0034946634698004467
0.0034265980551481043
0.0033726401292314637
0.003333718447785096
0.0033106172562958206
0.0033039609214922804
0.0033142006175372867
0.003341603316716385
0.003386243299269365
0.0034479963578728685
0.0035265368298001195
0.0036213375446684714
0.0037316727286970694
0.003856623858332102
0.00399508840777563
0.004145791387204061
0.0043072995221056926
0.004478037880006105
0.004656308709651389
0.0048403122202032856
0.005028168994823973
0.005217943704778096
0.005407669767359244
0.005595374573966402
0.005779104903826224
0.005956952134384434
0.006127076861370841
0.006287732549964676
0.006437287853223569
0.006574247254757392
0.006697269719186764
0.006805185065786557
0.006897007817345541
0.006971948317059368
0.007029420950528815
0.0070690493569099885
0.007090668562162555
0.007094324017336159
0.007080267575074379
0.007048950487145585
0.007001013553986404
0.006937274603146229
0.00685871351637
0.006766455064121893
0.006661749840973063
0.006545953624864144
0.006420505507310022
