0.005216735806063489
0.005064141329133323
0.004857614105432291
0.004645462490880148
0.0044750043345098325
0.004384006224282477
0.004393939349149995
0.004506280097969508
0.004702526154597311
0.004947921715461422
0.005198211940501403
0.005408198399557338
0.005540541870520807
0.005573213100689235
0.005504232118553543
0.005352817448386723
0.005156701013312628
0.0049660394610785905
0.0048349493840204975
0.004812109140194295
0.00493203367749089
0.005208515681913095
0.005631359508511777
0.006166979859287278
0.006762791931552235
0.007354694015275058
0.00787644171768935
0.00826941623869747
0.008491242167693055
0.008521915148299256
0.008366516812060257
0.008054150292481166
0.007633330707872042
0.007164613328003517
0.006711651715354869
0.006332088346950098
0.0060696645734441175
0.005948705637811894
0.005971733828740933
0.006120457758311164
0.00635986037869234
0.006644644467105807
0.006926960666499185
0.007164185565966938
0.007325552724171243
0.007396655020922987
0.007381192808542144
0.00729978027539588
0.007186073835130502
0.00708088369505821
0.007025216193790858
0.007053331612787851
0.007186874683767988
0.007430952024874534
0.0077727234580002415
0.008182690709132483
0.008618465054247668
0.00903043388247467
0.009368476590896267
0.009588740115451026
0.009659491865934762
0.009565219422635014
0.009308417772661289
0.00890885460669718
0.008400479599776266
0.007826488525563146
0.007233316134478496
0.006664474009868733
0.006155150490766127
0.005728350216034442
0.005393093567728319
0.00514486230896203
0.004968120199082044
0.004840413341895312
0.004737316231884767
0.004637373935448309
0.004526216483409307
0.004399182938920309
0.00426206164493675
0.004129883576641787
0.004024040787847408
0.003968284106210723
0.003984335144179631
0.004087896727471269
0.004285755658407686
0.004574459745060464
0.004940756460560653
0.005363657525499181
0.005817701302482115
0.006276776604455511
0.006717785174626265
0.00712347078895884
0.007483920077495562
0.0077965093445946446
0.00806438101927301
0.008293823308239665
0.008491141196466833
0.008659704548676948
0.008797820576899505
0.008897910530390653
0.008947206417268101
0.008929874186747365
0.008830175570745339
0.008636059641676835
0.008342471145108468
0.007953697265032648
0.007484242165408052
0.00695798785015659
0.006405718994106562
0.005861396820001901
0.005357803302257082
0.0049222962374472065
0.0045733951612378495
0.004318762249809689
0.0041548822848627796
0.004068432889758289
0.004039032031383552
0.004042813447757003
0.004056157290310212
0.004058914774193525
0.004036606409255454
0.003981311596726102
0.0038912515943066994
0.003769337767459067
0.003621156045981923
0.0034529455365674574
0.0032700874738296206
0.0030764611624217435
0.0028747829728268345
0.002667777502381597
0.0024597978034498064
0.002258368473776621
0.0020751070730531626
0.0019255945582642019
0.0018279934743140416
0.0018005068381116915
0.001858067704163563
0.002008882439855076
0.0022515636515906294
0.0025735486092398744
0.002951304294788548
0.003352502205114409
0.0037399639401875908
0.004076808213455001
0.004331948583675331
0.004484961829117882
0.00452940428976409
0.004473896071821597
0.00434068147766213
0.004161837937038095
0.003973756468748229
0.003810864743103574
0.003699736632059714
0.003654689411534331
0.003675712574437097
0.003749144097084097
0.00385098972462537
0.0039522677202510756
0.004025356303522361
0.004050105896759448
0.004018500176801327
0.003936910118842037
0.0038254381018381226
0.0037144100654966624
0.003638634828627423
0.0036305008044820466
0.0037132306944388975
0.0038956113071312933
0.004169254483865764
0.0045089730586164506
0.004876262177330953
0.00522527605580157
0.005510201524078792
0.005692650494952031
0.00574768183548327
0.0056673248334202985
0.0054609630799966665
0.005152555124463423
0.004775295083646511
0.004364827103823144
0.003952417968428455
0.0035595004648489694
0.003194720223224371
0.0028541024060081974
0.002524302359112074
0.00218824620813349
0.0018319375953691468
0.0014509168079844263
0.0010548743694910072
0.0006692487903709084
0.0003332210280987853
9.424678203545211e-05
0.0
8.918966122572168e-05
0.0003830336215107418
0.0008791535341124198
0.0015492839861008466
0.0023415260276528145
0.003187038233354186
0.004010202982945315
0.0047405959391470095
0.005324663915640043
0.0057349709590129895
0.005975225753440929
0.006080001724716353
0.006108984431611873
0.006136563909680127
0.0062384526887241205
0.006477592032474716
0.006891797439692062
0.007485348145182202
0.008226081990289591
0.00904862728285348
0.009863350915876106
0.010569614078443607
0.011071179365506143
0.011291238703853632
0.011184595537738347
0.010745023362627375
0.010006646148991468
0.00903919571520007
0.00793801680360194
0.0068105346611311655
0.0057614288943578645
0.00487888764813501
0.004224037816892611
0.003825023687234047
0.0036763615867847817
0.003743290490205264
0.003970031635165653
0.004290301952485187
0.004638184232137402
0.004957564681953398
0.005208763191742625
0.00537160572914695
0.00544489091086406
0.0054428463582866515
0.005389637844529326
0.005313210646879894
0.005239687903103984
0.005189260859171844
0.005174061812304459
0.005198019606105117
0.005258269393706296
0.0053474117042892405
0.005455840199722201
0.005573484278572926
0.005690596652224862
0.005797577046577409
0.005884165355036556
0.0059385715199960195
0.005947173000851009
0.005895283449048404
0.005769204555323935
0.005559384843725157
0.005264119028357336
