3.0450501580957766e-05
8.338569484077612e-06
0.0
4.962109307530757e-06
2.2626449857811575e-05
5.2280667762053586e-05
9.311172734936595e-05
0.00014422026298865171
0.0002046358045053407
0.0002733326132752494
0.00034924586143629446
0.0004312878866346635
0.0005183642592457324
0.0006093894079330382
0.0007033015625077959
0.0007990767900334199
0.0008957419206265531
0.0009923861830234996
0.0010881713962448817
0.0011823405920974388
0.0012742249732651803
0.0013632491428062752
0.0014489345724202928
0.001530901308314919
0.001608867944324098
0.001682649921572065
0.0017521562419302334
0.001817384708304234
0.001878415827990459
0.0019354055355817238
0.0019885769088658417
0.002038211064598508
0.0020846374307605057
0.0021282235978163106
0.0021693649535360717
0.0022084743041560087
0.0022459716791341598
0.0022822745076767695
0.002317788342796764
0.0023528982932092286
0.0023879613052116616
0.0024232994162265136
0.0024591940793253736
0.0024958816342629565
0.0025335499758001355
0.0025723364448757813
0.002612326942986643
0.0026535562454355396
0.002696009465377936
0.0027396245982783097
0.0027842960558908613
0.0028298790805751516
0.0028761949149703437
0.0029230365890546292
0.002970175176625112
0.003017366366403706
0.003064357189400069
0.0031108927438727946
0.0031567227621912396
0.0032016078700160783
0.0032453253973302332
0.003287674612750521
0.0033284812669685214
0.0033676013477953086
0.0034049239677663864
0.0034403733252151053
0.0034739097007337053
0.003505529472582178
0.0035352641564381803
0.003563178496467171
0.0035893676555993344
0.0036139535727128325
0.003637080572749505
0.0036589103322680165
0.003679616317247482
0.003699377821812176
0.003718373745724448
0.0037367762548110835
0.0037547444718269386
0.0037724183455560612
0.0037899128432014742
0.003807312605376403
0.003824667194395838
0.003841987055247807
0.003859240294820283
0.0038763503689421674
0.0038931947488774392
0.003909604619439464
0.0039253656402459414
0.003940219780215628
0.003953868213631533
0.0039659752443850825
0.0039761732037933315
0.00398406824705985
0.003989246954424962
0.003991283625694209
0.003989748141485396
0.003984214251496452
0.003974268139627691
0.003959517108103234
0.003939598217985881
0.0039141867217705704
0.0038830041251198583
0.0038458257192589655
0.0038024874330079253
0.0037528918637688338
0.0036970133598271063
0.00363490204183648
0.003566686669061841
0.003492576275533656
0.0034128605223700745
0.003327908734765782
0.003238167615127239
0.0031441576471348577
0.003046468228709884
0.002945751594535596
0.0028427156105152286
0.0027381155429472897
0.002632744923890088
0.0025274256508304453
0.002422997473062771
0.002320307028862443
0.0022201966063880372
0.002123492807107793
0.0020309952933080153
0.0019434658008529852
0.00186161759483148
0.0017861055391055264
0.0017175169411895344
0.0016563633215020148
0.0016030732410682329
0.0015579863044758845
0.0015213484356045195
0.0014933085027049294
0.00147391634716836
0.001463122247190497
0.0014607778239099588
0.0014666383739011563
0.0014803665885426195
0.0015015375981721412
0.0015296452574723647
0.00156410956857584
0.0016042851202792312
0.0016494704058199567
0.001698917868162337
0.0017518445108871093
0.001807442904751482
0.001864892414909842
0.0019233704717258376
0.00198206370908054
0.0020401787980477487
0.0020969528106741164
0.0021516629582236275
0.0022036355604305863
0.0022522541168153764
0.002296966367675557
0.002337290250659935
0.0023728186785244316
0.00240322308439352
0.0024282557022316485
0.002447750571879022
0.002461623279537897
0.002469869465627086
0.002472562152085122
0.0024698479601468503
0.002461942307020323
0.002449123685459087
0.0024317271437031026
0.0024101370944358365
0.002384779590105154
0.0023561142080592698
0.0023246256923830973
0.0022908155000613685
0.0022551933971703673
0.002218269246285564
0.002180545119311692
0.002142507860662171
0.0021046222143451636
0.0020673246152988958
0.0020310177305360743
0.0019960658196087784
0.001962790966914105
0.001931470220763251
0.0019023336562765775
0.0018755633613883023
0.0018512933278853568
0.0018296102127909235
0.0018105549198416428
0.0017941249365811913
0.0017802773499551252
0.0017689324524619884
0.001759977842074646
0.001753272912433964
0.001748653625330466
0.001745937455280421
0.001744928396076534
0.00174542192151105
0.0017472097969470455
0.0017500846449266562
0.0017538441763881943
0.0017582950091173666
0.0017632560065493116
0.0017685610827097367
0.0017740614326558041
0.0017796271619554779
0.0017851483032237385
0.0017905352222077624
0.0017957184300759353
0.0018006478321220987
0.001805291455765468
0.0018096337122482952
0.0018136732565723205
0.0018174205187674235
0.0018208949863806427
0.0018241223229787482
0.001827131410379407
0.0018299514032142183
0.0018326088832726689
0.0018351251979143498
0.0018375140617431166
0.0018397794938285047
0.001841914154190371
0.0018438981332215543
0.0018456982364298134
0.0018472677945800327
0.0018485470162775857
0.0018494638865363148
0.0018499356012120851
0.0018498705136518506
0.001849170556802682
0.001847734091631316
0.0018454591212948297
0.0018422468003291993
0.0018380051594127677
0.0018326529592143273
0.0018261235816149806
0.001818368863327115
0.0018093627757102056
0.0017991048554478564
0.0017876232937066652
0.0017749775964049678
0.0017612607351959282
0.00174660071759115
0.0017311615151553179
0.00171514330069156
0.0016987819585807498
0.0016823478466785212
0.001666143803130855
0.0016505024068459578
0.0016357825158480038
0.0016223651230240074
0.0016106485835463103
0.0016010432822047204
0.0015939658217232941
0.001589832824594714
0.0015890544507933904
