7.3433128244147425e-06
4.490597859756716e-07
0.0
6.238049435837358e-06
1.9360651118301153e-05
3.9520859328064355e-05
6.682794753935318e-05
0.00010134848873305036
0.00014310784865043764
0.00019209202605625962
0.0002482497692887038
0.0003114948953790043
0.0003817087368761635
0.0004587426422226759
0.0005424204580642569
0.0006325409261690601
0.0007288799335688377
0.0008311925619691521
0.0009392148912267346
0.0010526655215489437
0.001171246789796659
0.0012946456666113125
0.0014225343327674159
0.0015545704448931613
0.0016903971122192857
0.0018296426170293077
0.001971919921720274
0.002116826014584985
0.0022639411543576822
0.0024128280800145116
0.002563031257107656
0.0027140762348925023
0.00286546918957381
0.0030166967280835628
0.0031672260238875586
0.0033165053514208273
0.0034639650789393918
0.003609019170956647
0.003751067241157335
0.003889497184940905
0.004023688407764564
0.004153015651492014
0.004276853406291014
0.004394580880566865
0.004505587486290446
0.004609278782208416
0.004705082803141142
0.00479245669020869
0.00487089352469222
0.00493992925763579
0.004999149618494995
0.005048196879387106
0.005086776346999458
0.005114662452134591
0.005131704307333306
0.005137830606092926
0.005133053742909545
0.005117473041689722
0.005091276990915916
0.005054744397176106
0.005008244384095866
0.004952235181107734
0.004887261665580263
0.004813951642290669
0.004733010865709103
0.004645216832689186
0.0045514113955279194
0.004452492267552514
0.004349403514990761
0.004243125149464482
0.004134661954601746
0.004025031697599369
0.003915252891714609
0.003806332288288413
0.0036992522867064148
0.0035949584574381617
0.0034943473767614485
0.003398254971835143
0.0033074455713481385
0.003222601850024363
0.0031443158448484195
0.0030730812071021185
0.003009286837341046
0.0029532120305261157
0.0029050232359497732
0.0028647725117060415
0.0028323977266424367
0.0028077245344366635
0.0027904701151334954
0.0027802486496559514
0.0027765784629868377
0.0027788907424280726
0.0027865397091121702
0.0027988140942794308
0.002814949747243253
0.002834143179913859
0.0028555658336695735
0.0028783788386412103
0.0029017480234424953
0.002924858925311281
0.002946931546730319
0.002967234605010166
0.002985099026103738
0.002999930443069812
0.0030112204730218563
0.0030185565639232305
0.0030216302239793958
0.003020243471320899
0.0030143133697884874
0.0030038745474846237
0.002989079627849771
0.0029701975378175535
0.0029476096935228766
0.00292180410047694
0.0028933674414606085
0.002862975260994219
0.0028313803894935573
0.002799399782509005
0.002767899980185315
0.0027377814187264453
0.0027099618487040726
0.0026853591340655807
0.002664873720298264
0.0026493710700829323
0.0026396643696916023
0.0026364978092033612
0.0026405307342674635
0.002652322956660307
0.002672321495377888
0.002700848999680462
0.00273809408064873
0.002784103748789766
0.0028387781224894796
0.0029018675361591143
0.002972972138338896
0.003051544029425485
0.003136891946746532
0.0032281884621091763
0.0033244796144122615
0.003424696858153186
0.0035276711683917793
0.003632149104649667
0.003736810600987831
0.0038402882177390844
0.003941187562644741
0.004038108565961165
0.0041296672758956415
0.00421451782785499
0.004291374233710676
0.00435903163577521
0.0044163866745244385
0.004462456629269749
0.004496397006865809
0.004517517274918632
0.004525294462527567
0.004519384382955706
0.004499630268295341
0.004466068645622618
0.004418932326695349
0.004358650428260834
0.004285845386781787
0.004201326979099857
0.004106083408459073
0.00400126956261862
0.0038881925967148515
0.003768295037323134
0.0036431356450900825
0.003514368310668226
0.003383719291857029
0.003252963128270947
0.003123897593028115
0.0029983180584786107
0.002877991664556633
0.002764631683731944
0.0026598724756392135
0.0025652454172702746
0.002482156181217727
0.002411863715056585
0.002355461249840838
0.0023138596352659355
0.0022877732637873295
0.002277708806451048
0.0022839569400184044
0.002306587198847478
0.0023454460366735797
0.0024001581336905624
0.002470130933980391
0.0025545623481861798
0.002652451507187422
0.002762612405212565
0.0028836902260808497
0.0030141801048265927
0.0031524480394956025
0.003296753635018322
0.0034452743332865294
0.0035961307613323326
0.0037474128131815723
0.003897206070781763
0.004043618165537924
0.0041848046844758895
0.004318994233832637
0.004444512287785726
0.004559803470815121
0.004663451948481756
0.004754199632758643
0.004830961943929993
0.00489284091087742
0.0049391354346317844
0.004969348585665726
0.004983191852777439
0.004980586309786216
0.004961660714827832
0.004926746605005961
0.0048763704957422195
0.004811243338616281
0.004732247433083354
0.004640421025535033
0.004536940863129592
0.0044231029991308336
0.004300302170712436
0.004170010088948628
0.004033752993755829
0.003893088833707048
0.003749584431843341
0.0036047929938883413
0.0034602323047661482
0.003317363943259125
0.0031775738233431145
0.0030421543446107003
0.002912288403725934
0.0027890354846025005
0.002673320007577351
0.002565922077929295
0.0024674707323673003
0.0023784397393134173
0.0022991459656682882
0.0022297502800098035
0.0021702609205614576
0.0021205392164734
0.0020803075136450306
0.0020491591220937366
0.0020265700712899536
0.002011912433416735
0.0020044689525778323
0.002003448700894691
0.0020080034704347324
0.0020172446031448553
0.0020302599594753295
0.0020461307301285403
0.0020639478042199263
0.002082827420872617
0.0021019258495766054
0.0021204528671439
0.0021376838253286674
0.002152970132640705
0.002165748005993737
