0.002791428117825868
0.002777717988160913
0.0027675346619244505
0.002761652722447018
0.0027607172605860295
0.0027652335201380444
0.002775558956386363
0.002791897823532218
0.0028142983648925244
0.002842652636895129
0.002876698954778624
0.002916026905223459
0.0029600848296087293
0.003008189641885868
0.003059538807833361
0.0031132242783071017
0.0031682481385757527
0.003223539709411748
0.00327797381370725
0.0033303899053325594
0.0033796117450011496
0.003424467301212296
0.00346380855298151
0.003496530875023148
0.0035215916952118648
0.00353802812832688
0.003544973308999191
0.003541671170083572
0.003527489439940037
0.003501930662846147
0.0034646410804301886
0.0034154172480295644
0.0033542102976178182
0.0032811277977632843
0.0031964332003258066
0.0031005429026076167
0.0029940209918028118
0.0028775717752106706
0.0027520302341965033
0.002618350571746896
0.0024775930521713017
0.0023309093566053585
0.0021795266990948664
0.0020247309648765044
0.0018678491447919397
0.0017102313474246166
0.0015532326734634708
0.0013981952349863714
0.0012464305959101155
0.0010992028989429072
0.0009577129292433576
0.0008230833459500038
0.0006963452901728286
0.0005784265523650187
0.000470141453697752
0.00037218256566131746
0.00028511436015870553
0.00020936884940951162
0.00014524324161778175
9.289960515196415e-05
5.2366501501846865e-05
2.3542516059423153e-05
6.201586330882233e-06
0.0
4.484910757481496e-06
1.91041983609488e-05
4.321748131247069e-05
7.610807608645948e-05
0.00011699568619498099
0.00016504959765468378
0.00021940215466323735
0.0002791622904766578
0.0003434288935058598
0.0004113037973588311
0.00048190419571854577
0.0005543742982834108
0.0006278960621719379
0.0007016988538267647
0.0007750679191281039
0.0008473515636965474
0.0009179669707625153
0.0009864046100250341
0.001052231217133145
0.001115091349322096
0.0011747075478605877
0.0012308791618744375
0.001283479910395928
0.0013324542797739205
0.0013778128715383245
0.001419626831163401
0.0014580215006907622
0.0014931694476848162
0.0015252830293899008
0.0015546066541885914
0.0015814089025346211
0.0016059746665200545
0.0016285974612608451
0.0016495720525272848
0.0016691875337353588
0.0016877209718254183
0.0017054317259983065
0.0017225565261007171
0.0017393053790208917
0.0017558583521601423
0.0017723632632826469
0.001788934286215325
0.0018056514623654286
0.0018225610892274805
0.0018396769393241301
0.0018569822467019719
0.001874432383484482
0.0018919581363328578
0.001909469482201465
0.0019268597546706534
0.0019440100865193248
0.001960794011134538
0.0019770821048653298
0.0019927465544803073
0.002007665538400217
0.0020217273172157815
0.002034833937990296
0.002046904467766952
0.002057877684297165
0.0020677141659913916
0.0020763977381560994
0.0020839362483885903
0.0020903616602126083
0.002095729470303693
0.0021001174706282684
0.0021036238921670137
0.0021063649812895057
0.0021084720729935766
0.0021100882368472744
0.002111364581334833
0.0021124563102092493
0.0021135186302334357
0.0021147026132341037
0.002116151116629298
0.002117994865501025
0.0021203487958964262
0.0021233087534291623
0.00212694863353781
0.002131318040103946
0.0021364405277427157
0.002142312480192373
0.0021489026631165134
0.002156152474588617
0.0021639769008679434
0.002172266169126169
0.002180888072879719
0.002189690930357252
0.002198507121212249
0.0022071571331906585
0.00221545403787673
0.00222320830373491
0.0022302328455791184
0.002236348202534276
0.0022413877316704188
0.0022452027019056065
0.0022476671725630546
0.0022486825431562774
0.002248181665541821
0.002246132416452522
0.0022425406374897844
0.002237452360750811
0.00223095525119511
0.0022231792113750998
0.002214296109996723
0.002204518612638159
0.0021940981105166815
0.002183321761117638
0.0021725086724388907
0.0021620052802087076
0.002152179984359281
0.002143417126946566
0.0021361104082814374
0.002130655850982491
0.0021274444327110875
0.002126854517272442
0.002129244220370137
0.002134943850434356
0.002144248566502443
0.0021574113940567457
0.0021746367360118532
0.002196074509733119
0.0022218150321518595
0.002251884763858232
0.002286243009684228
0.002324779657961836
0.0023673140236186788
0.002413594841851568
0.0024633014396216323
0.002516046091988658
0.0025713775497083835
0.0026287857039246788
0.0026877073335708503
0.00274753286161755
0.0028076140279247527
0.0028672723695084895
0.0029258083838323654
0.0029825112375613727
0.003036668872317482
0.0030875783505596166
0.0031345562789364427
0.0031769491434448464
0.0032141433905349187
0.0032455750909493623
0.003270739028535553
0.0032891970644358705
0.0033005856378111997
0.0033046222774029237
0.003301111013565018
0.0032899465976374224
0.0032711174543862444
0.003244707313379565
0.003210895486249994
0.0031699557784508558
0.00312225404596624
0.003068244429107271
0.0030084643166431438
0.0029435281137110787
0.002874119905877928
0.002800985129063435
0.0027249213704878404
0.002646768439113864
0.002567397854995721
0.0024877019153473436
0.0024085825008677937
0.0023309397888302795
0.0022556610396195827
0.0021836096208070525
0.002115614427548976
0.00205245985019758
0.0019948764296833046
0.0019435323286652454
0.001899025731894466
0.0018618782729670517
0.001832529566963795
0.0018113329097076978
0.0017985521848620167
0.0017943600001937986
0.0017988370543974806
0.0018119727162645852
0.001833666779042504
0.0018637323348771413
0.0019018996975866983
0.0019478212869464275
0.002001077374423557
0.0020611825790972198
0.0021275929934993364
0.0021997138124451843
0.002276907333666786
0.0023585011972526854
0.0024437967315208463
0.0025320772759488716
0.0026226163570536023
