0.0006927187719768949
0.0005869806381401084
0.0004913033382789606
0.0004056667810142232
0.00032991887559669173
0.0002637848285529285
0.00020687813427260667
0.0001587130269406086
0.00011871814115891341
8.625111330503058e-05
6.0613845335314494e-05
4.106814747258103e-05
2.6851476036382667e-05
1.7192487508304634e-05
1.1326139612900105e-05
8.508084491002689e-06
8.028117621062397e-06
9.222468607111584e-06
1.148474583588608e-05
1.427537579114192e-05
1.7129408935053197e-05
1.9662596924220274e-05
2.1575679896729868e-05
2.2656857009709097e-05
2.2782447686244683e-05
2.1915784519385174e-05
2.0104410874516223e-05
1.747568635807528e-05
1.4230930951768857e-05
1.0638263271219375e-05
7.024309680830031e-06
3.764978535023694e-06
1.275507345654004e-06
0.0
4.0067615759325007e-07
2.9470556038089894e-06
8.105296681984106e-06
1.6327900092584675e-05
2.8043977543540637e-05
4.365026923897975e-05
6.350307534938029e-05
8.791124482018103e-05
0.00011713034060466644
0.0001513580741503446
0.00019073107425848041
0.00023532302682926966
0.00028514419306767836
0.0003401422850258457
0.0004002046494564087
0.00046516168438635267
0.000534791388102307
0.0006088249178354396
0.0006869530157689241
0.0007688331434295135
0.0008540971523703042
0.0009423593095405909
0.0010332244900342201
0.001126296348099653
0.0012211852793963843
0.001317515993430538
0.0014149345247612684
0.00151311452473005
0.0016117626918524105
0.001710623218288805
0.0018094811515863185
0.0019081645947166455
0.002006545692849803
0.0021045403817900876
0.0022021069000327954
0.0022992430934401275
0.0023959825680453725
0.0024923897719495887
0.0025885541111690565
0.0026845832261490695
0.0027805955750440942
0.002876712486386986
0.0029730498570967132
0.003069709681631932
0.003166771604279726
0.0032642846889383084
0.003362259599245028
0.0034606613765266834
0.0035594029938909155
0.0036583398519914557
0.0037572653658104523
0.003855907772498721
0.003953928268248577
0.004050920557747559
0.004146411873423067
0.004239865493924506
0.0043306847626152075
0.004418218577795256
0.004501768297491038
0.00458059597346932
0.004653933802194419
0.004720994655255678
0.004780983528829498
0.004833109731445686
0.004876599612095425
0.0049107096168865
0.004934739452298442
0.004948045126827761
0.004950051640583663
0.004940265094266423
0.004918283994929559
0.004883809545914
0.004836654722196241
0.004776751949891488
0.004704159229509147
0.0046190645664234515
0.0045217885984926084
0.004412785339385266
0.004292640986462141
0.0041620707734929836
0.004021913880521284
0.0038731264452677968
0.00371677275203223
0.003554014704562965
0.003386099718286947
0.0032143471941230646
0.00304013376037595
0.002864877490500531
0.0026900213224707718
0.0025170159197665
0.002347302224361669
0.002182293958375898
0.0020233603331289074
0.001871809222178617
0.0017288710485651366
0.0015956836260338488
0.0014732781796515208
0.0013625667532064267
0.0012643311894062564
0.0011792138445222097
0.0011077101721901738
0.0010501632820294844
0.001006760548069444
0.0009775323102026246
0.0009623526795475329
0.0009609424262434889
0.000972873896357748
0.0009975778737863806
0.0010343522737833193
0.0010823725275326652
0.0011407034924268017
0.0012083127008204156
0.001284084741339175
0.001366836551615812
0.0014553333898264648
0.0015483052447633821
0.001644463440493842
0.0017425171919398465
0.0018411898719195444
0.0019392347582040457
0.0020354500407822277
0.002128692884550772
0.002217892360761303
0.0023020610814147428
0.002380305394006202
0.002451834019166478
0.0025159650403661447
0.002572131182472124
0.002619883344091704
0.002658892376818838
0.002688949132233532
0.0027099628243317693
0.00272195778054049
0.002725068678187207
0.0027195343848749483
0.0027056905403292516
0.0026839610336551766
0.0026548485433410553
0.0026189243176009637
0.0025768173796488947
0.0025292033461918146
0.002476793047825518
0.0024203211371836997
0.0023605348647514957
0.0022981831933882473
0.002234006411037883
0.0021687263871115053
0.00210303760191662
0.0020375990606238846
0.0019730271839746303
0.001909889747626868
0.0018487009211120109
0.0017899174362287884
0.0017339358937306765
0.0016810911967517432
0.0016316560799274728
0.0015858416849400734
0.001543799116558802
0.0015056218984245107
0.001471349235071521
0.001440969976172209
0.0014144271708647373
0.0013916230943672534
0.0013724246259271124
0.001356668856485933
0.0013441688061952158
0.0013347191359825072
0.0013281017435883976
0.0013240911426763385
0.0013224595335292453
0.0013229814852300241
0.0013254381617933337
0.0013296210381711275
0.0013353350660821525
0.0013424012638976342
0.0013506587190360367
0.001359966005172036
0.0013702020297560024
0.001381266339598828
0.0013930789233569864
0.001405579559439727
0.0014187267659746263
0.0014324964158677917
0.001446880084580826
0.0014618832009599056
0.0014775230722787085
0.0014938268536245382
0.0015108295289364539
0.0015285719665055252
0.0015470991057181553
0.0015664583244445025
0.0015866980279557192
0.001607866490830601
0.001630010973237514
0.0016531771225183794
0.0016774086604313919
0.0017027473460029842
0.0017292331939672612
0.0017569049194902176
0.0017858005715285829
0.0018159583099770008
0.0018474172759039413
0.0018802184998250935
0.0019144057902370157
0.001950026543618106
0.00198713241784309
0.0020257798134540803
0.0020660301114455663
0.0021079496220719244
0.002151609206552184
0.002197083542269215
0.0022444500119454397
0.0022937872080998657
0.0023451730556023824
0.0023986825670691014
0.0024543852579018447
0.00251234225967079
0.002572603181975302
0.0026352027836006988
0.0027001575234365392
0.002767462069969784
0.0028370858549714474
