0.0016806198381592403
0.001696893324614144
0.0017130787538903968
0.0017288110414797478
0.0017437125332942496
0.0017574017528986029
0.001769502540689565
0.001779653398867131
0.0017875168486868869
0.0017927886028124382
0.001795206355707066
0.001794557998950737
0.001790689076107112
0.001783509303189211
0.0017729979957063833
0.0017592082614771567
0.0017422698395575852
0.0017223904894006958
0.0016998558603161151
0.001675027798982385
0.0016483410816844866
0.0016202985875848842
0.0015914649591493553
0.0015624588252919974
0.0015339436913317682
0.0015066176269316937
0.001481201908308925
0.0014584287936769442
0.0014390286306680572
0.0014237165109901512
0.001413178700457201
0.001408059081520756
0.0014089458503091313
0.0014163587108137487
0.0014307368051835606
0.0014524276111109288
0.0014816770251041677
0.0015186208342074868
0.0015632777586856114
0.0016155442246449398
0.0016751909988872457
0.0017418617889158146
0.001815073879418978
0.0018942208432669967
0.0019785773306341585
0.0020673059048826117
0.0021594658589162274
0.0022540239114344843
0.0023498666494843495
0.0024458145525024385
0.0025406374042131075
0.0026330708728169476
0.0027218340173387305
0.0028056474592203107
0.0028832519435963576
0.0029534270044651156
0.003015009442374547
0.0030669113224208247
0.0031081372043549175
0.003137800325386081
0.0031551374697486104
0.0031595222770702874
0.0031504767637799023
0.003127680857876597
0.0030909797769469735
0.0030403891118877006
0.002976097513849137
0.0028984669188920507
0.002808030283142845
0.0027054868402158
0.002591694931702291
0.0024676624999623
0.002334535369655359
0.002193583479797888
0.0020461852610415407
0.0018938103827821854
0.001738001121128834
0.0015803526212411958
0.0014224923457027377
0.0012660590141241347
0.0011126813478369866
0.0009639569371877744
0.0008214315475086639
0.0006865791733408175
0.0005607831390180107
0.0004453185274663845
0.0003413361983036437
0.0002498486313654599
0.0001717178030570649
0.00010764527089392835
5.8164606783164385e-05
2.363628257812415e-05
4.245072820388118e-06
0.0
1.0736807765515406e-05
3.612290795385661e-05
7.566470873322404e-05
0.00012871719418990285
0.00019449559094328805
0.0002720889254061677
0.00036047524663528237
0.00045853826479990345
0.0005650851345300177
0.0006788650961161032
0.000798588675970136
0.0009229471410926783
0.0010506319006126298
0.0011803535507794363
0.0013108602680143053
0.001440955267607618
0.0015695130631461244
0.0016954942834528273
0.0018179588293439296
0.001936077181406962
0.0020491397017852395
0.0021565638070723354
0.002257898925297504
0.0023528291870125754
0.0024411738380514555
0.002522885398997939
0.0025980456331441562
0.002666859420144789
0.0027296466660911545
0.0027868324117996763
0.0028389353292317403
0.0028865548206889326
0.002930356956372625
0.002971059502738954
0.0030094163065699816
0.0030462013076450406
0.0030821924562359107
0.003118155810347617
0.003154830081743172
0.0031929118894629183
0.0032330419649880147
0.0032757925346840588
0.0033216560830401794
0.003371035674894855
0.0034242369867664574
0.003481462167081472
0.003542805613047376
0.0036082517187059917
0.0036776746148972648
0.00375083988803832
0.0038274082313491816
0.0039069409499905335
0.003988907211052861
0.00407269290094931
0.004157610926974968
0.004242912777012711
0.004327801131944743
0.004411443309563265
0.0044929853068921026
0.00457156619999367
0.004646332656632063
0.004716453317611461
0.00478113280715684
0.004839625141228892
0.0048912463149784835
0.004935385866396677
0.004971517232295308
0.00499920673469996
0.00501812106014621
0.005028033120798645
0.005028826214287967
0.005020496428191648
0.005003153264662802
0.004977018490332084
0.004942423245765725
0.004899803476970902
0.004849693778231861
0.004792719760500994
0.0047295890822606846
0.004661081299860526
0.004588036711515872
0.004511344383178123
0.004431929555162609
0.004350740635614281
0.00426873599053622
0.004186870740192815
0.004106083768283685
0.004027285143479712
0.003951344142890207
0.0038790780540147013
0.0038112419159964423
0.0037485193428535143
0.0036915145511694464
0.0036407456928607205
0.0035966395705087544
0.0035595277887687806
0.0035296443709754988
0.003507124845682839
0.003492006783922718
0.0034842317448498163
0.0034836485655388026
0.003490017910371524
0.003503017977013764
0.0035222512397147018
0.003547252096803632
0.0035774952779963993
0.0036124048585977494
0.0036513637219825435
0.0036937233088939134
0.0037388134920930023
0.0037859524176657336
0.003834456159720792
0.0038836480431386163
0.003932867499250134
0.0039814783315959565
0.004028876282969548
0.004074495810482116
0.004117815992084039
0.004158365505503343
0.004195726638575897
0.0042295383081020245
0.004259498082333292
0.004285363219646575
0.004306950752591673
0.004324136662019035
0.004336854200148526
0.0043450914340030945
0.004348888091413861
0.004348331800654456
0.004343553821572756
0.00433472437078951
0.0043220476461001845
0.004305756655665636
0.0042861079559664205
0.004263376398921214
0.004237849983165125
0.00420982489741397
0.0041796008353011515
0.0041474766512835945
0.004113746416411516
0.004078695921197031
0.0040425996607614985
0.00400571832515749
0.003968296805512728
0.003930562714688021
0.0038927254097239966
0.0038549754927008767
0.0038174847569581016
0.003780406537097959
0.003743876413982521
0.003708013220147462
0.00367292028678831
0.003638686870778202
0.003605389699069472
0.0035730945682983933
0.0035418579394023864
0.0035117284704889624
0.0034827484359519966
0.0034549549857730583
0.003428381205908022
0.003403056948457053
0.00337900940874776
