0.0030931038200411624
0.0030070721077155574
0.0029714565741985007
0.003003560194368931
0.0031093574162316616
0.0032824827408347596
0.0035052781084927995
0.0037517130158263804
0.003991691610456905
0.004196041590070659
0.004341372883624436
0.004414014631757596
0.004412382610454511
0.00434737361558425
0.004240691560715023
0.004121336070650255
0.004020779427096535
0.003967577199618789
0.003982267500840579
0.0040733945812364575
0.004235343787614313
0.0044484150605776035
0.004681226469264501
0.00489517575478165
0.005050350724320748
0.005112021468338729
0.005056712296164763
0.00487686609747538
0.004583284057589324
0.0042048310038330485
0.003785300360364236
0.003377774395037914
0.0030372273364911587
0.002812433951627689
0.002738408829656411
0.002830577780664109
0.003081666530180097
0.0034619083222059994
0.003922674828055058
0.004403098997928689
0.004838769386641743
0.00517121464428501
0.005356728445744683
0.0053731442075203835
0.005223454215941325
0.0049356402342060745
0.004558670535640037
0.004155228109644864
0.0037922663360890094
0.003530851785651702
0.0034168849975298506
0.00347416283532484
0.003700877295695134
0.004070093798459524
0.0045341075991787785
0.005031947777259784
0.005498790739813781
0.005875745959410509
0.006118437054396654
0.006203027915875367
0.006128796626471021
0.0059169599191181204
0.0056060925000649894
0.00524505603327631
0.004884752101467853
0.0045701729593304275
0.004334117626743672
0.004193591133730972
0.004149377885386002
0.004188674524929201
0.004290095715580449
0.004429933697604749
0.00458833894291425
0.004754133477164567
0.004927261072416407
0.005118363618089484
0.0053455583887058325
0.005629065273315774
0.005984786434899164
0.0064181854649573685
0.006919799578933577
0.007463445470310266
0.008007694435499797
0.008500582842802983
0.008886901808102816
0.00911689075845611
0.009154841661243746
0.008986066681593819
0.008620907144193843
0.008094930667459421
0.007465096537072151
0.006802356842569617
0.006181782017834195
0.005671744499966713
0.0053238839852804915
0.005165477422530557
0.005195462158614309
0.0053847747952040555
0.00568097076105675
0.006016398355222377
0.006318631986872486
0.006521516380261336
0.006575092631650161
0.006452877457448651
0.006155410674511209
0.005709595070160264
0.005164023998741892
0.004581114597412162
0.004027339268416626
0.003563103560832008
0.0032338219019458917
0.0030635033024685645
0.0030517256449066844
0.003174326949600995
0.0033875673579778537
0.00363500756217172
0.0038559831550692876
0.003994377819205221
0.004006426279593597
0.0038664922942834162
0.003570121811967866
0.003134102909871498
0.0025937020181962347
0.0019976253370924796
0.001401525315456599
0.0008610058083012477
0.0004250705371315125
0.00013082358450683916
0.0
3.762067011749484e-05
0.00023277185209274586
0.000561245060499857
0.0009895669235722567
0.001479819102459461
0.001994601429220522
0.0025015228112861432
0.002976702242224477
0.0034069097574615033
0.003790155495731305
0.004134724983823859
0.004456842003223766
0.004777300019545176
0.005117524132209123
0.0054955952831813905
0.00592277797119427
0.006401037718970179
0.0069219171482609
0.00746696936495108
0.008009741932525506
0.008519088415956038
0.00896338619487995
0.00931508857160554
0.009554961807343082
0.00967537063969921
0.009682083596935027
0.009594261949740359
0.009442549014521516
0.009265453880145443
0.009104483370652054
0.008998676590772657
0.008979303793963847
0.009065485494713539
0.009261366576603305
0.009555260448881522
0.009920893546601665
0.010320575391924111
0.010709842515023226
0.011042919647591375
0.011278240406436628
0.011383286153442314
0.011338129872520263
0.011137287169015936
0.010789740424748815
0.010317269592878358
0.009751450510721862
0.009129834660939803
0.008491883785005844
0.007875197163976399
0.007312454219824327
0.006829328814450081
0.0064434493370262875
0.006164314835020467
0.005993959143047149
0.0059280970809641115
0.0059574900351284515
0.0060693202950443965
0.006248442985811117
0.006478466519240324
0.00674267515049139
0.007024836386483938
0.007309928550496525
0.007584787888116319
0.007838626949743355
0.008063337188523596
0.00825347737873711
0.008405876797918904
0.00851884825589627
0.008591099082170962
0.008620526259087085
0.008603158080346106
0.008532533536254834
0.00839977479900141
0.00819450400591308
0.007906595505365032
0.007528566516300739
0.00705823096319102
0.006501114262967902
0.005872086242261264
0.0051957358472264495
0.00450518498976301
0.0038392971279091756
0.003238536190308528
0.0027400173024531814
0.002372503872017272
0.002152196551268666
0.0020800990984527258
0.002141532535845055
0.002308030703629751
0.0025414424545534982
0.002799661037048558
0.0030430767937752426
0.0032406717981473708
0.0033746869286429854
0.003443001730117596
0.0034587463859069995
0.003447150533850676
0.0034401393623058
0.003469619292008435
0.0035606692058190344
0.0037259106228563097
0.003962152018723752
0.004250013135427504
0.00455669996924434
0.0048415154925238665
0.005063163250312596
0.005187531720294373
0.0051945110483536065
0.005082523260733167
0.004869826158917655
0.004592216434310118
0.00429740917604309
0.0040369903390287684
0.003857310554013927
0.0037909224668256952
0.0038501114841318846
0.004023735344904285
0.004278027470150587
0.004561331166451
0.004812039708806959
0.00496844633947709
0.004978862296743994
0.004810303490622936
0.004454288183476423
0.003928785182239588
0.003276014279739563
0.0025565080393133437
