0.00019324171202274114
0.0001550044404848537
0.00011968330726193832
8.78446818393672e-05
6.005108469174752e-05
3.6853377396402426e-05
1.878272949642568e-05
6.342477646191155e-06
0.0
1.787343174492785e-07
7.250471680660554e-06
2.152805890738834e-05
4.3258641597397184e-05
7.261757620657429e-05
0.00010970313358694495
0.0001545321080893855
0.000207036435673547
0.000267060911626117
0.0003343620836179649
0.00040860837913939845
0.0004893815080862388
0.0005761791617089451
0.0006684190085949285
0.0007654439671687329
0.0008665287127244342
0.0009708873556219001
0.0010776822063632966
0.0011860335231988223
0.0012950301190650416
0.0014037406873958068
0.0015112256910047811
0.0016165496451332317
0.0017187936151671144
0.0018170677416947374
0.0019105236006977879
0.0019983662048930614
0.00207986545366704
0.0021543668437129138
0.002221301260376006
0.002280193680768136
0.0023306706337967316
0.0023724662791877707
0.002405426987127152
0.002429514322017383
0.0024448063577148915
0.0024514972771068184
0.0024498952355996636
0.0024404184955929818
0.0024235898668462388
0.002400029515350355
0.002370446230416914
0.0023356272657307367
0.002296426894620513
0.0022537538423524433
0.0022085577784359514
0.002161815069376792
0.0021145140066912206
0.0020676397360243092
0.002022159120668462
0.001979005776485965
0.001939065515095394
0.0019031624281437467
0.0018720458375784655
0.0018463783251465187
0.0018267250390372222
0.0018135444568710777
0.0018071807623979302
0.0018078579686400726
0.0018156758931855413
0.0018306080623347147
0.0018525015902974963
0.0018810790481265946
0.0019159423050738496
0.0019565782931027335
0.002002366613916012
0.002052588877592353
0.002106439633283619
0.0021630387258959227
0.0022214448887200645
0.002280670361007725
0.0023396963018776284
0.0023974887579951386
0.0024530149324526558
0.0025052594963755124
0.0025532406831077614
0.0025960259074428215
0.002632746659230636
0.0026626124317190723
0.0026849234600045038
0.0026990820637381925
0.002704602410459624
0.0027011185412437904
0.002688390528341111
0.002666308664693731
0.0026348956171286324
0.0025943065081238457
0.0025448269247652705
0.0024868688872917003
0.002420964842896327
0.0023477597826530054
0.0022680016100207847
0.002182529917833435
0.002092263356519755
0.001998185799087611
0.0019013315277537617
0.0018027696826843648
0.0017035882248647805
0.0016048776724461992
0.001507714872899432
0.0014131470718942605
0.0013221765340442867
0.001235745960615005
0.001154724935162664
0.0010798976101005185
0.0010119518256892488
0.0009514698282936604
0.0008989207273651543
0.0008546548009738123
0.0008188997283375551
0.000791758795221525
0.0007732110848705774
0.0007631136338646582
0.0007612054995233353
0.0007671136537950737
0.0007803605884922119
0.0008003734887881329
0.0008264948065545704
0.0008579940428138529
0.0008940805296880669
0.0009339169870596397
0.0009766336179637973
0.0010213424996911875
0.001067152024793191
0.0011131811476825363
0.0011585731982617375
0.0012025090338705995
0.001244219314628528
0.0012829957046952838
0.0013182008227590907
0.0013492767887989976
0.0013757522404237326
0.0013972477203824732
0.0014134793666606758
0.001424260867376616
0.0014295036739266455
0.0014292154969284684
0.001423497139924971
0.0014125377549941136
0.001396608631844179
0.0013760556571732218
0.0013512906035932086
0.0013227814268695216
0.0012910417662684796
0.0012566198551653951
0.001220087057536946
0.0011820262504097182
0.0011430202726998816
0.0011036406571708962
0.0010644368545438933
0.0010259261472796333
0.0009885844354410472
0.0009528380586362223
0.0009190567966884885
0.0008875481677903725
0.0008585531169260279
0.0008322431597829424
0.0008087190187381678
0.0007880107583350681
0.000770079398511192
0.0007548199552422417
0.0007420658307664238
0.0007315944496616628
0.0007231340132488526
0.0007163712235317232
0.0007109598095548016
0.00070652967400707
0.0007026964664011877
0.0006990713814306899
0.0006952709772943806
0.0006909268089492296
0.0006856946754065999
0.0006792632882437531
0.0006713621803120192
0.0006617686889631115
0.0006503138666979786
0.0006368871936189189
0.0006214399900313998
0.0006039874535457342
0.0005846092725793725
0.0005634487967373372
0.0005407107736095636
0.0005166576905169433
0.0004916047881102855
0.00046591383993478544
0.00043998581759343886
0.0004142525844829498
0.00038916778177925304
0.0003651970880096272
0.00034280804781177386
0.00032245967605579727
0.00030459205016977894
0.00028961610611112935
0.00027790385188760226
0.0002697792068531966
0.00026550966526164453
0.00026529896890665995
0.0002692809563392103
0.0002775147354237466
0.00028998130223788503
0.00030658170295200975
0.00032713680681669007
0.0003513887282487131
0.00037900390478724224
0.0004095778059596518
0.00044264121643541594
0.00047766800584237335
0.0005140842678512893
0.0005512786831627123
0.0005886139353864048
0.0006254389859820357
0.0006611019948768229
0.0006949636574817919
0.0007264107169207303
0.0007548694026228064
0.0007798185431945695
0.0008008021027846011
0.0008174408960093865
0.0008294432468643716
0.0008366143717619778
0.0008388642857009771
0.000836214053286208
0.0008288002325203053
0.0008168773885507553
0.0008008185863900264
0.0007811138054974634
0.0007583662544431357
0.0007332866000593528
0.0007066851618992038
0.0006794621588279628
0.0006525961295406281
0.0006271306821074298
0.0006041597587051657
0.0005848116299353311
0.0005702318580466091
0.0005615654895082154
0.0005599387543252364
0.0005664405619190131
0.000582104091063376
0.0006078887741001171
0.0006446629733673115
0.0006931876404610749
0.0007541012367006637
0.0008279061761486454
0.0009149570310061645
0.0010154507134899167
0.001129418818807448
