0.00389206594839333
0.003837600162924856
0.0037813192476971727
0.0037233568244037273
0.003663850483493489
0.0036029413763487145
0.003540773796133832
0.003477494748695908
0.0034132535149330127
0.0033482012060777593
0.0032824903133691886
0.003216274253606961
0.0031497069120973767
0.0030829421845110384
0.0030161335191769287
0.0029494334613373177
0.0028829932008821607
0.0028169621250706215
0.0027514873777309563
0.0026867134264084093
0.0026227816389039794
0.0025598298706150198
0.002497992064051819
0.002437397861862568
0.002378172234652738
0.002320435124833939
0.002264301107681996
0.0022098790707245092
0.002157271912514704
0.002106576261781202
0.0020578822178726267
0.002011273113342076
0.0019668252994395055
0.0019246079552004756
0.001884682920737628
0.001847104555257045
0.0018119196202356156
0.0017791671881079382
0.0017488785767224941
0.0017210773097371384
0.0016957791030336499
0.0016729918771405615
0.001652715795562999
0.0016349433288281665
0.0016196593439657381
0.0016068412190540665
0.0015964589823760874
0.0015884754756434814
0.0015828465406642358
0.0015795212287476182
0.001578442032062016
0.001579545136085303
0.001582760692214788
0.001588013109534455
0.0015952213646715785
0.0016042993286129027
0.0016151561092928124
0.001627696408712418
0.0016418208932993954
0.0016574265761740094
0.0016744072099471022
0.0016926536886411137
0.0017120544572955553
0.0017324959277938068
0.0017538628994288872
0.00177603898271183
0.001798907024917708
0.0018223495358611003
0.001846249112394917
0.0018704888601340608
0.0018949528109181988
0.00191952633454613
0.0019440965433375563
0.001968552688106603
0.0019927865441649395
0.0020166927860108025
0.0020401693494033995
0.0020631177795699617
0.0020854435643449256
0.002107056451097148
0.0021278707463615277
0.002147805597155654
0.0021667852530299135
0.0021847393079706353
0.0022016029213500167
0.0022173170171935447
0.002231828461115105
0.002245090214351633
0.0022570614644127603
0.0022677077319461034
0.002277000953505347
0.0022849195399957515
0.0022914484106598605
0.002296579002554689
0.0023003092555601884
0.0023026435730470153
0.0023035927584192438
0.0023031739278343553
0.002301410399488278
0.0022983315599371273
0.0022939727080093842
0.0022883748769420916
0.0022815846354521515
0.0022736538685285404
0.0022646395388030457
0.0022546034294256643
0.0022436118694358787
0.002231735442682371
0.002219048681401198
0.0022056297456157347
0.0021915600895706946
0.002176924116457075
0.002161808822724695
0.0021463034333141597
0.00213049902917022
0.0021144881684237644
0.002098364502649755
0.0020822223896234428
0.002066156504006959
0.002050261447402987
0.002034631359211542
0.002019359529720061
0.002004538016845943
0.001990257267934512
0.001976605747994179
0.001963669575724321
0.0019515321686603543
0.001940273898724652
0.0019299717594315102
0.0019206990459494848
0.001912525049175275
0.0019055147649200469
0.0018997286192519711
0.0018952222109779194
0.001892046072182992
0.0018902454476791247
0.0018898600941435776
0.0018909240996550086
0.0018934657242593686
0.0018975072621201631
0.00190306492572818
0.001910148752564722
0.0019187625345301177
0.001928903770366044
0.0019405636412163296
0.00195372700938671
0.0019683724402797627
0.0019844722473973536
0.0020019925602195064
0.0020208934146862564
0.0020411288659276717
0.0020626471228075774
0.0020853907037684236
0.002109296613388879
0.0021342965389921065
0.002160317066571648
0.0021872799152337597
0.002215102189289886
0.0022436966470713226
0.0022729719854798222
0.002302833139233531
0.0023331815937170635
0.0023639157102981474
0.002394931062931113
0.002426120784829802
0.0024573759239592615
0.0024885858060670223
0.0025196384039510573
0.002550420711642398
0.0025808191221664027
0.00261071980753736
0.002640009099636913
0.0026685738706274005
0.002696301911556773
0.002723082307822237
0.002748805810174978
0.0027733651999684015
0.002796655647376978
0.0028185750613420727
0.002839024430034759
0.002857908150663695
0.0028751343474982226
0.002890615177022972
0.0029042671191901667
0.0029160112537893862
0.0029257735210113473
0.0029334849653424224
0.002939081961989571
0.002942506425101072
0.002943705997116584
0.002942634218650362
0.0029392506783837207
0.0029335211425166536
0.0029254176634038133
0.0029149186670762673
0.0029020090194276293
0.0028866800709206773
0.002868929679748407
0.0028487622134611705
0.0028261885291489047
0.002801225932344141
0.002773898114887227
0.0027442350720697636
0.002712272999445273
0.002678054169767393
0.0026416267905852355
0.002603044843092472
0.00256236790289125
0.0025196609433938526
0.002474994122643689
0.002428442554393033
0.002380086064327002
0.0023300089323721723
0.002278299622073155
0.002225050498061633
0.002170357532679531
0.0021143200028510387
0.002057040178326924
0.0019986230024491513
0.00193917576660382
0.0018788077795461177
0.0018176300327920503
0.0017557548632784112
0.0016932956144944818
0.001630366297286571
0.001567081251529637
0.0015035548098488371
0.0014399009645582942
0.0013762330389642528
0.0013126633641556578
0.0012493029623770638
0.0011862612380463145
0.0011236456774436454
0.001061561558059069
0.0010001116685416326
0.0009393960401478409
0.0008795116905367312
0.000820552380706688
0.0007626083858137992
0.0007057662805538573
0.0006501087397302412
0.0005957143545678755
0.0005426574652698335
0.0004910080102480026
0.0004408313923927234
0.00039218836267895557
0.00034513492133845646
0.00029972223675883074
0.0002559965822016214
0.000213999290362982
0.00017376672573216415
0.00013533027463541632
9.871635278611e-05
6.39464300962601e-05
3.103707244038836e-05
0.0
