0.00010021305123965839
9.616667921717433e-05
9.173809037379315e-05
8.696870866337406e-05
8.190255618568216e-05
7.658607525361043e-05
7.106794048972838e-05
6.539886162124585e-05
5.963137767893206e-05
5.3819643339449294e-05
4.801920818192076e-05
4.2286789658109404e-05
3.668004060132187e-05
3.1257312121918185e-05
2.6077412757018886e-05
2.119936475860674e-05
1.668215841757752e-05
1.2584505331458698e-05
8.964591530319496e-06
5.87983137889745e-06
3.3866231731012e-06
1.5401073458196947e-06
3.93928190373094e-07
0.0
4.082785085260561e-07
1.6665385008166316e-06
3.820158441855421e-06
6.911912950381812e-06
1.0981773917006403e-05
1.6066721037728132e-05
2.2200562501887948e-05
2.941376653889773e-05
3.7733304490759944e-05
4.7182506037479494e-05
5.778092716022328e-05
6.954423138253352e-05
8.248408478330718e-05
9.660806522670282e-05
0.0001119195862038624
0.00012841783562947537
0.00014609772988297175
0.00016494988332970057
0.00018496059350201237
0.0002061118420639544
0.00022838131162643998
0.00025174241842256353
0.0002761643607953376
0.0003016121833927535
0.00032804685690795434
0.000355425373145617
0.00038370085513961456
0.0004128226819918461
0.0004427366280480183
0.0004733850159732868
0.0005047068832392746
0.0005366381614841988
0.0005691118681599109
0.0006020583098336963
0.0006354052964689181
0.0006690783659671508
0.0007030010182154968
0.0007370949578464587
0.0007712803448842121
0.0008054760524204369
0.0008395999304352668
0.0008735690748543496
0.0009073001009117313
0.0009407094198702259
0.0009737135181362886
0.0010062292377951542
0.0010381740575842418
0.0010694663733185291
0.0011000257767808657
0.00112977333209294
0.0011586318485889242
0.0011865261492236092
0.0012133833335601111
0.0012391330343989413
0.0012637076671302891
0.0012870426709147768
0.00130907674082453
0.0013297520501061707
0.0013490144617601145
0.0013668137286662533
0.0013831036815245808
0.0013978424039204958
0.0014109923938681464
0.001422520711231229
0.0014323991104688574
0.0014406041582043629
0.0014471173351669944
0.0014519251221102119
0.001455019069365539
0.0014563958497473828
0.0014560572945818825
0.0014540104126912097
0.0014502673922239316
0.0014448455852815376
0.001437767475351073
0.0014290606276136115
0.0014187576222579427
0.0014068959709880708
0.0013935180169717264
0.001378670818534893
0.001362406016964099
0.0013447796888337391
0.0013258521833298094
0.001305687945093871
0.001284355323161741
0.0012619263666200516
0.0012384766076503182
0.0012140848326743273
0.0011888328423562884
0.0011628052012562927
0.0011360889779657823
0.0011087734765891772
0.001080949960466033
0.001052711369055371
0.0010241520289277191
0.0009953673598310727
0.0009664535768142461
0.0009375073894048693
0.0009086256988496283
0.0008799052944311067
0.0008514425498788371
0.0008233331208918203
0.0007956716447859002
0.000768551443271916
0.000742064229359643
0.0007162998193680548
0.0006913458510046501
0.0006672875084553379
0.0006442072554019197
0.0006221845768565402
0.000601295730671718
0.0005816135095508462
0.0005632070143474661
0.0005461414394023423
0.0005304778706254655
0.0005162730969858233
0.0005035794360252323
0.000492444573963837
0.000482911420914322
0.0004750179816695548
0.00046879724247451916
0.0004642770741381489
0.0004614801517843272
0.0004604238914839088
0.0004611204039516254
0.00046357646543298495
0.0004677935058474013
0.0004737676141946339
0.00048148956117263417
0.0004909448388961731
0.0005021137175474151
0.0005149713187321057
0.0005294877052584507
0.0005456279870002948
0.000563352442452035
0.000582616655530056
0.0006033716671244479
0.0006255641408557122
0.0006491365424439769
0.0006740273320534433
0.0007001711689321408
0.0007274991276271096
0.0007559389250175974
0.0007854151573743135
0.000815849546620907
0.0008471611949450542
0.0008792668468808497
0.0009120811579615649
0.0009455169690225629
0.000979485585218052
0.001013897058802729
0.0010486604747199702
0.0010836842380323398
0.0011188763622276545
0.0011541447574347488
0.0011893975175873348
0.0012245432055820698
0.0012594911354878665
0.0012941516508778058
0.0013284363983724402
0.0013622585955039837
0.001395533292034497
0.0014281776238878868
0.0014601110588850358
0.0014912556335036384
0.0015215361799191755
0.0015508805426208425
0.0015792197839359185
0.001606488377837911
0.0016326243914577725
0.0016575696537631758
0.0016812699109183267
0.0017036749678857061
0.001724738815881444
0.0017444197453474032
0.0017626804441554476
0.001779488080812433
0.0017948143724881738
0.0018086356377426257
0.0018209328338827206
0.0018316915789334468
0.0018409021582616735
0.0018485595159446957
0.0018546632310283467
0.0018592174788715826
0.0018622309778254537
0.0018637169215442982
0.0018636928972754528
0.0018621807905207862
0.001859206676508628
0.0018548006989580967
0.0018489969366592726
0.0018418332584319123
0.0018333511670624223
0.001823595632853414
0.001812614917452192
0.0018004603886540172
0.001787186326902696
0.0017728497242349402
0.001757510076436021
0.0017412291691922786
0.0017240708590411855
0.0017061008499316857
0.0016873864662165486
0.0016679964229043536
0.0016480005940015684
0.0016274697797748982
0.0016064754737607624
0.001585089630342394
0.0015633844337056908
0.001541432068972634
0.001519304496295926
0.001497073228680478
0.0014748091142766937
0.0014525821238670926
0.0014304611442419876
0.0014085137781316114
0.001386806151331481
0.0013654027276250593
0.001344366132072956
0.001323756983201249
0.0013036337345830838
0.0012840525262677212
0.0012650670464697984
0.001246728403888879
0.0012290850109856555
0.0012121824784964998
0.001196063521422657
0.0011807678766844797
0.001166332232584751
0.0011527901701786757
0.0011401721166015807
