0.0005087626909033567
0.0005404972187200577
0.0005716731906047878
0.0006022287681886737
0.000632103916932439
0.000661240606324135
0.0006895830024643161
0.0007170776523673042
0.0007436736593398816
0.0007693228488336993
0.0007939799242047354
0.0008176026118521477
0.0008401517952496924
0.0008615916374253447
0.0008818896914887303
0.0009010169988512691
0.0009189481748303436
0.0009356614813762496
0.0009511388867088525
0.0009653661116997136
0.0009783326628846707
0.0009900318520413534
0.0010004608023156446
0.0010096204409305114
0.001017515478559737
0.0010241543754976779
0.001029549294804109
0.0010337160426503044
0.0010366739961385522
0.001038446018912165
0.0010390583649165703
0.0010385405707140426
0.0010369253367949812
0.001034248398367149
0.0010305483861408628
0.0010258666776626043
0.0010202472397818243
0.001013736462865675
0.0010063829874039632
0.0009982375236716752
0.0009893526651388355
0.0009797826963372704
0.0009695833959108592
0.0009588118355901016
0.0009475261758432464
0.0009357854589647594
0.0009236494003675679
0.0009111781788482691
0.0008984322265943545
0.0008854720196994622
0.0008723578699467878
0.0008591497186120537
0.0008459069330259315
0.0008326881066215744
0.0008195508631759996
0.000806551665934572
0.0007937456322858313
0.0007811863546294741
0.0007689257280535787
0.0007570137854082297
0.0007454985403316625
0.000734425838752108
0.0007238392193536943
0.0007137797834583091
0.0007042860747373105
0.0006953939691275717
0.0006871365752857463
0.0006795441458729245
0.0006726439999192858
0.0006664604564750136
0.000661014779709848
0.0006563251355793633
0.0006524065601315488
0.0006492709394827028
0.0006469270014472087
0.0006453803187616094
0.0006446333237996985
0.000644685334632294
0.0006455325922430583
0.0006471683086704393
0.0006495827258055452
0.0006527631845368472
0.0006566942038950016
0.0006613575698151112
0.0006667324330993649
0.0006727954161304867
0.0006795207278557957
0.0006868802865331041
0.0006948438497032209
0.0007033791508296256
0.0007124520420239684
0.0007220266422565383
0.0007320654904337917
0.0007425297027104934
0.0007533791333920326
0.0007645725387731104
0.0007760677432522118
0.000787821807057171
0.0007997911949156449
0.0008119319450054713
0.0008241998375236832
0.0008365505622192964
0.0008489398842439621
0.0008613238076860076
0.0008736587361673092
0.0008859016298987466
0.000898010158608624
0.0009099428497792988
0.0009216592316502741
0.0009331199704710634
0.0009442870015141263
0.0009551236533869945
0.0009655947652131992
0.0009756667962837164
0.0009853079278141544
0.000994488156477706
0.0010031793794198838
0.0010113554704980071
0.0010189923475262173
0.0010260680303453397
0.0010325626895759362
0.0010384586859523313
0.0010437406001750382
0.0010483952532587158
0.0010524117173923756
0.0010557813173678967
0.0010584976226718158
0.0010605564303736745
0.0010619557389818135
0.0010626957134742098
0.0010627786417476159
0.0010622088827627815
0.0010609928066967237
0.0010591387274447505
0.001056656827845147
0.0010535590780278987
0.0010498591473155452
0.0010455723101290356
0.001040715346374247
0.0010353064368055292
0.0010293650538811768
0.0010229118486420078
0.0010159685341582336
0.0010085577661014301
0.0010007030210076632
0.0009924284728046356
0.0009837588681800738
0.0009747194013704685
0.0009653355889487041
0.0009556331451860755
0.0009456378585587064
0.0009353754699604795
0.0009248715531743104
0.0009141513981409793
0.0009032398975498323
0.000892161437258565
0.0008809397910300405
0.0008695980200527928
0.0008581583776885922
0.0008466422198653111
0.0008350699215064176
0.0008234607993598975
0.0008118330415593044
0.0008002036442181901
0.0007885883553264103
0.0007770016261829201
0.0007654565705648604
0.0007539649317969623
0.0007425370578489724
0.0007311818845518336
0.0007199069269860327
0.0007087182790580001
0.0006976206212428234
0.0006866172364339745
0.0006757100338035174
0.0006648995805393045
0.0006541851412894028
0.0006435647251083083
0.0006330351396647753
0.0006225920524372994
0.0006122300585906963
0.0006019427551958577
0.0005917228214248779
0.0005815621043253751
0.0005714517097511001
0.0005613820980010473
0.000551343183696234
0.0005413244394022617
0.0005313150024868404
0.0005213037846846562
0.0005112795838273854
0.0005012311971844579
0.0004911475358502519
0.0004810177396059385
0.0004708312916791906
0.00046057813282239545
0.0004502487741299609
0.0004398344080177814
0.0004293270167928168
0.00041871947824822803
0.00040800566772936607
0.0003971805561282487
0.0003862403032788607
0.0003751823462426851
0.0003640054819931475
0.0003527099440292017
0.0003412974724719283
0.00032977137722366525
0.0003181365937967947
0.0003063997314487671
0.00029456911329103796
0.0002826548080723737
0.0002706686533711458
0.00025862426996678053
0.00024653706719724735
0.0002344242391472293
0.00022230475155028388
0.0002101993193277133
0.00019813037472681975
0.00018612202606169785
0.00017420000710030253
0.0001623916171823974
0.0001507256521936015
0.00013923232656132687
0.00012794318647835627
0.0001168910145994583
0.00010610972649507976
9.56342591842172e-05
8.550045210528072e-05
7.574492091954704e-05
6.640492457606249e-05
5.751822609969699e-05
4.91229475952557e-05
4.12574199900161e-05
3.3960028064536704e-05
2.72690513472126e-05
2.12225014713795e-05
1.585795661500499e-05
1.1212393661827176e-05
7.322018739259095e-06
4.222096802318726e-06
1.9467809442208148e-06
5.289421230504914e-07
0.0
3.8975558804438823e-07
1.7262264105804052e-06
4.035484867395689e-06
7.341500500486335e-06
1.1665986844566084e-05
1.7028253536704123e-05
2.3445064346418036e-05
3.093050177171012e-05
3.949583882807819e-05
4.914941863648446e-05
5.989654239266286e-05
7.173936627416925e-05
