0.005151878624123942
0.005077224788020393
0.005155719562205717
0.005373550157875301
0.0056924401207103185
0.00605400728471484
0.006387880250314583
0.00662227719851797
0.006695266709743358
0.006564766869812308
0.006215530252017064
0.005661875673259749
0.004945669594115933
0.004129894255061975
0.0032889124386682234
0.002497108259949458
0.0018178463256806805
0.001294602554413848
0.0009456995430474416
0.0007634098013145057
0.00071739902974599
0.0007617171437286916
0.000843947486397891
0.0009148008790784302
0.0009364431507554172
0.0008881619641524768
0.000768540864780798
0.0005940003823536625
0.00039425090611478527
0.0002057485044959853
6.455232080856011e-05
0.0
3.03538754672086e-05
0.00016108927290604726
0.0003859030291957187
0.000689940711002879
0.0010542946476955074
0.0014606012691025967
0.001894606980881135
0.0023478627532658924
0.0028171822850066434
0.003302052394254089
0.0038006961869220877
0.004305847310492596
0.004801417006737875
0.005261093338538552
0.005649528178478
0.0059262178402315294
0.006051579464030715
0.005994193205018636
0.005737834151675156
0.005286837010564349
0.004668548611392751
0.003932097722863197
0.003143364806368689
0.0023767447726077916
0.001704927643516689
0.0011883511600765655
0.0008661178303217163
0.0007499823632902388
0.0008225305773531238
0.0010399710682039015
0.0013391709645304475
0.0016478299694647923
0.0018961369611725362
0.0020279912594573946
0.0020099441508469825
0.0018364117643095718
0.0015303554749005674
0.0011394032401723314
0.0007281543138176576
0.00036803363535041576
0.000126432509818958
5.692887883341092e-05
0.0001921220091102363
0.0005400989437324899
0.0010848757354157456
0.00179045335629829
0.0026075255970799643
0.003481480564239573
0.004360212489743005
0.005200417130532659
0.005971438956880672
0.006656284600043843
0.007250001757391728
0.007756129738500711
0.00818226025147448
0.00853584580663323
0.008821247562627452
0.009038663177064808
0.009185097430028464
0.009257037247013383
0.009254074437320067
0.009182471880592966
0.009057644256157415
0.00890472909745318
0.00875681747992067
0.008650916862726104
0.008622229432864798
0.008697742925076635
0.008890360389571408
0.009194788857902867
0.009586157796241019
0.010021887106393696
0.010446751329658988
0.010800496431813248
0.011026868037716426
0.011082599770957416
0.010944848903189176
0.010615770724891643
0.010123361962272759
0.00951830386188413
0.008867194693101786
0.008243165919315868
0.0077153219189133974
0.007338653152710665
0.007146011029857183
0.007143409937754143
0.007309392695968554
0.007598549008246164
0.00794861978741494
0.008290060998896193
0.00855656835536739
0.008694935697250689
0.00867275096678864
0.008482797507278945
0.008143561305136344
0.007695857788910718
0.007196186005411787
0.006707900874790228
0.006291594193508519
0.005996151991806181
0.005851806100610594
0.005866153056993255
0.006023634242274125
0.0062884358278441806
0.006610259090653359
0.006932006284109241
0.007198180757247221
0.007362742104687809
0.007395287949541751
0.00728472570324047
0.007040000181521109
0.00668789238853818
0.006268333467347889
0.005828024304474189
0.005413368774536609
0.005063790884909979
0.004806410167404474
0.004652815224681858
0.00459834094679731
0.00462387194378882
0.004699819786329371
0.004791608507559436
0.004865795118903747
0.0048958772572504075
0.0048669065973193405
0.004778222044736306
0.004643910278132569
0.004490948339650064
0.004355331654451974
0.004276789186023221
0.0042928912385659075
0.004433434858790133
0.004715935917113401
0.005142875511295476
0.005701070460038362
0.006363207491009827
0.007091250642953799
0.007841153706797273
0.008568128041952797
0.009231658906878104
0.009799538109338455
0.010250372925238557
0.010574306756832297
0.010771997755369644
0.010852193623740503
0.01082846355876219
0.010715763722391514
0.010527501929992578
0.0102736343383134
0.009960097908416878
0.009589600975053573
0.009163513704233132
0.008684373768116264
0.00815839338308994
0.007597346917668681
0.0070193354937237405
0.006448144640096409
0.005911191602011585
0.005436346760238185
0.005048153157190959
0.004764112335317834
0.004591724214215428
0.004526857709001988
0.004553806242037479
0.004647088740352616
0.004774746612860293
0.004902618684886693
0.004998899803276013
0.005038238280482014
0.005004712280077081
0.004893229743829261
0.004709181917254946
0.0044664930380423195
0.004184489467339968
0.0038842080316426907
0.0035848396719772102
0.003300948117282078
0.0030409273417674886
0.0028069021166429614
0.002595984847135833
0.0024025363813895027
0.0022208900432008688
0.0020479223281243564
0.0018849033098102567
0.0017382225902457479
0.0016188280365085315
0.0015404848572861708
0.0015172070273618823
0.0015603829165090066
0.001676179203511089
0.001863750926296251
0.0021146240871120145
0.0024133849146828726
0.0027395547924342727
0.0030703038821497074
0.003383504600756672
0.0036605773102209283
0.0038886420718195463
0.004061646410703203
0.004180354775539123
0.004251314142568761
0.004285103706183341
0.004294295078992409
0.0042915700426295
0.004288364358179006
0.004294248771371447
0.004317059438523928
0.004363595610225022
0.004440557220857949
0.004555332518543646
0.004716280891599639
0.004932281468841486
0.005211506172685397
0.005559584316576311
0.005977506753278547
0.00645972827187507
0.0069929393225437
0.0075558852704917835
0.008120429407699043
0.00865382110708423
0.009121891568660813
0.009492707518202902
0.009740109986146682
0.009846574639793208
