0.0004259379649518974
0.0008011519038434809
0.0012978618502795768
0.0018802887116875265
0.0025070107043311442
0.0031357024451008344
0.003727703226851156
0.004251820075050395
0.004686945627424064
0.005023292508856408
0.005262268680448497
0.005415200885697439
0.005501227467512467
0.005544717183900295
0.00557253565094794
0.005611399285617199
0.005685459903845732
0.0058141828336643634
0.006010540287414955
0.0062795480946054
0.00661721949207991
0.007010071991793717
0.007435371708377092
0.007862303585158006
0.008254194644364422
0.008571786055537912
0.008777363692710339
0.008839349726911397
0.008736775910518219
0.008462951390477622
0.008027644042698736
0.007457234748389276
0.0067925721550526
0.006084615904368651
0.005388349228477923
0.00475579307954384
0.004229189390691347
0.0038354820604522217
0.003583081472180499
0.0034615604925446594
0.003444445218525093
0.0034947136549477852
0.0035721007583509492
0.003640930282646645
0.0036770345005450455
0.0036724269289295946
0.003636757000992107
0.003595144754525172
0.003582670400158938
0.0036364538596305187
0.00378677499183139
0.004048949217928763
0.0044176215486155905
0.004864768178401123
0.0053420541793348375
0.005787397767565513
0.006134780920175272
0.0063256766695944655
0.006320068941216063
0.006105008368764836
0.005698998851338316
0.00515119438276997
0.004535288394932103
0.0039389375148938255
0.00345040083478303
0.003144633937613528
0.003071241303831359
0.003246419394658642
0.003650354505853419
0.00423058889793305
0.004910806153138219
0.00560350760825733
0.006224340019387852
0.006705527647161442
0.0070060233113373935
0.007116598933067738
0.007059038402775873
0.006879700478492421
0.006638779398361503
0.006397403888666098
0.006205123217086332
0.006090248878416433
0.006054961654161127
0.006076157496082871
0.006111867559596337
0.0061119652623318615
0.006030984861868663
0.005840399094974833
0.005537739394043168
0.005150495783362117
0.004733709835946718
0.004361394691377139
0.004113151728790862
0.0040583664010532105
0.004240955111085841
0.004667675711542115
0.005302482076199697
0.006068381659100683
0.0068569214840555935
0.007544022598673336
0.008009664528001654
0.008158119464590375
0.007935208422010646
0.0073394534516051275
0.006424972230588599
0.005295340020221457
0.004089189258582148
0.0029597559101461526
0.0020516574213060353
0.0014787058872627913
0.0013064261807522529
0.0015421823919661813
0.002134549242093887
0.0029820187690921284
0.003949575749378211
0.004890377499498902
0.005668956654792105
0.00618216431782678
0.006374511082216138
0.006245557856865177
0.0058483750206854285
0.0052795841495063165
0.0046628617613078795
0.004128789483405322
0.003794419800567958
0.003745827222585915
0.004026271761309274
0.004631548974833331
0.005512838608792794
0.006586119919571029
0.0077462098119716934
0.0088828617902294
0.009896222669696987
0.010709273601140103
0.011275591969503809
0.011581708125353807
0.011644311557584856
0.011503405608976492
0.011213076540501833
0.01083175195896759
0.01041366860596286
0.010002812994776553
0.009629955880509291
0.009312715379517658
0.009057993169678293
0.008865742790667873
0.008732907755559278
0.008656510433222742
0.008635225959514867
0.008669244040818808
0.00875869264836057
0.00890126524973123
0.00908988029671232
0.009311175078402368
0.009545411720813104
0.009768010550889869
0.009952513595608151
0.010074415537056325
0.010115064868738498
0.01006478705434778
0.009924524900926022
0.009705596257097679
0.00942756701550835
0.009114639610143353
0.008791274700126387
0.008477926566444279
0.008187745232270926
0.007924886641726423
0.007684722931388688
0.0074558345164735685
0.007223284333066508
0.00697240580419926
0.006692239101473102
0.006377846761576265
0.006031009027593285
0.005659182609678779
0.005273019409286336
0.004883092045817158
0.004496680979446876
0.004115493609225057
0.003734999970330436
0.0033457173393858946
0.0029363291378587467
0.0024980765678250996
0.0020295120145137503
0.0015405314577574937
0.0010546541930301799
0.0006087921738164338
0.00025020204430406014
3.085628146961769e-05
0.0
0.0001960704134332204
0.0006393609960503041
0.0013267647151544472
0.0022296314216157243
0.0032952737016901878
0.004452043077591623
0.005617286871207172
0.0067069986652338424
0.007645684374991362
0.008374934828026575
0.008859428685357652
0.009089541149583748
0.009080318360704696
0.00886718538820435
0.008499275905850694
0.008031611983610402
0.0075174676418151625
0.00700211104355661
0.006518775481882839
0.006087234677816903
0.005714851171258933
0.005399527261634747
0.0051336973134568295
0.004908405684138064
0.0047166212873937996
0.004555211526433086
0.0044253662493327645
0.004331640952459571
0.004280094099773115
0.004276162330353705
0.004322918645802136
0.004420200325066696
0.004564819312466032
0.0047517477532541385
0.004975884401085116
0.005233824622629779
0.005525024097457083
0.005851875425146608
0.0062184811094285215
0.006628246715509086
0.007080755595854879
0.007568640262296947
0.008075269853792656
0.008573993726889535
0.009029423131761919
0.00940084134177641
0.009647384233072868
0.009734221193658583
0.009638680384425195
0.009355170520653624
0.008897883865474538
0.008300607323292953
0.0076134620908021875
0.0068969459350037106
0.006214159125085021
0.005622454549375324
0.005165890255297815
0.004869746283001663
0.004738014397425475
0.004754243285764845
0.004885522021180854
0.0050888257928374606
0.005318537726303266
0.005533778149585944
0.005704252389031212
