0.0005789415900399803
0.0005138083571306008
0.00045013498167767105
0.0003885907983354653
0.00032982022358185245
0.00027443255250011447
0.0002229925331566074
0.0001760118928010872
0.0001339419712472721
9.716759497843544e-05
6.600230118517045e-05
4.0684994545416974e-05
2.1378091604257448e-05
8.167178635234106e-06
1.062179417175152e-06
0.0
4.84858881688241e-06
1.5412322972971522e-05
3.1438605724302265e-05
5.262553654365298e-05
7.863049420060893e-05
0.00010907945535838922
0.00014357685665050864
0.0001817157973228868
0.0002230883725193953
0.0002672959242871367
0.00031395899844218964
0.0003627268005523374
0.0004132859533693199
0.00046536837091484644
0.0005187580808564849
0.0005732968464999995
0.0006288884623112741
0.0006855016219474148
0.0007431712848605249
0.000801998496139036
0.0008621486438419521
0.0009238481681141802
0.0009873797662907626
0.0010530761674509529
0.0011213125779278924
0.0011924979255963845
0.0012670650548618529
0.0013454600457095942
0.0014281308485456748
0.0015155154415253309
0.001608029728339727
0.0017060554018025744
0.0018099280019005246
0.0019199253961749848
0.002036256905391849
0.0021590532885084096
0.0022883577881144105
0.002424118421028221
0.002566181678856639
0.002714287780425299
0.002868067592458074
0.0030270413071763935
0.0031906189360902744
0.0033581026486785015
0.0035286909534427736
0.0037014846875170365
0.00387549475016678
0.0040496514856625055
0.004222815592676883
0.004393790411028248
0.004561335412728857
0.004724180703305178
0.004881042321597435
0.0050306381120168095
0.005171703932777886
0.005303009957100611
0.005423376821890154
0.005531691379982836
0.005626921817649039
0.0057081319085566
0.005774494188639805
0.005825301853045047
0.005859979196230435
0.005878090439025669
0.005879346811606549
0.005863611788462319
0.0058309044000601825
0.005781400575543652
0.005715432500931372
0.005633486007397936
0.005536196033810934
0.00542434023627644
0.005298830844538818
0.005160704890252158
0.005011112954990361
0.0048513066060380415
0.004682624705201966
0.0045064787898582825
0.004324337736017777
0.004137711920227715
0.003948137100575598
0.00375715823692314
0.0035663134668472763
0.0033771184467293663
0.0031910512572021635
0.003009538058979398
0.002833939669244473
0.002665539210596737
0.0025055309644138523
0.0023550105387833845
0.002214966438303393
0.002086273099478267
0.001969685431576315
0.0018658348790970497
0.0017752269988354778
0.0016982405223236697
0.0016351278535451214
0.0015860169325899974
0.0015509143786441902
0.0015297098106331689
0.0015221812311741788
0.0015280013493781859
0.0015467447105819983
0.0015778954963236854
0.0016208558557875394
0.0016749546304739068
0.0017394563368768627
0.001813570277316405
0.0018964596565639777
0.001987250591276357
0.0020850409102359507
0.002188908655682207
0.002297920209286977
0.002411137980242064
0.0025276276071510345
0.0026464646396131847
0.002766740679229336
0.0028875689729366263
0.003008089463806993
0.0031274733154634518
0.003244926935857635
0.0033596955341268814
0.0034710662504684395
0.003578370903336059
0.003680988400731349
0.0037783468629273647
0.00386992550267099
0.003955256305855527
0.004033925550971094
0.004105575199503378
0.0041699041820728155
0.00422666959672905
0.004275687826707427
0.004316835575402965
0.004350050806621744
0.004375333568635892
0.004392746671499165
0.0044024161787710615
0.004404531667526974
0.00439934620455752
0.004387175982209628
0.004368399554589395
0.004343456613987132
0.004312846248509298
0.004277124625075762
0.004236902047179221
0.004192839344073208
0.004145643557270627
0.004096062901263257
0.004044880988031926
0.0039929103189818484
0.003940985063141967
0.0038899531565089332
0.0038406677739650217
0.0037939782418999787
0.003750720476149384
0.0037117070457474677
0.0036777169779010697
0.0036494854331512996
0.0036276933915439717
0.0036129575004456484
0.003605820242116751
0.003606740584022297
0.003616085276904384
0.0036341209646885016
0.0036610072662331718
0.0036967909817026356
0.0037414015659501206
0.003794647997812516
0.0038562171577659933
0.003925673807170058
0.0040024622405864
0.004085909658709026
0.004175231283643984
0.0042695372110387484
0.004367840965329951
0.00446906969563295
0.004572075921040667
0.004675650705850059
0.004778538118015073
0.0048794507984538755
0.004977086445219733
0.005070144995459228
0.005157346269975727
0.005237447830494054
0.0053092627887382235
0.005371677299482015
0.005423667467042688
0.005464315396419674
0.005492824126516884
0.005508531193634893
0.0055109205886037654
0.005499632890394188
0.005474473382560998
0.005435417986129651
0.005382616873151417
0.00531639565867875
0.005237254104841061
0.00514586230847262
0.005043054382756696
0.0049298196829676375
0.004807291665957564
0.004676734511879229
0.00453952767409252
0.004397148558615151
0.004251153567215785
0.004103157767717009
0.003954813480725446
0.0038077880933469494
0.0036637414270504634
0.0035243029983643144
0.0033910495172555354
0.0032654829686753614
0.0031490096177640148
0.0030429202686020496
0.0029483720902757286
0.002866372302588724
0.0027977639872928434
0.0027432142596064703
0.0027032049995061977
0.002678026303354583
0.002667772774475255
0.002672342726972777
0.002691440331134433
0.002724580681895356
0.0027710977248712977
0.002830154928149344
0.002900758543156609
0.002981773255264543
0.0030719399850657105
0.0031698955651713657
0.0032741939855569476
0.003383328873497303
0.0034957568524747323
0.003609921408515643
0.003724276882526374
0.0038373122035656447
0.003947573980715918
0.004053688580297223
0.004154382830494612
