0.007452921357116299
0.0073721217898309686
0.00753330061116738
0.007914693386603215
0.008462515319753002
0.00909924346674439
0.009735459720932252
0.010283397492065225
0.01067008574055969
0.010848069296528644
0.01080208502336238
0.010550720314083488
0.010142867107283328
0.009649585173521831
0.009152678169290229
0.008731761096832899
0.00845179107373625
0.00835292318703058
0.00844416557291612
0.00870171018863171
0.009072105006101111
0.00947971996328914
0.009837349379885325
0.010058374146248458
0.010068732196081885
0.009817031173796426
0.009281459163213816
0.008472650413273162
0.0074322621533480975
0.0062276244124018585
0.004943349445712198
0.0036711594965496046
0.0024993657481891043
0.0015033933271758459
0.0007385146952760806
0.00023557176358111713
0.0
1.3988950276273837e-05
0.00024119375377081205
0.0006331093299922954
0.00113606996569705
0.0016978536402708268
0.002273038243897049
0.002826539037091627
0.0033351007261413863
0.0037868640954232258
0.004179419935481396
0.004516957665815896
0.004807186931316531
0.005058654200017575
0.005278911747361055
0.005473760308812144
0.005647527305325674
0.0058041105475283615
0.005948356678396924
0.006087283702451448
0.006230707281156581
0.006390979006683276
0.006581760280516376
0.006815993007881039
0.007103438451092549
0.007448293297562425
0.007847425867784138
0.008289694050946815
0.008756621539692304
0.009224453151662738
0.009667332046727626
0.010061096725743958
0.010387035116618704
0.010634893835657643
0.010804537653945295
0.010905875917780238
0.010956982592587984
0.010980678905588603
0.011000157188005974
0.01103443940706827
0.011094537232865274
0.011181090612699581
0.011284017564876412
0.011384348373006385
0.01145800582216674
0.011480905885212599
0.011434465602520504
0.011310476484378672
0.01111436456024242
0.010866109116377426
0.010598492188844717
0.010352831053643504
0.010172819339519789
0.010097479924186645
0.010154440145766483
0.010354732138024472
0.010690092272980848
0.011133319107555727
0.011641720181602602
0.012163129348830244
0.012643509158215402
0.013034855569267643
0.013302053652782232
0.013427509978985694
0.01341278141053655
0.013276960920944431
0.013052169845831924
0.012777032952599247
0.012489378171222342
0.012219536214190255
0.011985489208921913
0.011790753550671907
0.011625347881517903
0.011469593372541621
0.011299935955026666
0.011095577073069593
0.010844530834224372
0.010547826835880847
0.01022093337574053
0.009892019657719292
0.00959730483307827
0.009374334894343854
0.009254469154812957
0.009256057451617783
0.009379703645666926
0.009606651147060594
0.009900755911714236
0.01021383715342025
0.01049354341476728
0.010692366968890584
0.010776181828641339
0.010730723342942816
0.010564767453006637
0.01030934562889884
0.010013041995700366
0.009734130717571324
0.00953089150886333
0.009451780241394836
0.009527165794511436
0.009764066439946449
0.010144780687414423
0.010629609096713436
0.01116313540444407
0.01168291278355399
0.0121289987957835
0.012452672775491454
0.012622868140848707
0.012629316870739699
0.01248204140607003
0.012207515980140166
0.011842422791503727
0.01142633457792449
0.010994790192566715
0.010574073948479595
0.010178600369251415
0.00981123051391503
0.009466222886843081
0.00913397763679033
0.00880637647079421
0.00848142260459485
0.008166062449665562
0.007876484849207131
0.007635757708710028
0.007469258543012045
0.007398860729636194
0.007437145348751828
0.007582953336214024
0.007819361411213938
0.008114701066404294
0.008426633738212898
0.00870866778383076
0.008917980535568667
0.009023098465808765
0.009009956385291508
0.008885114193110371
0.008675411438918135
0.008423991755177452
0.00818330669332019
0.008006281282896826
0.00793718090405015
0.008003791280242515
0.008212295935648381
0.008545751450408288
0.008966412664268276
0.00942147109306213
0.009851170597458369
0.010197866607584136
0.010414470615793696
0.01047088810921993
0.010357476912859489
0.010085137069319182
0.009682275462314425
0.009189444208118491
0.008652825222578748
0.008117857070177648
0.00762415873764558
0.007202536920697283
0.00687435270926239
0.006652981695944175
0.0065466442774554535
0.006561606327377146
0.006704711067166438
0.006984406402926304
0.007409831797936863
0.007988036321300327
0.008719902675929014
0.009595738546644533
0.010591677921922898
0.0116679650553395
0.012769879117021904
0.013831557132014968
0.014782385977929566
0.015555081157335069
0.016094167040428684
0.016363408597381193
0.0163508599488026
0.016070575911315305
0.015560610469694688
0.014877590922541376
0.014088778824041762
0.013262985487746506
0.012461908627307672
0.011733355796276523
0.011107437121303219
0.0105962185014005
0.010196643521782095
0.009895893874159106
0.009677892506336579
0.009529455827762174
0.009444712672115723
0.00942680767328957
0.009486515593229881
0.009638087580291001
0.009893287531274244
0.010255023009113948
0.010712133189441678
0.011236725416210484
0.011784977512744634
0.01230163272101179
0.012727641836417319
0.013009706967111243
0.013109997701797892
0.01301414887179343
0.01273585451170656
0.012316919129018767
0.011822421539804825
0.011331543984717782
0.01092545162440335
0.010674214360613431
0.010625022661357446
0.010793802981686784
0.01116180292954822
0.011677881275971247
0.012266250445180264
0.012838456998540443
0.013307624265721667
0.013602561061323123
0.013679340397254595
0.013528375031426596
0.013175788361556709
