0.0032773543154242936
0.0032826276332479
0.003287136763257655
0.0032908813004201964
0.0032938592770242253
0.003296067137292886
0.003297499725043806
0.003298150284442204
0.0032980104738296527
0.003297070392548421
0.003295318620619117
0.003292742271067804
0.003289327054638152
0.003285057356564822
0.0032799163250263287
0.0032738859708393857
0.0032669472779024416
0.0032590803238439618
0.0032502644102812717
0.003240478202048599
0.00322969987470861
0.0032179072696203303
0.0032050780557981527
0.0031911898977617097
0.003176220628544996
0.003160148427005293
0.0031429519985483826
0.0031246107583662863
0.003105105016267453
0.0030844161621669934
0.0030625268512963037
0.0030394211881872614
0.00301508490848612
0.002989505557656344
0.0029626726656378126
0.0029345779165421363
0.0029052153124801768
0.0028745813306382184
0.0028426750727434747
0.002809498406087717
0.0027750560953095954
0.002739355924171602
0.002702408806606471
0.002664228886349953
0.00262483362452213
0.0025842438745677216
0.0025424839440167614
0.0024995816425805867
0.0024555683161539762
0.0024104788663522596
0.0023643517552721285
0.0023172289952264036
0.002269156123265961
0.0022201821603660696
0.002170359555219385
0.0021197441126433758
0.0020683949066759135
0.0020163741784987466
0.001963747219394374
0.001910582239007229
0.0018569502192446418
0.0018029247542167214
0.0017485818766766318
0.0016939998714835729
0.0016392590766698611
0.0015844416727505018
0.0015296314609684683
0.0014749136312211426
0.0014203745204629354
0.0013661013624257732
0.0013121820295425492
0.0012587047679989125
0.001205757926875337
0.0011534296823745023
0.0011018077581581688
0.0010509791428429866
0.0010010298057258654
0.0009520444118265379
0.0009041060373477018
0.0008572958866615314
0.0008116930119354384
0.0007673740365094887
0.0007244128831331766
0.0006828805081598734
0.000642844642783677
0.0006043695423852435
0.0005675157450307832
0.0005323398401416853
0.0004988942483213554
0.00046722701329089005
0.00043738160684617545
0.00040939674770636473
0.00038330623507702916
0.00035913879770144413
0.00033691795912002987
0.0003166619198015164
0.00029838345674997003
0.00028208984112963417
0.0002677827743849119
0.00025545834326586177
0.0002451069941007012
0.00023671352658609325
0.00023025710729387147
0.00022571130301947732
0.00022304413402308857
0.0002222181471394709
0.00022319050865728628
0.00022591311679320586
0.0002303327335110199
0.0002363911353612815
0.0002440252829431777
0.0002531675085175591
0.0002637457212286542
0.00027568362932227884
0.0002889009786805248
0.0003033138069273029
0.0003188347122959714
0.0003353731363898236
0.0003528356599087302
0.00037112631036093275
0.00039014688072808255
0.0004097972580043728
0.00042997576048711683
0.00045057948265670605
0.00047150464644856696
0.0004926469576887534
0.0005139019664383057
0.0005351654299695565
0.0005563336770802877
0.0005773039724391335
0.0005979748796479634
0.0006182466217041578
0.0006380214375478529
0.0006572039333861903
0.0006757014274986644
0.0006934242872444376
0.0007102862570142262
0.0007262047758958628
0.0007411012838538155
0.0007549015152587891
0.0007675357786438085
0.0007789392216078859
0.0007890520798372208
0.0007978199092668384
0.0008051938004623458
0.0008111305743619176
0.0008155929585825855
0.0008185497435619575
0.0008199759178767027
0.0008198527821519162
0.0008181680410508643
0.0008149158729121413
0.0008100969766807106
0.0008037185958604275
0.0007957945192980488
0.0007863450586922426
0.0007753970028052727
0.0007629835484396718
0.0007491442083269546
0.0007339246961599048
0.000717376789084003
0.0006995581680466817
0.0006805322364851394
0.0006603679179139573
0.0006391394330525929
0.0006169260572095345
0.0005938118587143016
0.0005698854192602251
0.0005452395370897796
0.0005199709140199695
0.000494179827367448
0.0004679697878917249
0.0004414471849294721
0.0004147209199435553
0.0003879020297567039
0.00036110330078154007
0.0003344388755958593
0.0003080238532443425
0.0002819738846753467
0.000256404764743705
0.0002314320222277142
0.0002071705093203923
0.00018373399206179052
0.0001612347431804988
0.00013978313880840302
0.00011948726052347556
0.00010045250416063078
8.278119681069912e-05
6.657222340237514e-05
5.1920664231621966e-05
3.8917444767560096e-05
2.7648999023523538e-05
1.8196947736822452e-05
1.0637792550852176e-05
5.042627338977014e-06
1.476867750952078e-06
0.0
6.653498421083613e-07
3.519872628903603e-06
8.60396524188017e-06
1.5951300639131805e-05
2.5588685666043474e-05
3.753594269946276e-05
5.180581561028291e-05
6.840390044315892e-05
8.732860112398524e-05
0.0001085711104163768
0.00013211541625806223
0.00015793833351701765
0.00018600956111567844
0.00021629176438019647
0.0002487406823804771
0.00028330525993628276
0.0003199278038751149
0.00035854416303936253
0.00039908393145361796
0.0004414706739783306
0.00048562217369365625
0.0005314507001774212
0.0005788632977642256
0.0006277620927987297
0.0006780446188259558
0.0007296041585944445
0.0007823301016855106
0.0008361083165230583
0.0008908215354642339
0.0009463497516215189
0.0010025706260219547
0.0010593599036693145
0.0011165918370402124
0.0011741396155155123
0.0012318757992242839
0.0012896727557587088
0.0013474030982051465
0.0014049401229289803
0.0014621582455487665
0.0015189334335389644
0.001575143633909672
0.0016306691944268008
0.0016853932768565395
0.0017392022607438532
0.001791986136266251
0.0018436388847407317
0.001894058845403527
0.0019431490671294523
0.0019908176438092227
0.0020369780321597025
0.002081549350803023
0.0021244566595157465
0.0021656312176186127
0.002205010720550491
0.0022425395137468697
0.0022781687830231295
0.002311856720745822
0.0023435686671607384
0.0023732772263346546
