0.0009564032699802688
0.0009132801035951527
0.000879735996739339
0.0008553562486335663
0.0008396198625799374
0.0008319102094244179
0.000831527301262631
0.0008377014572736089
0.000849608117935342
0.0008663835426063918
0.0008871411089420413
0.0009109879211576565
0.0009370414279718463
0.0009644457502775471
0.000992387423223468
0.0010201102673663086
0.001046929118704808
0.0010722421674651062
0.0010955416801199506
0.0011164229078565219
0.0011345910170487716
0.001149865912665132
0.0011621848633205816
0.0011716028761894813
0.0011782908105262674
0.0011825312593705558
0.0011847122694102256
0.0011853190082172609
0.0011849235254522694
0.00118417278948371
0.001183775212560109
0.001184485905636841
0.0011870909276885276
0.0011923908134035288
0.0012011836772108024
0.001214248200373022
0.0012323268112277676
0.0012561093665019415
0.001286217633991866
0.0013231908639183105
0.0013674727181524394
0.0014193998035766872
0.0014791920284902894
0.0015469449696678976
0.0016226244029758107
0.0017060631129493726
0.0017969600570912566
0.0018948819195565205
0.001999267047064656
0.0021094317180528083
0.0022245786549895336
0.0023438076501236145
0.0024661281374415544
0.0025904735089060304
0.00271571694175365
0.0028406884762909573
0.0029641930607218264
0.00308502926146827
0.0032020083245273543
0.0033139732658666737
0.00341981766683366
0.0035185038540777084
0.003609080152500993
0.003690696914110412
0.00376262104509437
0.003824248777660882
0.0038751164617331314
0.003914909184015994
0.00394346705766742
0.003960789064221403
0.003967034369858518
0.003962521079916658
0.00394772243796709
0.003923260518129413
0.0038898975008459886
0.0038485246623806623
0.0038001492461740964
0.003745879419244278
0.003686907548480787
0.003624492059420704
0.003559938163455954
0.003494577758026569
0.0034297488179040373
0.0033667746039526994
0.0033069430186550156
0.0032514864351693433
0.0032015623188204655
0.003158234946856496
0.0031224585142818934
0.0030950618909179957
0.0030767352679490667
0.0030680189015520596
0.0030692941273107194
0.003080776782559816
0.0031025131352136175
0.003134378377655446
0.0031760777035709144
0.003227149944873044
0.0032869737057636995
0.003354775892158491
0.0034296424977990265
0.003510531473977945
0.0035962874784511234
0.0036856582712943647
0.003777312501601612
0.0038698586093696167
0.00396186455194638
0.004051878054233354
0.004138447076538086
0.004220140193605056
0.004295566582855263
0.0043633953291057565
0.004422373766807778
0.004471344598851169
0.004509261552881777
0.004535203361454696
0.004548385880734723
0.004548172193347222
0.0045340805738342555
0.004505790229414778
0.004463144763801063
0.0044061533471001285
0.004334989609747846
0.004249988312420786
0.004151639876406523
0.0040405828894838885
0.003917594730507239
0.003783580481192148
0.0036395603157076154
0.003486655577297894
0.0033260737660562845
0.0031590926729931886
0.0029870439025901376
0.0028112960290900112
0.00263323763088859
0.002454260442679202
0.0022757428566382155
0.002099033992161343
0.0019254385387593028
0.001756202559033035
0.0015925004185507164
0.001435422987349439
0.0012859672341173686
0.0011450273093255017
0.0010133871881275874
0.0008917149181864926
0.0007805584921599562
0.0006803433398147171
0.000591371411037646
0.0005138217987449723
0.00044775283018870255
0.0003931055367103675
0.00034970839583915204
0.0003172832259631603
0.00029545210275809313
0.0002837451582197526
0.0002816091175452417
0.00028841642621899553
0.00030347481940865874
0.00032603718803992385
0.0003553116005309909
0.0003904713459198933
0.0004306648727701078
0.0004750255085224455
0.0005226808555826891
0.000572761773087696
0.0006244108666633406
0.0006767904222578602
0.0007290897339931241
0.0007805317896235064
0.0008303792903452062
0.000877939994099501
0.0009225713829302371
0.0009636846651919018
0.0010007481322974227
0.0010332898971218783
0.0010609000470573008
0.0010832322490035673
0.0011000048462818787
0.0011110014886107182
0.0011160713359694278
0.001115128875505779
0.0011081533877689972
0.0010951880946432385
0.0010763390166175493
0.0010517735616726739
0.0010217188623223685
0.000986459871451792
0.0009463372217847149
0.0009017448483149581
0.0008531273680753293
0.0008009772073919921
0.0007458314634648674
0.0006882684848797259
0.0006289041546193004
0.0005683878593895431
0.0005073981306670935
0.00044663794582172145
0.00038682968195002596
0.00032870972061331246
0.0002730227084042393
0.00022051548603862787
0.0001719307073133093
0.0001280001785899038
8.943795923508973e-05
5.6933273426643637e-05
3.114329366179624e-05
1.2685865911913913e-05
2.132255383459347e-06
0.0
6.745965754442838e-06
2.2759703749779606e-05
4.835721282798414e-05
8.377521398403916e-05
0.00012916604311210243
0.00018459326690677342
0.000250028122858128
0.0003253468781928841
0.0004103291943287966
0.0005046575729771414
0.0006079179475465641
0.0007196014691172236
0.0008391075201567562
0.0009657479715732783
0.0010987526799174012
0.0012372762018615087
0.0013804056828373439
0.0015271698562602154
0.001676549069487366
0.0018274862329336428
0.001978898569987839
0.0021296900279209755
0.0022787641942214904
0.0024250375490818517
0.0025674528734167317
0.002704992623100355
0.0028366920743153087
0.0029616520422040718
0.003079050975554098
0.003188156234116824
0.0032883343623918556
0.003379060184269514
0.0034599245567260633
0.003530640637653105
0.0035910485426627206
0.0036411182880722354
0.0036809509419131574
0.0037107779313552414
0.0037309584829733895
0.0037419752013606723
0.0037444278212257136
0.0037390251978066226
0.0037265756296754205
0.0037079756362826182
0.003684197339394413
0.003656274622414406
