0.00026166605055166596
0.00039267244822241713
0.0005241994042632656
0.00065539687486842
0.0007854766721895421
0.0009137207192848316
0.0010394877258363313
0.0011622182111824602
0.0012814378323448025
0.0013967590061341709
0.001507880845538457
0.0016145874608724348
0.0017167447050761286
0.0018142954695822007
0.0019072536618708052
0.0019956970177756614
0.0020797589204340047
0.0021596194131815903
0.002235495605442016
0.0023076316785756805
0.002376288702636647
0.0024417344750062788
0.002504233587973567
0.0025640379246266894
0.0026213777710897895
0.002676453718428424
0.0027294295097612794
0.0027804259676123197
0.0028295161137207384
0.002876721568839085
0.0029220102939658847
0.0029652957074734155
0.0030064371852113287
0.003045241923403528
0.0030814681175137934
0.0031148293847244896
0.003145000333717925
0.003171623163504507
0.003194315153498957
0.0032126768902516712
0.0032263010624900643
0.003234781645649736
0.0032377232900511034
0.003234750723412257
0.003225517978526142
0.0032097172606452805
0.0031870872763204846
0.003157420855977736
0.0031205717161751
0.003076460223989241
0.0030250780450164815
0.0029664915776707696
0.0029008440994152873
0.0028283565748416246
0.0027493271006533643
0.0026641289881491094
0.0025732075092580733
0.0024770753570874065
0.002376306895835385
0.0022715312973697176
0.002163424682355746
0.002052701402171557
0.0019401046136349467
0.0018263963115085753
0.001712346993615841
0.0015987251400198862
0.0014862866909811491
0.0013757647082666155
0.0012678594008508084
0.001163228689201441
0.0010624794723189295
0.0009661597486939239
0.0008747517266100713
0.0007886660410488338
0.0007082371741917948
0.000633720154542463
0.0005652885864138587
0.000503034037381501
0.00044696678673029834
0.0003970179133802789
0.0003530426777104717
0.0003148251285520901
0.00028208384481305147
0.0002544787011207229
0.00023161852889097578
0.00021306952867115457
0.00019836427673938816
0.00018701115899910918
0.00017850405835770702
0.00017233211813662925
0.00016798940368244512
0.00016498428722973996
0.00016284838714304478
0.00016114490181360068
0.00015947619052900618
0.0001574904683389241
0.00015488749902872149
0.00015142318946378974
0.0001469130094214856
0.00014123418319700407
0.00013432662234242102
0.00012619259244833856
0.0001168951304709279
0.00010655525231055042
9.534801273670057e-05
8.349750091928335e-05
7.12708743833961e-05
5.89715517996239e-05
4.6931700337270545e-05
3.5504166069404326e-05
2.5054005899216927e-05
1.5949786501666982e-05
8.554819721822999e-06
3.218504677789287e-06
2.679444748864045e-07
0.0
2.673934838094108e-06
8.504794098549177e-06
1.7657646070142396e-05
3.024279940002804e-05
4.6312090216383585e-05
6.585631362500291e-05
8.880385267636922e-05
0.00011502053561387825
0.00014431072938486482
0.0001764196544412523
0.0002110368831946658
0.0002478009625338158
0.0002863050799578686
0.0003261036735055092
0.0003667198681141886
0.0004076536056426708
0.0004483903228072705
0.0004884100209485513
0.0005271965640423204
0.0005642470368265363
0.0005990809934099754
0.0006312494282802699
0.000660343306203335
0.000686001495014693
0.0007079179556038654
0.0007258480562944318
0.0007396138940868888
0.0007491085225796247
0.0007542990054991625
0.0007552282353079352
0.0007520154779452372
0.0007448556270066934
0.0007340171731807754
0.0007198389171362552
0.0007027254758942468
0.0006831416536368598
0.0006616057675332111
0.0006386820371600242
0.0006149721621455462
0.0005911062264965957
0.0005677330794441149
0.0005455103513732014
0.0005250942693477842
0.0005071294398070825
0.0004922387661619558
0.0004810136662674962
0.00047400474915910995
0.00047171310212804063
0.0004745823283422436
0.0004829914619975082
0.0004972488726600263
0.0005175872533195461
0.0005441597680261665
0.0005770374151728614
0.0006162076418673627
0.0006615742237794529
0.0007129584037272995
0.0007701012614504848
0.0008326672668709448
0.0009002489500143951
0.0009723726029798102
0.0010485049132033502
0.0011280604130321896
0.001210409618533666
0.0012948877207054686
0.001380803684968583
0.0014674496101165187
0.0015541101958135059
0.0016400721682856357
0.0017246335169883952
0.0018071124006722881
0.0018868555892714183
0.0019632463182322497
0.0020357114440690397
0.00210372780383187
0.002166827696528129
0.0022246034210510277
0.0022767108225237574
0.0023228718168389574
0.0023628758812282093
0.0023965805166049417
0.002423910704862889
0.002444857400970537
0.0024594751152888514
0.0024678786557868317
0.002470239112499103
0.0024667791774553066
0.0024577679022438096
0.0024435150022213592
0.002424364821057236
0.0024006900717581606
0.0023728854705550467
0.00234136137808276
0.0023065375582292822
0.0022688371589890915
0.002228681011782552
0.0021864823361862473
0.0021426419260752593
0.002097543881048716
0.0020515519339549078
0.002005006411626869
0.0019582218518669364
0.0019114852855657597
0.0018650551788917612
0.0018191610170164743
0.0017740034981121365
0.0017297552946140473
0.0016865623282023051
0.0016445454958190805
0.0016038027764614738
0.001564411642605041
0.0015264316960129103
0.0014899074454251503
0.0014548711432207887
0.0014213455995798073
0.0013893468958862203
0.001358886924012523
0.0013299756845821672
0.0013026232851617984
0.0012768415884030584
0.001252645470224732
0.001230053658971953
0.0012090891378669943
0.0011897791047239218
0.0011721544945812671
0.0011562490823578753
0.0011420981936090704
0.0011297370617164237
0.0011191988791641305
0.0011105125987383813
0.001103700547358638
0.0010987759206636822
0.0010957402303163498
0.0010945807781756656
0.0010952682319676393
0.0010977543758544884
0.0011019701063822004
0.0011078237397382415
0.0011151996901703628
0.0011239575719304924
