0.006421739375783216
0.006365482597060842
0.00636748783175846
0.006440783755205157
0.006592315138110786
0.006820324958299451
0.007112912463376966
0.00744820388104174
0.007796274169813008
0.008122613731883065
0.008392612856098661
0.008576305670254806
0.008652525080611342
0.008611694148142515
0.00845670886933228
0.008201712352945999
0.007868956797668209
0.007484321414193585
0.007072328163320617
0.00665161667637862
0.006231777163657311
0.005812202047275193
0.005383243840959585
0.004929525592859488
0.004434822728622049
0.0038876025303845397
0.003286135122409128
0.002642114824434528
0.001981954613249484
0.0013453042960833391
0.0007808293159629184
0.0003397871583477041
6.836317877911748e-05
0.0
0.0001490225368139548
0.0005067070857272425
0.0010405887022009582
0.0016973019039764814
0.0024086865347369866
0.003100356003792571
0.0037015077554628053
0.004154525628819676
0.0044229203366345175
0.004496380480650807
0.004392128163665129
0.0041523249264191426
0.0038378694667874393
0.0035194757529673007
0.003267334085121768
0.003140874896623176
0.0031801428421598765
0.0034000495662923733
0.003788344503979903
0.004307589495395634
0.004900828358293672
0.005500095686045471
0.006036490997386451
0.006450316246322557
0.006699769501144444
0.006766905350493072
0.006659980772547422
0.006411843681390999
0.0060746111928376865
0.0057114394263378
0.005386624875090831
0.005155534075419082
0.005055894436161136
0.005101787289361622
0.005281290226994094
0.005558175180391117
0.005877459401639778
0.006174017925419747
0.006382986351163764
0.006450385800314545
0.006342336106963251
0.006051403753915253
0.005599036221173896
0.005033608217184951
0.004424264538324357
0.003851390531120893
0.0033950750468363924
0.0031232676406662135
0.0030814149831330986
0.003285172296460158
0.003717347371360125
0.004329610215293091
0.005048784257345722
0.00578683561415317
0.006453105004990035
0.006966974091124635
0.007269082495650539
0.0073294281921466465
0.007151160268548071
0.006769534981372281
0.006246248612152458
0.005660065369267146
0.00509521275964682
0.004629332457378854
0.0043228031546391835
0.0042109922966905595
0.00430049283431794
0.004569745654710203
0.004973749282754195
0.005451932251167752
0.005937811924425357
0.006368856045325067
0.006695025597426227
0.006884788033127099
0.006927884217776698
0.006834716207358039
0.006632789513175896
0.006361093521519619
0.006063563350389606
0.005782800098227404
0.00555504243615924
0.005407029937071088
0.005354956689618719
0.005405275702490962
0.005556768562321303
0.005803106654770447
0.006135130858905016
0.006542256311673294
0.007012720149190326
0.007532758220552022
0.00808513538362578
0.008647683759628594
0.009192568655028063
0.009686882992551823
0.010094888778277786
0.010381835925191723
0.01051887757167234
0.010488258204391766
0.010287757093605313
0.009933377479747499
0.0094594943595512
0.00891607929001585
0.008363138769304123
0.007863036519893165
0.007471814713183263
0.007230893135059703
0.00716054846290777
0.007256342721580846
0.0074892140617653525
0.007809341486569853
0.008153255160781183
0.008453102459841245
0.008646601479497123
0.008686090121140019
0.008545234928732097
0.00822237218680531
0.0077400395708703655
0.007140911664439494
0.006480955958939088
0.005821067034585709
0.005218636709821611
0.00472044512020325
0.0043579328352071735
0.004145406542918749
0.004081144292059606
0.004150818256059825
0.0043322512152042195
0.004600343960806452
0.004931084701868704
0.0053038561040918515
0.005701721041931796
0.006109891537905424
0.006513051769898495
0.006892512341285326
0.00722424951383925
0.007478708401137445
0.0076228553092802746
0.007624431340481562
0.0074577989814910125
0.007110307172086181
0.0065878343761362115
0.005918171793870068
0.005151195465018463
0.004355304292642997
0.0036102776489445195
0.0029974040560050395
0.002588314833814032
0.0024343042941923593
0.0025579531344659483
0.0029485740541982087
0.0035624114225917365
0.00432774962734702
0.005154255607391863
0.005945150899730025
0.0066103124647493485
0.0070782330998382485
0.007304965064930714
0.007278691531358484
0.007019325601808037
0.006573388475294617
0.006005211806196805
0.005386101053517254
0.00478338192582551
0.004251184408455761
0.00382441837859193
0.0035167436342644367
0.0033225632024712765
0.0032223207186964646
0.0031898011462402802
0.003199824880228255
0.003234739376739152
0.0032884372106753807
0.003367192166148201
0.0034872880807435567
0.00367008025303676
0.003935644544335001
0.004296435746420697
0.004752346928449113
0.005288248119921541
0.005874555253453869
0.0064707499492235015
0.007031167351052164
0.007511914920887224
0.00787756960865251
0.008106363808233421
0.008192894233569222
0.008147901535757734
0.007995263528735867
0.007766897606531974
0.007496665164662178
0.007214533191782235
0.006942146129906846
0.006690620575331441
0.00646087200482613
0.006246225536722262
0.006036571256978615
0.0058230035646670035
0.0056018011917905565
0.005376776722796547
0.005159413483676922
0.0049667286189477924
0.0048173400303561055
0.0047266527016645715
0.004702318325778072
0.004741104419397648
0.004828033149062237
0.004938169768511445
0.005040855330004363
0.005105612997276898
0.005108536061042466
0.005037785819548157
0.0048969376403433535
0.00470530246065466
0.004494947839739676
0.00430482998792338
0.004173084952271511
0.004128977353750526
0.004186166167449141
0.0043387721913710885
0.004561241569229675
0.004812280024144969
0.005042319586077476
