0.0
0.00013266058742994339
0.0002727860037433881
0.00041872813685065726
0.0005687698149723823
0.0007211491463657415
0.0008740846867965522
0.0010258010440548871
0.0011745545198990257
0.0013186583873982228
0.0014565074057940187
0.001586601185667762
0.0017075660342341721
0.0018181749337155542
0.001917365334623853
0.0020042544799261366
0.002078152014941501
0.0021385696807815356
0.0021852279355000065
0.0022180593960994537
0.0022372090453466782
0.0022430311991372878
0.0022360832820650972
0.0022171165100357327
0.0021870636283663966
0.002147023901012464
0.002098245590572589
0.002042106208816329
0.0019800908529864223
0.001913768973462247
0.0018447699430293653
0.0017747578165745973
0.001705405682211524
0.0016383700104394927
0.0015752654068625447
0.0015176401662679853
0.001466953011623905
0.001424551381046643
0.0013916515993640092
0.0013693212390081984
0.0013584639381554486
0.001359806902911535
0.0013738912756186892
0.0014010655037856507
0.0014414817945203294
0.0014950956885091044
0.00156166873639213
0.0016407742096883672
0.0017318057290756166
0.0018339886456527304
0.00194639396658817
0.002067954576023691
0.0021974834659225667
0.002333693660320773
0.0024752194906643684
0.0026206388600093647
0.0027684961201342707
0.0029173251782759493
0.0030656724493434186
0.0032121192750780734
0.0033553034435884373
0.0034939394607617076
0.0036268372489078864
0.003752918977192979
0.0038712337624437878
0.003980970017155489
0.004081465263332616
0.004172213275413509
0.004252868462192381
0.004323247445553994
0.004383327842148162
0.0044332443020256955
0.004473281904915528
0.004503867059450584
0.004525556092492137
0.004539021754054414
0.004545037897551597
0.004544462624611024
0.004538220208034994
0.004527282125256858
0.004512647547530244
0.004495323636921242
0.0044763060038557016
0.004456559672527278
0.004437000890022405
0.004418480097794825
0.004401766361452445
0.00438753352712341
0.004376348340452033
0.004368660728119735
0.00436479640233841
0.00436495190672451
0.004369192178074209
0.004377450653594167
0.0043895319078851745
0.004405116759214543
0.004423769741123044
0.004444948793942864
0.0044680169920656215
0.004492256087454034
0.004516881618535862
0.0045410593067801985
0.004563922441379735
0.004584589935905147
0.004602184729822642
0.004615852202537864
0.004624778268213508
0.004628206825967517
0.004625456252057333
0.004615934638059474
0.004599153501537072
0.00457473972283797
0.0045424454929917325
0.004502156092614112
0.00445389535966148
0.004397828744136322
0.004334263889721636
0.004263648725087192
0.004186567090522133
0.00410373196786636
0.0040159764227115586
0.00392424240682335
0.0038295676050380954
0.0037330705439025027
0.0036359342085009647
0.003539388438775594
0.003444691396783971
0.0033531104114417915
0.003265902517132038
0.0031842950069918634
0.003109466320669959
0.0030425275799317126
0.0029845050738205765
0.0029363239783951178
0.002898793574669745
0.0028725942026900037
0.002858266160138084
0.002856200721020917
0.002866633414425207
0.0028896396656556324
0.002925132862961014
0.00297286487317343
0.0030324289896207276
0.0031032652563012884
0.003184668074194297
0.003275795959352953
0.003375683288688468
0.0034832538386468373
0.0035973358947979355
0.003716678687122213
0.003839969886845504
0.003965853886312221
0.004092950573792616
0.004219874310400165
0.004345252816471804
0.004467745679775314
0.004586062207608956
0.0046989783590242595
0.004805352511734121
0.0049041398403979405
0.004994405108473727
0.005075333704213078
0.0051462407821217075
0.005206578403757184
0.005255940605502123
0.005294066355339428
0.005320840395066657
0.005336291998228819
0.005340591706750599
0.005334046140266717
0.005317091000977512
0.005290282423036524
0.005254286838603086
0.005209869552421151
0.005157882232837144
0.0050992495393362425
0.0050349551148221785
0.004966027174928796
0.004893523926645187
0.004818519044545442
0.0047420874250950484
0.0046652914280808765
0.004589167799464335
0.004514715452226516
0.004442884261446845
0.004374565007360955
0.0043105805759377554
0.004251678501082578
0.0041985249064084695
0.004151699878120584
0.004111694274424096
0.0040789079514738594
0.004053649361690997
0.004036136457702993
0.004026498814605796
0.004024780865039444
0.0040309461260016445
0.0040448822836289915
0.004066406992526136
0.004095274239729409
0.004131181120099946
0.004173774869836042
0.004222660007796162
0.0042774054402939824
0.004337551393770588
0.004402616051019211
0.004472101780142089
0.004545500860824866
0.004622300629455185
0.004701987982699189
0.0047840531979743
0.004867993048403096
0.004953313208884136
0.0050395299684631465
0.005126171281838962
0.005212777209224184
0.005298899808562966
0.005384102556987123
0.0054679593891092445
0.005550053448098881
0.00562997565130726
0.0057073231753949575
0.005781697966428592
0.005852705378257751
0.005919953037728753
0.0059830500280585504
0.006041606472154314
0.006095233586042716
0.006143544259133419
0.006186154203086248
0.006222683694915924
0.006252759923011091
0.006276019927342672
0.006292114107676536
0.006300710256475278
0.0063014980567560296
0.0062941939698335884
0.006278546423968226
0.006254341202773927
0.006221406922109388
0.0061796204763146755
0.006128912329268239
0.006069271522970798
0.006000750276309627
0.005923468049359328
0.005837614954018633
0.005743454399895536
0.0056413248750099895
0.005531640773906387
0.0054148922009303446
0.0052916436934541695
0.005162531828421519
0.005028261695378884
0.004889602239797735
0.004747380501573426
0.004602474794711186
