0.010167523965011433
0.010006283755050673
0.009741725288948712
0.009380054314081869
0.008936794429579956
0.008436189070826126
0.00790923163738404
0.007390410241309674
0.006913530382874384
0.006507218768711427
0.006190857653913349
0.005971710082849017
0.005843856171927113
0.005789283551661603
0.005781105110816273
0.005788480260425853
0.005782468013438466
0.005741812352458179
0.005657604374035586
0.005535902708333447
0.005397708702200643
0.0052761359977778095
0.005211109059233415
0.0052423826752870765
0.005402009046633129
0.00570752542187823
0.006157061030692161
0.006727274772055541
0.007374581465673593
0.008039582343442531
0.008654079826866244
0.009149622172195754
0.009466267140981172
0.00956022034243366
0.00940919794387813
0.009014748801753979
0.008401277544617593
0.007612046893682008
0.0067029100111041795
0.005734851166627686
0.004766543106533873
0.0038480471286411783
0.0030165110495467113
0.002294318481659908
0.0016896892196407972
0.0011993101837365402
0.0008122641384703923
0.000514370122487999
0.00029207330245957334
0.00013520617094762728
3.82410780677047e-05
0.0
2.210963810323017e-05
0.00010672574894570082
0.00025415835872439046
0.00046099591411772906
0.0007191678650613834
0.0010161429863396612
0.001336191466687335
0.001662401715814374
0.001978987427939922
0.0022733762893264895
0.0025376430460995773
0.002769015369292919
0.0029694001400006314
0.0031440992279073276
0.0033000575919664436
0.003444074826282405
0.0035813965730926993
0.0037149906684345374
0.003845632464940384
0.003972717713577235
0.004095538233958529
0.004214638252712576
0.004332845320322542
0.004455645195690189
0.004590728176916546
0.004746739032859933
0.0049314667584679835
0.005149866030449002
0.005402371843523216
0.0056839335327748715
0.005984058772667125
0.006287949529584002
0.006578574849726711
0.006839311954469283
0.007056645810314388
0.0072223820105039305
0.0073349099344155585
0.007399238731322728
0.0074257805995465494
0.007428121376464971
0.007420240336114983
0.007413769783504996
0.0074158897139815225
0.007428328531880295
0.007447710330294693
0.007467198824503239
0.00747909830684758
0.007477845288157949
0.007462711624632578
0.007439569042988091
0.007421234925734192
0.007426198991530444
0.007475864951846047
0.007590762019714101
0.007786420802450572
0.008069714153979453
0.008436409892148377
0.008870475266730717
0.009345350961496116
0.009827038151610243
0.01027849074441451
0.01066454820658426
0.010956535926103357
0.011135723818319433
0.011195058661757188
0.011138926846426974
0.010981092603580468
0.01074131255989209
0.010441376777598594
0.010101416989749167
0.009737235053637149
0.009359156732915583
0.008972560061521622
0.008579839800593732
0.008183233973042875
0.0077877295120842085
0.0074032302060962705
0.007045323032081947
0.0067342900240571655
0.006492418147400173
0.0063400727914256815
0.00629133025871754
0.006350134485018338
0.0065079081831859835
0.006743305997709534
0.007024388895008584
0.007313004042375061
0.00757067403830251
0.00776493631465372
0.007874910604846143
0.00789495413584399
0.007835586118105272
0.007721370417580571
0.007586042289250777
0.007465733184541605
0.007391569051001549
0.007383099328857956
0.007443908182033223
0.007560375227447625
0.007703956145435757
0.00783665605060865
0.007918707400430988
0.007916974769423712
0.007812397054021109
0.007604897868489365
0.007314636635463246
0.006979160712244818
0.0066468250296614325
0.0063676136658819115
0.0061830725824912535
0.006117321979290558
0.006170996024498781
0.006319465699740485
0.006515919635378609
0.006698950715456374
0.006803399590388802
0.006772517160721098
0.006569169301668718
0.0061838977415917575
0.005638169083808619
0.004982004062425655
0.004286226435472854
0.0036306091854222634
0.0030900240746496665
0.002721152473676029
0.002552291618569647
0.0025782805459977857
0.0027616565527854324
0.0030399986503587897
0.00333823248733074
0.003583686244580567
0.0037210923245876025
0.003724649428168602
0.0036047235420790503
0.0034077017699538324
0.0032087561648850922
0.003098600060902304
0.0031664804083994928
0.0034824251466331916
0.00408200095769178
0.004956477661421809
0.006050394689232519
0.007267237841177786
0.008482490498181105
0.009561984853603716
0.01038249206682444
0.01085104039640529
0.010919625624219931
0.010592752855070827
0.009926487398164737
0.009019173411799555
0.00799543535807919
0.006986245641078171
0.006108510731587402
0.005447677350237905
0.005046282928931991
0.004900278179077686
0.004963536304385464
0.0051594924350786605
0.005397596584455288
0.0055914418131883005
0.0056751920968038
0.005615318784363258
0.005415582937804425
0.005114496134129842
0.004775911377438715
0.004474675015843875
0.004280174890120024
0.004240985992003674
0.004373580583687971
0.004657284648646948
0.0050364776644415375
0.005429671235222086
0.005743817456686302
0.005891226304887846
0.005805988638711118
0.005456891239031155
0.004854450052010935
0.004050754289209607
0.003132107769447218
0.0022057369623279194
0.0013828756243728845
0.0007611500418892138
0.0004092740258037622
0.0003566142945322934
0.0005892967502690765
0.001053361964120498
0.001664258129915319
0.0023209003920566474
0.002921809787924362
0.0033805882336888364
0.0036382165804818354
0.0036703204896306415
0.0034884988015353273
0.0031358691261188644
0.0026779615097901445
0.0021908132582510193
0.0017484705833100914
0.0014120430613058284
0.0012220198567492692
0.0011948445286170386
0.0013239052312830103
0.0015842917012587037
0.0019400460456575896
