0.006916561555070773
0.006936468532290256
0.006893647515942103
0.006758261588612255
0.006521373550998777
0.006197890638971768
0.005825180030058795
0.005457551049326472
0.005157560646788463
0.004985679716216512
0.00499014981198896
0.005198809358106176
0.005614288171264038
0.006213334981712509
0.006950278718828573
0.007763878321330457
0.00858622996464092
0.009352083823141698
0.010006929412347756
0.01051252929668617
0.010849143855351868
0.01101437650231325
0.01101923844061604
0.010882550037051596
0.01062506088921913
0.010264634831203084
0.009813524471863611
0.009278226512212459
0.008661781587258274
0.007967797053729459
0.007205054644573781
0.006391407708247908
0.005555810099698431
0.0047377230757673135
0.003983732682372747
0.0033418529633771365
0.0028545506256969404
0.002551880402921031
0.002446184629872568
0.0025295625167873854
0.0027747970475033613
0.003139741238282895
0.003574449980919114
0.004029748384103844
0.004465581305226043
0.004857472572829331
0.005199751191980061
0.005504819665802081
0.0057985291585733265
0.00611253123236509
0.006475131794034582
0.006902540312259374
0.0073924011333249915
0.007921101725913126
0.008445640450578327
0.008909936224370044
0.009254548581035409
0.009428031876676722
0.009397726712989012
0.009157790573109094
0.008732703678419496
0.008175285348812697
0.007559276961640612
0.00696759857540597
0.006478264561868976
0.006150474090907949
0.006013462388418855
0.006060281370772142
0.006247839349015461
0.006503416836714113
0.006736692237563204
0.006855277961588464
0.006781080659835525
0.006464593110414635
0.005894545809613013
0.0051011413344387605
0.004152222489976369
0.003142981077066313
0.0021809673872543673
0.0013689986587330253
0.0007889329923677331
0.0004891060323376608
0.00047755340768483503
0.0007220887301804205
0.0011570711109193674
0.0016955069260797826
0.0022442069058841657
0.0027192291037919985
0.0030588658395771934
0.003231965159674035
0.0032403068264760066
0.0031148979735369942
0.0029071946282000953
0.0026771763771921966
0.0024807314652608627
0.0023588545154664227
0.0023307189375795616
0.0023918541544987997
0.002517601466658169
0.0026709504222822977
0.0028129794170930478
0.0029136097353913816
0.0029603291932153294
0.002962957532210358
0.002953327315413103
0.00297978359698442
0.0030974619557303353
0.003356181967558998
0.0037883211625924
0.004399109673188027
0.005161391518815984
0.006016107480747947
0.006878714403474559
0.007650660620929856
0.008234090728772625
0.00854733010796565
0.00853851438776695
0.008195013836497818
0.007547003495263891
0.006664517635725338
0.005648422712016966
0.004616751071320866
0.003688582816153841
0.0029680212209676777
0.002530726298805206
0.0024149794044489876
0.002618448943601525
0.003100864325617834
0.0037918551176032555
0.004602437505293075
0.005438154030574918
0.006211759004841346
0.006853586910025914
0.007318277076706566
0.007587240287333958
0.007667003673652603
0.007584224848281935
0.007378618122598696
0.007095224037816573
0.006777370827262997
0.006461365922674961
0.006173498498256576
0.005929431050502618
0.005735608303921381
0.005591993897815514
0.005495303991922761
0.005441947366912191
0.005430072542881164
0.005460406218400985
0.005535874381645479
0.00566026195546415
0.0058363401078065785
0.006063949196540843
0.006338474096655841
0.0066500150964756265
0.006983383679162576
0.00731888326481702
0.007633707262641482
0.007903721433634991
0.008105396141308242
0.00821770069356749
0.008223839629570384
0.008112770162393607
0.007880468459064602
0.0075309009613052915
0.007076612788268256
0.006538790041730934
0.005946616268762299
0.005335754234346224
0.004745861022500873
0.004217188241670357
0.0037865100198412925
0.0034828213958029326
0.003323409558241208
0.0033109713332883685
0.0034323963202761197
0.0036596436666347693
0.00395282916428805
0.0042652555856370405
0.004549733307890255
0.004765230501692721
0.004882735881622868
0.004889262000731856
0.004789176191471551
0.004602489003678397
0.004360284753687157
0.004098044106703084
0.0038480716580114103
0.0036325005205960262
0.0034583321723844476
0.0033156641255745562
0.003179698590055317
0.0030164043524578115
0.002790952931129718
0.002477415625530833
0.0020678245500952855
0.0015786620221831292
0.0010531811391163827
0.0005586366294447424
0.00017841126321894475
0.0
0.00010067899510687872
0.0005332676127536703
0.001314561167712957
0.0024187139015566135
0.0037771148863567604
0.005285237382694407
0.006815734329749413
0.00823591417401957
0.009426873610146025
0.01030115509625859
0.010815928926983756
0.01097936781597627
0.010848983589622488
0.010522045654159973
0.010119563908098515
0.009766451008009117
0.00957117303960003
0.009608321646289109
0.009907063398881196
0.010447420857239154
0.011164987373563279
0.011963212564971147
0.012731078347937472
0.013363052256167327
0.013777822927050324
0.013932560342420169
0.013830256791681872
0.013518945540003175
0.013083037719554887
0.012628403234186186
0.01226389996627857
0.01208263660954132
0.012146239808188708
0.012474797530524117
0.013044085896887674
0.01379035775301553
0.01462162508096827
0.01543324962948131
0.016124965835871825
0.016616312962546485
0.0168578617913641
0.016836493815108402
0.016574151593078856
0.016120701977719525
0.01554260743408896
0.01490979098409764
0.014283288030151116
0.013705979652057344
0.013197971275958563
0.012757173979594773
0.012364569041603723
0.011992704350096757
0.0116153653171506
0.011216196091102675
0.010794342857608843
