0.006253272594255954
0.007011439501293055
0.007815048193667667
0.00861352506843744
0.00935281308760262
0.009981479166031742
0.01045678692461716
0.010749852734653995
0.010849078751808825
0.010761274405000696
0.010510212485661759
0.01013276782722824
0.009673188625980239
0.009176380251838487
0.008681274675926177
0.00821537252407674
0.007791367549611164
0.007406418683964283
0.007044179247835772
0.006679206421001879
0.006282945867076523
0.005830197932943773
0.005304880648040842
0.004704032416351413
0.004039323979723158
0.003335816217940002
0.002628220389114746
0.001955391055035627
0.0013541167901320256
0.0008534029211524482
0.00047033638875376704
0.00020830345092840742
5.785753148637371e-05
0.0
1.1147810810723663e-05
6.871812452063138e-05
0.00015613312503714918
0.0002661673978291042
0.00040190510558979313
0.0005750779459031659
0.0008021166866938653
0.001098753883697367
0.0014743569869582768
0.0019272740003422615
0.0024423097056523657
0.0029910448043018144
0.003535139123867082
0.004032135554913993
0.00444273039919877
0.004738114237143768
0.004905896430169154
0.004953334853867849
0.004907069553306304
0.004809218486925042
0.004710409427654349
0.004660952851380403
0.004701777016404818
0.004856857762172359
0.00512864904913876
0.005497489294921727
0.005925217971979582
0.006362425972336121
0.0067580392471325405
0.007069442978149243
0.007271196332389931
0.007360606020001348
0.00735898819748845
0.007308252438349212
0.007263338158414761
0.007281850841676027
0.00741282184863514
0.007686733770422974
0.00810876252780169
0.008656615408948062
0.009283493357524982
0.009925734699861655
0.010513791323679886
0.010984523363465474
0.011292507682045079
0.011418201952327038
0.011371369670055633
0.011189050826556319
0.010928394432678101
0.010655656779386017
0.010433422702663526
0.010308477779842794
0.010302670275472573
0.010408562952929424
0.010590783211115116
0.010792901060994967
0.010948601982846175
0.01099507892510497
0.010886108356251216
0.010602291834278224
0.010156439799328267
0.00959295991632021
0.008981224913634255
0.00840402652426194
0.007943159536250128
0.007664744951318909
0.007606984853564951
0.007772624986602842
0.008127559484205571
0.00860590105711963
0.009120665449657037
0.009578199354920464
0.009893805215968117
0.010005808639857242
0.009885610695601383
0.00954200988675229
0.009019125878058707
0.008388412165612985
0.007736292729723357
0.007149705858672607
0.006702153103113765
0.006442682398465372
0.006389623269520212
0.0065299628383437445
0.006824185996587978
0.00721540563499505
0.007640866065381705
0.008043548774570806
0.008381700855593009
0.008634612226346004
0.008803777894170375
0.008909529242825608
0.008984113744882023
0.009062870325527871
0.009175461259200674
0.009339027288882114
0.009554659273682905
0.00980783114706881
0.010072572982056969
0.010318358641747846
0.010518104329483049
0.010655439336372065
0.010729564806938076
0.01075652733866728
0.010766496229209868
0.010797489793841838
0.010886771639103955
0.0110616723008503
0.011331773466215125
0.0116841798062269
0.012083034846961292
0.012473621533619635
0.012790484596096344
0.012968198677418994
0.012952845246073173
0.012712066090370192
0.012241774438335472
0.011568189854244227
0.01074471099850674
0.00984409070006759
0.008947249856296404
0.008130694339139327
0.0074547628799361805
0.006954783882594942
0.0066366842045924804
0.006477775037982831
0.006432494037280131
0.006441986735735545
0.006445730900993017
0.006393068824374031
0.006252572693392319
0.0060176091173381845
0.005707200955670829
0.00536216492187635
0.005037363983168193
0.004791593799363437
0.004676999819030726
0.004729934335066251
0.004964820122911936
0.005371966239174389
0.005919510254538808
0.006558892711294474
0.007232651547732773
0.007882970087976138
0.008459379945297711
0.008924302412107295
0.009255639007925722
0.009446277525147494
0.00950102560038013
0.009431987146125458
0.009253658271851492
0.008978991294011302
0.008617371771378552
0.00817494511986686
0.007657129085133604
0.007072587278643622
0.006437539356815423
0.005779133507653528
0.005136742898302085
0.004560446280871285
0.004106535747376262
0.003830544077570314
0.003778866942513773
0.003980449181595534
0.004440122915114943
0.005134995125918793
0.006014810678349388
0.0070065463265292305
0.008022744875056692
0.0089724155891489
0.00977283632287998
0.010360388847315903
0.01069868281532275
0.010782656260381692
0.010638005073962098
0.010316071657226186
0.00988507495373485
0.009419157263097106
0.00898705488777132
0.00864221583919125
0.00841589237539564
0.008314188756473757
0.008319348546474514
0.008394847822261546
0.008493247168139659
0.008565349303855477
0.008569072192762766
0.008476590089261053
0.008278677049391918
0.007985727757145991
0.0076255238693126
0.007238351873047875
0.006870469113596527
0.006567099731754117
0.006366105370739904
0.006293242772146995
0.006359552561170505
0.006561001989445002
0.006880113817259323
0.007289024911118155
0.007753275746513376
0.008235646308767027
0.00869950191328597
0.009111345049134184
0.009442523411513203
0.009670257451012215
0.009778275088705827
0.009757353233661198
0.009605970632863014
0.009331106166837126
0.0089490212813761
0.008485701631535461
0.007976551194366036
0.007464963461902321
0.006999543943102864
0.0066300029210290224
0.0064020300210482165
0.006351740891143222
0.006500487707302055
0.006850897632454394
0.007384918330105303
0.008064408867219586
