0.00034284096826310865
0.0003229275333617291
0.00030298914073937137
0.0002830929796547
0.0002633079454121192
0.00024370440490456395
0.00022435395296558486
0.00020532916039249906
0.00018670331454178485
0.00016855015343414305
0.00015094359433942637
0.00013395745784091045
0.00011766518840395659
0.00010213957249591418
8.74524553220019e-05
7.367445725584617e-05
6.087469105318607e-05
4.912048094305225e-05
3.8477084692298616e-05
2.9007419736811228e-05
2.077179446594783e-05
1.3827645735809335e-05
8.229283671854024e-06
4.027644802103835e-06
1.2700545389233379e-06
0.0
2.569141279659421e-07
2.075972033028107e-06
5.487900444229362e-06
1.051880111263559e-05
1.718998896396858e-05
2.5517845749167605e-05
3.5513689889206564e-05
4.718366315540701e-05
6.052863476867882e-05
7.55441234407525e-05
9.222023781781889e-05
0.0001105416357222238
0.0001304875025212337
0.00015203154888367132
0.0001751420281155692
0.00019978177319529035
0.00022590825355693785
0.00025347365159870527
0.00028242495882026004
0.00031270409142068853
0.00034424802511611634
0.00037698894886422046
0.0004108544371116483
0.0004457676401102243
0.00048164749177890534
0.0005184089345210907
0.000555963160341336
0.000594217867541954
0.0006330775322187687
0.0006724436937165219
0.0007122152531484434
0.0007522887840314799
0.0007925588540387823
0.0008329183568245666
0.0008732588528335109
0.000913470917967596
0.0009534444989479692
0.0009930692741780592
0.0010322350188869953
0.001070831973309482
0.001108751212639757
0.0011458850174831435
0.0011821272435191888
0.0012173736890853859
0.0012515224593901034
0.0012844743260676207
0.0013161330807970539
0.001346405881720475
0.0013752035914136253
0.0014024411051852558
0.0014280376685082445
0.0014519171824171114
0.0014740084957423861
0.0014942456830921757
0.0015125683075353723
0.001528921666988771
0.0015432570233620967
0.0015555318135700956
0.001565709841579503
0.0015737614507204622
0.0015796636755567239
0.0015834003726764737
0.0015849623298356502
0.0015843473529578973
0.0015815603305696152
0.0015766132753246354
0.0015695253423505886
0.0015603228242278466
0.0015490391224915925
0.0015357146956279804
0.001520396983616079
0.0015031403091481314
0.0014840057557412947
0.001463061023034189
0.001440380259640895
0.0014160438740134233
0.001390138323840593
0.0013627558845866188
0.0013339943978461731
0.0013039570002639886
0.0012727518338359585
0.001240491738474924
0.0012072939277876645
0.001173279649069811
0.0011385738285822297
0.0011033047032257056
0.001067603439780324
0.0010316037429214592
0.0009954414532658403
0.0009592541367383395
0.0009231806665829811
0.0008873607993699309
0.0008519347463739626
0.0008170427417187921
0.0007828246086958681
0.0007494193256755061
0.0007169645930326695
0.0006855964025092426
0.0006554486104291642
0.0006266525161725938
0.0005993364472999837
0.0005736253526970145
0.0005496404050865361
0.0005274986142242769
0.0005073124520609828
0.0004891894911152872
0.00047323205725868745
0.00045953689806714514
0.00044819486784271096
0.00043929063035381705
0.00043290238028432246
0.0004291015843195078
0.0004279527427319854
0.0004295131722623507
0.0004338328110184463
0.00044095404604363507
0.00045091156412877713
0.00046373222636487445
0.000479434966853928
0.000498030715914654
0.0005195223480376895
0.0005439046547620068
0.0005711643425607565
0.0006012800557410235
0.0006342224242781838
0.000669954136422128
0.000708430035829726
0.0007495972428959598
0.0007933952998753517
0.0008397563393059563
0.0008886052751706059
0.0009398600161544911
0.0009934317002848409
0.0010492249501676655
0.001107138147968513
0.0011670637292191832
0.0012288884944705557
0.0012924939377533969
0.001357756590754316
0.0014245483815632663
0.0014927370068020837
0.001562186315901038
0.0016327567062520232
0.001704305527933042
0.0017766874966695777
0.001849755113673563
0.0019233590909809224
0.0019973487808935026
0.0020715726081209866
0.002145878503213014
0.002220114335871223
0.002294128346735395
0.00236776957624708
0.0024408882892081713
0.002513336393670746
0.002584967852817994
0.0026556390885241147
0.002725209375313682
0.002793541223477909
0.002860500750146343
0.002925958037157757
0.002989787474623114
0.0030518680891262113
0.0031120838555639975
0.003170323991688105
0.0032264832344718547
0.0032804620974925714
0.0033321671085870704
0.0033815110271089043
0.003428413040188354
0.003472798937470757
0.003514601263884763
0.003553759450069393
0.003590219920167148
0.0036239361767695013
0.0036548688628805833
0.0036829858008446113
0.0037082620082620993
0.0037306796909991214
0.003750228213472298
0.0037669040464697033
0.003780710692844133
0.0037916585914899268
0.0037997650000874857
0.0038050538571705586
0.003807555624140055
0.003807307107914222
0.0038043512649684743
0.0037987369875785147
0.003790518873137696
0.0037797569774733852
0.00376651655313747
0.0037508677736927103
0.0037328854450593683
0.0037126487050253075
0.0036902407120572357
0.003665748324581169
0.003639261771926137
0.0036108743181466705
0.0035806819199567636
0.003548782880020456
0.0035152774968522523
0.0034802677125839545
0.0034438567598533984
0.0034061488090648805
0.0033672486172609036
0.003327261179830265
0.0032862913862585184
0.0032444436811035738
0.003201821731351771
0.0031585281012782474
0.003114663935899995
0.0030703286540707912
0.003025619652224319
0.0029806320197256096
0.0029354582667412733
0.0028901880654864614
0.0028449080056510536
0.0027997013647493903
0.0027546478940774204
0.0027098236208984335
0.002665300667413901
0.002621147087009659
0.0025774267181999095
0.0025341990566226085
0.0024915191453699663
0.002449437483867309
0.002407999955442696
0.002367247773658698
0.002327217447406907
