0.0017385837038894883
0.001685419851376113
0.0016314856252448713
0.0015768611149929684
0.0015216302975105465
0.0014658808861145525
0.0014097041633111696
0.0013531947976556974
0.001296450645144337
0.0012395725356367446
0.001182664044871213
0.0011258312526956774
0.0010691824881971347
0.0010128280624693473
0.0009568799898135392
0.0009014516982190635
0.0008466577300204118
0.000792613433673324
0.0007394346476358713
0.0006872373773801213
0.0006361374665960827
0.0005862502636820163
0.0005376902846436506
0.0004905708735492703
0.00044500386170795436
0.00040109922675426795
0.0003589647528344192
0.00031870569309622263
0.0002804244356880434
0.00024422017447027575
0.0002101885856367748
0.0001784215114329986
0.00014900665214248078
0.00012202726749365074
9.756188861500918e-05
7.568404163827737e-05
5.6461984016562515e-05
3.995845458775512e-05
2.623043837255779e-05
1.532894705182303e-05
7.298816019316121e-06
2.1785188539578774e-06
0.0
7.885263848478666e-07
4.562558642379373e-06
1.1333642544986491e-05
2.1106321180303176e-05
3.387806833899743e-05
4.963924350826843e-05
6.837306879211484e-05
9.005562800429041e-05
0.0001146558881033417
0.00014213574306158475
0.00017245008018158597
0.00020554686879489283
0.00024136727119880227
0.0002798457756080339
0.0003209103508197029
0.00036448262221215003
0.0004104780686213006
0.0004588062395626726
0.0005093709921930051
0.0005620707473332808
0.0006167987638046922
0.0006734434302612786
0.0007318885736377482
0.0007920137832686136
0.0008536947496754945
0.000916803616963478
0.0009812093477150321
0.0010467780992212575
0.0011133736098455495
0.0011808575942741043
0.0012490901463713389
0.0013179301483263687
0.0013872356847493066
0.00145686446035343
0.001526674219841322
0.001596523168599987
0.0016662703928017786
0.0017357762775047157
0.00180490292134757
0.0018735145464418097
0.001941477902074287
0.0020086626608511954
0.002074941805935508
0.0021401920080565103
0.002204293991001344
0.0022671328843343417
0.0023285985621304276
0.002388585966553741
0.0024469954151618003
0.0025037328908687987
0.0025587103135588235
0.002611845792400692
0.002663063857980603
0.0027122956734364706
0.0027594792238486896
0.002804559483215655
0.0028474885584185475
0.0028882258096584006
0.002926737946928886
0.002962999102170521
0.002996990876835598
0.003028702364677951
0.0030581301496672795
0.0030852782790138974
0.0031101582113761466
0.0031327887404089963
0.0031531958938982494
0.0031714128088099185
0.003187479582668562
0.003201443101761136
0.003213356846744229
0.0032232806763118223
0.00323128058965783
0.0032374284685423504
0.0032418017998424365
0.0032444833795370405
0.0032455609991414547
0.0032451271156686335
0.003243278506253184
0.003240115908628224
0.0032357436486956104
0.003230269256475955
0.003223803071766333
0.003216457840870343
0.0032083483057971777
0.0031995907873534624
0.00319030276357365
0.0031806024449517337
0.003170608347948836
0.0031604388682577736
0.00315021185530708
0.003140044189482975
0.0031300513635386723
0.003120347069645956
0.0031110427935244706
0.0031022474170594523
0.003094066830788984
0.0030866035576072558
0.003079956388990913
0.0030742200350115387
0.0030694847893487616
0.0030658362104656056
0.0030633548200506584
0.003062115819770713
0.003062188827312781
0.003063637632626263
0.0030665199752045753
0.003070887343171145
0.0030767847948574775
0.0030842508034814404
0.0030933171254520857
0.0031040086927436933
0.003116343529696486
0.0031303326945149317
0.0031459802456471515
0.003163283233140755
0.0031822317149820603
0.003202808798337137
0.003224990705525046
0.003248746864466021
0.003274040023260852
0.0033008263884722945
0.0033290557865956485
0.0033586718481235997
0.0033896122135307315
0.0034218087604257477
0.0034551878510447514
0.003489670599187384
0.003525173155629122
0.003561607010978159
0.003598879314884059
0.0036368932104481207
0.003675548182632218
0.0037147404194141373
0.0037543631843930435
0.0037943071995092097
0.003834461036507109
0.0038747115157412772
0.003914944110899315
0.003955043358196729
0.003994893268583658
0.004034377741494326
0.004073380978665835
0.004111787896554263
0.004149484535882404
0.00418635846686531
0.004222299188676641
0.004257198521740935
0.004290950991464015
0.004323454202045791
0.004354609199056629
0.004384320819500026
0.004412498028130476
0.004439054238845859
0.004463907620028441
0.004486981382767134
0.004508204050956175
0.0045275097123313075
0.004544838249573811
0.0045601355506850495
0.004573353697909267
0.004584451134559981
0.004593392809185115
0.004600150296587755
0.004604701895302824
0.004607032701214641
0.004607134657086087
0.0046050065778565595
0.004600654151652719
0.004594089916542967
0.0045853332131533305
0.004574410113348534
0.0045613533252673935
0.004546202075085775
0.004529001965963072
0.0045098048147090355
0.004488668466786705
0.004465656590343668
0.004440838450037835
0.004414288661494955
0.004386086927303014
0.004356317755513224
0.004325070161678274
0.004292437355515637
0.004258516413336918
0.00422340793743311
0.004187215703650198
0.0041500462984296735
0.004112008746623753
0.004073214131425854
0.004033775207782505
0.003993806010673576
0.0039534214596635454
0.003912736961136996
0.0038718680096371427
0.003830929789726521
0.003790036779784203
0.0037493023591441844
0.003708838419964555
0.0036687549851972994
0.00362915983400385
0.0035901581359318166
0.0035518520951342007
0.0035143406058735366
0.003477718920510212
0.003442078331126802
0.003407505865888745
0.0033740840011863473
0.0033418903905441276
0.003310997611221064
0.0032814729293597225
0.0032533780844736697
0.00322676909399134
