0.001453573676904944
0.001471459561420494
0.0014899584051966336
0.001509086926038884
0.0015288595647357144
0.0015492882899338148
0.0015703824109627109
0.0015921483995822699
0.0016145897215973498
0.001637706679250499
0.0016614962652662202
0.0016859520293790505
0.0017110639581327323
0.0017368183686891794
0.001763197817334018
0.0017901810233103238
0.001817742808554069
0.0018458540538438682
0.0018744816718141806
0.0019035885972153665
0.0019331337947362133
0.0019630722846349325
0.0019933551863535316
0.0020239297802180914
0.002054739587254159
0.0020857244670724412
0.0021168207337055986
0.00214796128920242
0.002179075774711377
0.0022100907387117242
0.002240929821977293
0.0022715139587861817
0.0023017615938189474
0.0023315889141189905
0.0023609100954218192
0.002389637562095074
0.002417682259868902
0.0024449539404766555
0.0024713614572692924
0.0024968130708134507
0.0025212167634332395
0.0025444805616094625
0.0025665128651075862
0.0025872227816673607
0.0026065204660528168
0.002624317462231599
0.0026405270474272593
0.0026550645767675464
0.002667847827235773
0.0026787973396213177
0.002687836757159127
0.0026948931595468855
0.0026998973910323095
0.002702784381271804
0.0027034934576754903
0.002701968647972426
0.0026981589717534516
0.002692018719777761
0.002683507719862565
0.0026725915882133315
0.0026592419650946666
0.0026434367337889917
0.0026251602218415084
0.0026044033836454235
0.002581163963480787
0.002555446638183451
0.00252726313868729
0.0024966323497527363
0.0024635803872676996
0.002428140652582622
0.0023903538634197728
0.0023502680609772965
0.002307938592931083
0.0022634280721215505
0.0022168063107979516
0.002168150230379273
0.002117543746778036
0.002065077631420939
0.0020108493481879666
0.0019549628665790895
0.0018975284515045624
0.001838662430180851
0.0017784869366990286
0.0017171296349157545
0.001654723420398406
0.0015914061022352089
0.001527320065598058
0.0014626119160198515
0.0013974321064191832
0.0013319345479730904
0.0012662762060026808
0.0012006166820969415
0.001135117783756363
0.0010699430828900478
0.001005257464547658
0.0009412266673103785
0.0008780168168032571
0.000815793953824242
0.0007547235586132478
0.0006949700728071701
0.0006366964206440543
0.0005800635309914652
0.0005252298617803299
0.0004723509284263335
0.0004215788378160105
0.000373061829424211
0.00032694382511364896
0.00028336398914554544
0.00024245629990340446
0.00020434913479943544
0.00016916486979535236
0.00013701949492630778
0.00010802224716871707
8.227526193973394e-05
5.987324445853436e-05
4.090316213735488e-05
2.5443959103707472e-05
1.3566293884561664e-05
5.3323012088155215e-06
7.953788062893367e-07
0.0
2.981552804046453e-06
9.766206152103229e-06
2.0370803791889842e-05
3.480278628900917e-05
5.306014148994797e-05
7.513138369878106e-05
0.00010099556172577353
0.00013062229586891004
0.00016397184379170942
0.0002009951951628874
0.0002416341948258613
0.000285821694169075
0.000333481730272007
0.00038452973230688526
0.0004388727545828544
0.0004964097355279942
0.000557031781815561
0.0006206224767542142
0.0006870582119784907
0.0007562085413952244
0.0008279365562647773
0.0009020992802226662
0.0009785480829780243
0.0010571291113604564
0.001137683736326436
0.001220049014480758
0.001304058162617844
0.0013895410437421043
0.0014763246629862733
0.0015642336718117537
0.0016530908788457833
0.0017427177656865436
0.0018329350059895768
0.001923562986136902
0.002014422325784015
0.0021053343965799333
0.0021961218373610456
0.0022866090641312864
0.0023766227731586392
0.0024659924355412513
0.002554550781625679
0.002642134273694268
0.002728583565379133
0.002813743946305608
0.002897465770519028
0.002979604867304404
0.003060022933069433
0.0031385879030264895
0.003215174301479058
0.0032896635695919578
0.0033619443696025005
0.003431912864511116
0.003499472972374775
0.003564536594414252
0.003627023816236856
0.003686863081569032
0.0037439913379883408
0.0037983541542409103
0.0038499058088285955
0.0038986093496491993
0.003944436624572924
0.003987368282938378
0.004027393748051542
0.004064511160870957
0.004098727295161267
0.004130057444495322
0.004158525281581436
0.004184162690487218
0.004207009572423903
0.0042271136258454235
0.004244530101703737
0.004259321534786423
0.004271557452143411
0.004281314059687186
0.004288673908124117
0.00429372553944383
0.004296563115258393
0.004297286028343183
0.004295998498786617
0.004292809156206206
0.004287830609533346
0.004281179005908941
0.004272973580266036
0.004263336197204117
0.004252390886782496
0.004240263375877119
0.00422708061675623
0.004212970314535542
0.004198060455172789
0.0041824788356550424
0.004166352598019611
0.0041498077688311595
0.004132968805713667
0.004115958152506193
0.004098895804576307
0.004081898885784458
0.0040650812385468246
0.004048553028393317
0.004032420364361732
0.0040167849365086335
0.004001743671752836
0.003987388409198222
0.003973805596009831
0.00396107600484041
0.003949274473724737
0.003938469669275808
0.003928723873931235
0.003920092797909678
0.003912625416446773
0.00390636383278761
0.0039013431673189797
0.0038975914731297356
0.0038951296781917894
0.003893971554258093
0.003894123712477636
0.0038955856256315067
0.0038983496767984877
0.003902401234164278
0.003907718751595111
0.0039142738945049434
0.003922031690455739
0.003930950703842965
0.0039409832339335335
0.003952075535441581
0.003964168060748583
0.003977195722799067
0.003991088177631557
0.004005770125436663
0.004021161628970954
0.004037178448096068
0.004053732389158252
0.004070731667873911
0.004088081284342185
0.004105683408766113
0.00412343777642983
