0.004401808977219946
0.004352777985233508
0.004302058308454414
0.004249722253957967
0.0041958468945679644
0.004140513939993573
0.00408380958912117
0.004025824363733717
0.003966652924005816
0.003906393866197405
0.0038451495030428387
0.003783025627404478
0.0037201312598307322
0.0036565783807272927
0.003592481647916975
0.003527958100427721
0.0034631268494097495
0.0033981087571412277
0.0033330261051370685
0.0032680022524271086
0.003203161285117984
0.003138627658397091
0.0030745258321770805
0.003010979901615064
0.0029481132237720274
0.002886048041704732
0.002824905107304366
0.0027648033042134814
0.00270585927216505
0.0026481870340947927
0.002591897627380243
0.002537098740557217
0.0024838943568564714
0.0024323844058903696
0.0023826644248013174
0.0023348252301606674
0.0022889526018787213
0.0022451269803535397
0.002203423178048502
0.0021639101066461648
0.00212665052087899
0.002091700780086169
0.002059110628490171
0.0020289229951270553
0.002001173814301109
0.001975891867367333
0.0019530986465748162
0.0019328082416304683
0.0019150272495661053
0.0018997547084127755
0.001886982055104841
0.0018766931079528294
0.0018688640739389153
0.0018634635810022523
0.0018604527353936356
0.0018597852040904438
0.0018614073221737825
0.0018652582249806167
0.001871270004754661
0.0018793678914313754
0.001889470457104729
0.0019014898436369738
0.0019153320127876575
0.0019308970181549513
0.0019480792981412924
0.001966767989076745
0.0019868472575575455
0.0020081966509844424
0.0020306914652158106
0.0020542031281845317
0.0020785995982653795
0.002103745776121518
0.002129503928704845
0.0021557341240355707
0.0021822946753417356
0.0022090425930996072
0.00223583404348117
0.0022625248116853497
0.0022889707686054115
0.0023150283392661597
0.002340554971451256
0.0023654096029333016
0.0023894531257171855
0.0024125488457108412
0.002434562936246715
0.002455364883892182
0.0024748279250075946
0.002492829471536734
0.0025092515245459155
0.002523981074064946
0.0025369104838252835
0.002547937859538076
0.0025569673994070025
0.0025639097256279827
0.0025686821956894443
0.0025712091923530073
0.002571422391264647
0.0025692610052206652
0.0025646720041906405
0.0025576103102808246
0.0025480389669059133
0.0025359292815242927
0.0025212609413816822
0.0025040221018000687
0.002484209446642636
0.002461828220680846
0.0024368922336864183
0.002409423836168428
0.0023794538667737462
0.0023470215714672237
0.002312174494705931
0.002274968342919341
0.002235466820703721
0.00219374144023448
0.0021498713044938653
0.0021039428650032376
0.0020560496548387634
0.0020062919977963133
0.001954776694655493
0.0019016166875736153
0.001846930703717855
0.001790842879317449
0.0017334823653873941
0.0016749829164403951
0.0016154824635645454
0.001555122673300209
0.0014940484938005768
0.0014324076898062056
0.0013703503680043772
0.0013080284943790756
0.0012455954051868803
0.0011832053132176423
0.0011210128110167043
0.0010591723727574136
0.0009978378564585852
0.0009371620082417296
0.0008772959703168487
0.0008183887943737013
0.0007605869620376617
0.0007040339140255564
0.000648869589607399
0.000595229977944778
0.0005432466828359109
0.0004930465023512214
0.00044475102479186557
0.0003984762423471387
0.0003543321837652857
0.00031242256728619276
0.000272844475013927
0.00023568804983240725
0.0002010362158889336
0.00016896442358795764
0.00013954041995202157
0.000112824045118037
8.88670556457756e-05
6.771297522168091e-05
4.939697324524671e-05
3.394577168768561e-05
2.1377580513656184e-05
1.1702061856890423e-05
4.920323039914968e-06
1.0249384271802248e-06
0.0
1.8211964413115088e-06
6.455920418564111e-06
1.3863403654516306e-05
2.3994879278719985e-05
3.6793770857189954e-05
5.2195907404810685e-05
7.01297635944567e-05
9.051672428912402e-05
0.0001132713724388639
0.00013830179930318263
0.00016550993588224897
0.0001947919043669144
0.00022603838834847948
0.00025913502046463754
0.0002939627860982213
0.0003303984416906133
0.00036831494618194465
0.0004075819040459971
0.0004480660183488554
0.0004896315522271248
0.0005321407971541478
0.0005754545463410447
0.0006194325716036534
0.0006639341020167747
0.0007088183026733906
0.0007539447518687824
0.0007991739150377884
0.0008443676137876214
0.0008893894883888623
0.0009341054521131852
0.0009783841358380154
0.0010220973213757377
0.001065120362027723
0.001107332588911575
0.001148617701663256
0.001188864142173793
0.0012279654500832481
0.0012658205988219193
0.001302334311060361
0.001337417352505433
0.0013709868030587753
0.0014029663044369
0.0014332862834378571
0.0014618841501279666
0.0014887044703132991
0.0015136991117537066
0.0015368273636722463
0.0015580560292093146
0.0015773594905683854
0.0015947197466985496
0.0016101264234578043
0.0016235767562997592
0.0016350755456249109
0.001644635085035341
0.0016522750628284691
0.0016580224371608378
0.0016619112854065086
0.0016639826283262674
0.0016642842297530003
0.0016628703725850885
0.001659801611963151
0.0016551445065856045
0.0016489713291950893
0.0016413597573404755
0.001632392545587752
0.00162215718041727
0.0016107455191044207
0.0015982534139356375
0.0015847803231613705
0.0015704289101323705
0.0015553046321048925
0.0015395153202343026
0.0015231707523048815
0.0015063822197662242
0.0014892620906635842
0.0014719233700605859
0.0014544792595580708
0.0014370427175123403
0.0014197260215497067
0.0014026403349622178
0.0013858952785515924
0.0013695985094649395
0.0013538553085368984
0.001338768177618337
0.0013244364483320878
0.0013109559036513483
0.0012984184136465202
0.001286911586691713
0.001276518437362991
0.0012673170721969364
0.0012593803944105449
0.0012527758286120516
0.0012475650664572732
