0.003020531912343142
0.0031083173894613353
0.0030905204662396357
0.0029461848168582396
0.002670902900069292
0.0022793283788944928
0.001804695980648641
0.0012951924655447136
0.0008075951389277902
0.000399123332658893
0.00011882856669234677
0.0
5.4943767506993296e-05
0.00027311885486531757
0.0006230394531519618
0.0010576854348070411
0.0015225215624716025
0.0019647337643414024
0.002342043956560207
0.0026295161116362668
0.0028231130008511945
0.0029393467065853603
0.003011081963600778
0.0030802678948636934
0.0031889563976531345
0.0033703027643290206
0.0036412688485589397
0.0039984516699921825
0.004417891583832681
0.004858976413819768
0.005271786645880917
0.005606565287386685
0.0058235689436234705
0.005901446477253422
0.00584252280967322
0.005673899601353654
0.005444027125789393
0.005215219039208549
0.005053325815788608
0.005016317872195678
0.005143757818936148
0.005449020170908914
0.005915666547837316
0.0064986842898183215
0.007130470270745464
0.007730634997539485
0.008218055677544954
0.008523231837464675
0.008598955071962356
0.008427597966657562
0.008023899880388388
0.007432875391825882
0.006723263256127068
0.005977634263831773
0.005280770177280673
0.004708137438124984
0.0043161846779539844
0.0041358220288690226
0.004169868772948381
0.004394590562390522
0.004764805179041073
0.005221522634616038
0.0057007784417982075
0.006142254371607867
0.0064964505632336585
0.0067295279540778505
0.006825403559064733
0.006785163485237352
0.006624274679897037
0.006368360951952966
0.006048426449463186
0.005696359057278959
0.00534135666376611
0.0050076430407785325
0.004713539750743621
0.004471696021013603
0.0042900959437026966
0.004173386181904339
0.004124097995565562
0.004143453647966312
0.0042316129821776734
0.004387389176371704
0.004607604964326836
0.004886344797139953
0.005214373216999771
0.005578940315249296
0.005964100245622583
0.006351554821852739
0.006721928582777928
0.007056306165896925
0.007337829215845557
0.007553158594879947
0.007693648394714624
0.0077561348798244785
0.00774329858257786
0.007663597829702258
0.007530791128667037
0.007363067103372346
0.007181794560882879
0.007009906103692922
0.006869949553093882
0.006781889199811022
0.006760810721823797
0.006814766003908157
0.006943064944249188
0.007135354750015355
0.007371800164894526
0.007624577243525935
0.007860720599844735
0.008046139112723076
0.008150373744543086
0.008151460083948448
0.00804012620711184
0.007822543924821741
0.007520980752083257
0.007171967972730876
0.006821975940250159
0.006521015078633004
0.006314986910906505
0.006237916551816336
0.0063053394808834946
0.006510048305194997
0.006821121450245272
0.007186686208771645
0.007540280748167448
0.00781006769982597
0.007929621319538883
0.007848659175820331
0.007541990591507357
0.007015140121803881
0.006305559428220477
0.005479001329593558
0.004621393070167935
0.003827287061188078
0.0031865604042064597
0.0027713741311819395
0.0026254240043189084
0.0027572041455460237
0.003138406080474474
0.003707782266255691
0.004379942902589467
0.005057769193195581
0.005646545833927357
0.006067637670500563
0.0062696073362522985
0.006235080949287598
0.005982349718504625
0.005561533711855998
0.005045991611411432
0.0045203966270075824
0.004067395353123261
0.003754946376479516
0.0036262760096590287
0.0036939236166651903
0.003938662463631719
0.004313292221782511
0.004750538090168175
0.005173681794240181
0.005508184689145857
0.00569249181982495
0.0056864261815164265
0.005476044274542043
0.0050744392871714325
0.0045186377701379255
0.003863328963355322
0.003172599974280728
0.0025110641953807857
0.0019357450324326315
0.0014898343793594182
0.0011990428593201736
0.0010707772458483614
0.0010959077040700073
0.0012525030597206137
0.0015106738180155556
0.001837597236623955
0.002201900529485078
0.002576811988173069
0.0029417995329650195
0.0032827372174947613
0.0035909115991324208
0.0038613555679719988
0.004091053392461125
0.004277498599718134
0.004417929927644692
0.004509360542275371
0.004549300055099915
0.004536893255617108
0.004474098395854263
0.004366518613504951
0.004223580352900348
0.004057902071720931
0.0038838815999168307
0.0037157117792074646
0.0035651739815372855
0.003439629480812478
0.0033406154111187076
0.003263357630742463
0.003197355154250631
0.0031279995221790372
0.0030390030425029723
0.0029152570088973716
0.00274565254498745
0.0025253886648532614
0.0022573662296726093
0.0019524102275496446
0.0016282519273193717
0.0013074052303037628
0.001014254217409904
0.000771801262758407
0.0005985853324869429
0.0005062581109976194
0.0004982044669629483
0.0005694291099689595
0.0007077287682130447
0.0008959605991604256
0.0011150358602013961
0.0013471424370562076
0.0015786518144263293
0.0018022051611741073
0.002017595883607779
0.0022312557163470404
0.0024543805916754577
0.002699966269319647
0.002979224784439502
0.0032979871700063675
0.003653740262273738
0.004033883443479775
0.0044156285212425695
0.004767722559488014
0.005053883649603851
0.005237547461365176
0.005287275458098604
0.005182017311543505
0.004915382182121274
0.00449817035933626
0.003958641205361921
0.0033403166968250853
0.0026974950763282136
0.002089017539157305
0.001571131382847772
0.001190472350339456
0.0009782111494278092
0.0009462631293095918
0.0010861626439764922
0.0013707981825452232
0.0017587548441872587
0.0022005914840136573
0.0026460629798726546
0.0030511407030813214
0.0033837177954239893
0.0036271092242670033
0.0037808352471549525
0.003858647695833901
0.0038842399309096795
0.0038854877659389867
0.003888325669403334
