0.006856173960620175
0.0071064660967575435
0.007225430036676252
0.007199654785940338
0.007031257262202563
0.0067382431120267365
0.006353029506718188
0.005919264908359985
0.0054873139153578145
0.005108957749442028
0.004831962960142912
0.004695176329487545
0.004724713296458316
0.004931637627685248
0.005311311954057933
0.005844369963826684
0.00649905937230425
0.007234561062494487
0.008004822088993304
0.008762451037340071
0.009462300804863051
0.01006448184027731
0.01053667813507494
0.010855749905442011
0.011008679716155937
0.010992943744744894
0.010816371693770135
0.010496514288065707
0.010059490472190465
0.009538262334135572
0.008970303378508088
0.008394692366279675
0.007848773236580996
0.007364650261348394
0.0069659051890209635
0.006664995220148569
0.0064617878670598745
0.0063435946620125985
0.006286882354025659
0.00626059005979489
0.006230703971700934
0.006165488897970922
0.006040600656476
0.005843248129835091
0.005574662198927775
0.005250358428557402
0.0048980211954321295
0.0045532348835095595
0.004253673678836807
0.0040326635771526466
0.003913187776801491
0.0039033824441222194
0.00399435860979003
0.004160816972298887
0.004364455610964806
0.004559686667406228
0.0047007638253659285
0.004749154908899976
0.004679925447680064
0.004486046703225544
0.00417988311381179
0.0037915909898639795
0.0033646882725550196
0.0029495394136896027
0.002595852200185815
0.0023454405423987356
0.0022264407038899594
0.002249891467032402
0.0024091537304965255
0.0026821337342749483
0.003035781990975403
0.003431958111019095
0.0038335492531111548
0.004209741114757549
0.004539558039440901
0.0048131661411789295
0.005030893324429726
0.00520037086076177
0.0053325543034041505
0.005437569344848387
0.005521317190604198
0.005583571011201367
0.005617945588512278
0.0056137010556535465
0.005558937033931589
0.00544442949208712
0.005267221719371024
0.00503313104466987
0.004757562508077301
0.00446438034450051
0.0041830014901799144
0.003944254791850446
0.003775814707565065
0.0036981125663071625
0.0037215314164720514
0.0038454221737134883
0.004059095787156396
0.004344529994695789
0.004680169294507299
0.005044971289913963
0.005421811873470875
0.00579951692190784
0.006173108097273125
0.0065422673304695155
0.006908448165851637
0.007271398048966248
0.0076260258557212576
0.007960509154473498
0.008256285871942284
0.008490161172701849
0.008638266319277922
0.008681137402359061
0.008608843384614968
0.008424967656698618
0.008148376908736623
0.0078120852824615835
0.0074590777819745395
0.0071355900466874966
0.006882924594958535
0.00672929186620463
0.00668330142911785
0.006730547608870815
0.006834249085436483
0.006940190129772808
0.006985398219848131
0.006909232148638242
0.006664997970523744
0.006229977162256086
0.005611905556923544
0.004850474811455498
0.0040132591615114
0.00318645717356141
0.002461803360801815
0.0019217666718167018
0.0016255616082369653
0.001598463103572925
0.0018264277713888602
0.002257155204842773
0.0028076200449161535
0.0033769625635988593
0.0038626494156200706
0.0041771886470948465
0.00426252616798208
0.004099603456692184
0.0037113647691321377
0.003158628925894561
0.0025294879237643757
0.0019240393565635966
0.001437094761817009
0.0011418781321067598
0.0010775669688497863
0.0012428576146324842
0.0015966747189038993
0.002065880594661161
0.0025586003002546704
0.002980785148872735
0.0032530692787099778
0.0033249323147082183
0.0031836721217977327
0.0028566250427902763
0.0024062771323609283
0.0019191707179200797
0.001490599735824532
0.0012078111808257051
0.0011346629618356327
0.0013003948190163169
0.0016944086206701725
0.0022678706926420136
0.002941741425402933
0.0036197248350172545
0.004203810408877946
0.004609691960969787
0.004779452382269041
0.0046894674711292035
0.004352391910793605
0.0038131713438383282
0.0031400752999092667
0.002412576612291766
0.0017083700702696758
0.0010918539832481772
0.0006060035793348543
0.0002688338573141732
7.47305265316224e-05
0.0
1.1227676919326086e-05
7.457546264238741e-05
0.0001640701452665684
0.00026723496279593487
0.0003870261097728813
0.0005398259921704125
0.0007500570598504997
0.0010426559230712952
0.001435059913703394
0.0019304343485867545
0.002513602374042228
0.0031505904385854947
0.003791983969401015
0.004379542208409985
0.004854892387447721
0.005168729300709564
0.005288856629368504
0.0052056307982249585
0.004933856249629792
0.00451083367336037
0.003990952612623069
0.0034378167570221947
0.002915286055255756
0.0024789485417138764
0.002169383705973001
0.0020081892527971583
0.001997198813665086
0.0021207297825876397
0.0023501813334855714
0.0026499471906778252
0.002983473610999995
0.0033183917329832504
0.003629949943620517
0.003902393845315141
0.004128395269423654
0.004307022750078072
0.0044409971197837995
0.004534043549630837
0.004589032204842377
0.004607330214715286
0.004589435001428005
0.004536605807611277
0.004452936695719823
0.0043471811336460294
0.004233674360888148
0.004131896356508312
0.004064531570870985
0.004054242370698426
0.004119701591450379
0.004271652336480908
0.004509828761241192
0.0048214613121195056
0.005181821743338433
0.005556888308140476
0.005907803625155139
0.006196438385813614
0.006391136013749502
0.0064716458373448174
0.006432371126704584
0.006283342767748114
0.0060487263076175225
0.005763104703054864
0.005466169419205935
0.005196725663027345
0.00498702368360722
0.004858349852759773
0.004818566551014968
0.004861927798959122
0.004971088230402286
0.005120843607959627
0.005282860862237093
0.005430522745987015
