0.005108729992700382
0.005124910437321016
0.005139816317022112
0.0051527186639347775
0.005162884096480391
0.005169586605116249
0.005172119488749398
0.0051698072376923695
0.005162017158375036
0.005148170538007289
0.005127753153951545
0.005100324942590818
0.0050655286557843284
0.005023097349346299
0.004972860567069495
0.004914749105299173
0.004848798266560128
0.004775149535829368
0.004694050639283164
0.004605853972264321
0.004511013410338964
0.004410079544165077
0.00430369340500906
0.004192578772668097
0.004077533180856187
0.003959417756392597
0.0038391460474336003
0.0037176720121976786
0.003595977352885837
0.003475058389582589
0.00335591267568717
0.0032395255597764384
0.0031268568987099705
0.003018828123284446
0.002916309850919174
0.002820110229856292
0.002730964186391105
0.0026495237309643806
0.0025763494608485446
0.0025119033769827044
0.0024565431106292855
0.002410517632335657
0.0023739644916036928
0.0023469086111254298
0.002329262634863491
0.0023208288050645194
0.002321302319904181
0.0023302761012640107
0.002347246881497317
0.0023716224992838485
0.002402730278091873
0.002439826346608922
0.00248210574896787
0.0025287131838314866
0.00257875420550138
0.002631306717228013
0.002685432586804493
0.002740189217263331
0.0027946409109462283
0.0028478698732188772
0.0028989867124483604
0.002947140305303739
0.002991526910700538
0.00303139843147938
0.003066069739858353
0.0030949250004842278
0.003117422943177237
0.0031331010558657436
0.0031415786863941207
0.003142559059526357
0.00313583023224486
0.003121265026069574
0.003098819989338023
0.003068533454968386
0.0030305227699902286
0.002984980781927961
0.0029321716738612284
0.0028724262446104785
0.002806136732996146
0.0027337512855328946
0.00265576816532532
0.002572729796449077
0.0024852167328889728
0.0023938416343546754
0.0022992433232251765
0.0022020809877284385
0.002103028586504581
0.002002769499202167
0.0019019914569972057
0.0018013817761811449
0.0017016229075092425
0.001603388304092768
0.0015073386014974298
0.0014141180955929483
0.0013243514967719715
0.0012386409335762606
0.0011575631746529847
0.0010816670353950924
0.0010114709346372738
0.0009474605673826784
0.0008900866616836705
0.0008397627914113058
0.0007968632216033391
0.0007617207692247694
0.0007346246693218433
0.0007158184444856536
0.0007054977840289692
0.0007038084480649465
0.00071084422049426
0.0007266449434868249
0.0007511946741160951
0.0007844200111056655
0.0008261886459305337
0.0008763081975499791
0.0009345253936313075
0.0010005256630802356
0.0010739332048859723
0.0011543115966170222
0.0012411650023099244
0.001333940033963848
0.0014320283134210098
0.0015347697721543453
0.0016414567155225623
0.0017513386655554123
0.0018636279825069903
0.0019775062505069285
0.0020921313969281645
0.00220664549888192
0.0023201832138756155
0.002431880755472953
0.0025408853191319246
0.002646364848623103
0.0027475180198980624
0.0028435843073249174
0.002933853987153134
0.0030176779252037906
0.003094476990361903
0.0031637509326913195
0.003225086565071704
0.0032781650902929086
0.0033227684216019307
0.0033587843537924243
0.003386210454008505
0.0034051565563961894
0.003415845762411325
0.0034186138687594607
0.0034139071673231778
0.003402278585698539
0.0033843821627406886
0.0033609658803968635
0.00333286290063689
0.0033009812840059222
0.0032662922937333125
0.003229817415938803
0.0031926142517863343
0.0031557614609608936
0.003120342957117485
0.003087431574534398
0.003058072440693013
0.0030332663015455825
0.0030139530545157693
0.003000995748557638
0.002995165310696167
0.0029971262542739584
0.0030074236155957263
0.0030264713528305037
0.003054542424013203
0.0030917607399701826
0.003138095163239135
0.0031933556958937638
0.0032571919680166326
0.0033290941048472224
0.0034083960148783435
0.003494281103939157
0.003585790382180748
0.00368183289248944
0.0037811983508304193
0.0038825718520105797
0.003984550458980511
0.004085661460690008
0.004184382053260362
0.004279160172392112
0.004368436181993086
0.004450665105433621
0.004524339071993114
0.00458800964225913
0.004640309672701624
0.004679974381509213
0.004705861285091898
0.004716968687383742
0.004712452422087244
0.00469164057106522
0.004654045909894782
0.0045993758637571484
0.004527539792873868
0.004438653466071617
0.004333040623158626
0.004211231570967687
0.004073958803463894
0.003922149682498458
0.0037569162618644155
0.0035795423825198507
0.00339146821044159
0.003194272429827778
0.002989652342584052
0.0027794021595534215
0.002565389799186286
0.002349532534763627
0.0021337718514287266
0.001920047888778802
0.0017102738533385712
0.001506310787698896
0.001309943079372763
0.001122855082517023
0.0009466092097139061
0.0007826258292257422
0.0006321652758517586
0.0004963122511432226
0.00037596285177695114
0.0002718144239293439
0.0001843583971869703
0.00011387620458713169
6.043834656342846e-05
2.3906606671081614e-05
3.939376802534599e-06
0.0
1.136799074787911e-05
3.715294658403765e-05
7.631092177133115e-05
0.00012766299433999246
0.000189915722709147
0.0002616831579135043
0.00034151005271058866
0.0004278958899465138
0.0005193193398401767
0.0006142627495287437
0.0007112362684185852
0.0008088012196115451
0.0009055923408251192
0.0010003385375861253
0.0010918818167358329
0.0011791940990259339
0.0012613916453015832
0.0013377468708679313
0.0014076973664539792
0.0014708519909918843
0.001526993950439841
0.0015760808272734267
0.0016182415762100615
0.0016537705523608105
0.001683118687474434
0.0017068819774205253
0.001725787488755006
0.0017406771333725584
0.0017524894971857649
0.0017622400408611148
