4.579201235199357e-05
3.1734912628854925e-05
2.0195282030316397e-05
1.1217826347590613e-05
4.840285908936813e-06
1.0932511318156174e-06
0.0
1.5763581992179945e-06
5.830582569848119e-06
1.2763268457407616e-05
2.2367281461255694e-05
3.4627713999419015e-05
4.9521867022986246e-05
6.701925712743629e-05
8.708164922086189e-05
0.00010966311482062552
0.00013471011596086582
0.00016216161460379588
0.0001919492073581652
0.0002239972852190106
0.000258223217954123
0.0002945375626749035
0.000332844296042754
0.0003730410694771755
0.0004150194866486521
0.00045866540245844594
0.00050385924262899
0.0005504763429528452
0.0005983873071755477
0.0006474583824183245
0.0006975518509808802
0.0007485264373025362
0.0008002377288021025
0.0008525386092632502
0.0009052797033830482
0.0009583098310568606
0.0010114764699331962
0.0010646262247375187
0.0011176053018345429
0.0011702599874743498
0.0012224371281488449
0.0012739846114716395
0.0013247518459865992
0.0013745902383079617
0.0014233536659981338
0.0014708989445981605
0.0015170862872401628
0.001561779755291007
0.0016048476985017907
0.001646163183168505
0.0016856044068452758
0.0017230550981927994
0.0017584049005908667
0.0017915497381949966
0.0018223921631730932
0.00185084168291842
0.0018768150660998986
0.0019002366264795857
0.0019210384834998416
0.0019391607987190391
0.001954551987254296
0.0019671689034724675
0.0019769770002561705
0.0019839504612595986
0.001988072305659141
0.001989334464995845
0.001987737831800432
0.00198329227978638
0.0019760166554923307
0.001965938741351379
0.0019530951902612353
0.00193753143182567
0.001919301550533494
0.0018984681362364288
0.0018751021073811409
0.0018492825075431898
0.001821096275901259
0.0017906379923786054
0.0017580095982647134
0.001723320093213504
0.001686685209594735
0.001648227065252225
0.0016080737957958854
0.0015663591676240854
0.001523222172938283
0.0014788066080729115
0.0014332606365200819
0.0013867363380803506
0.0013393892456177198
0.0012913778709386751
0.0012428632213516064
0.0011940083084939989
0.0011449776510404027
0.0010959367729242026
0.0010470516987205812
0.0009984884478467107
0.0009504125292381787
0.0009029884381578088
0.0008563791567845389
0.0008107456602157712
0.0007662464294967044
0.0007230369732648043
0.0006812693595665074
0.0006410917593671084
0.0006026480032331294
0.0005660771526199361
0.0005315130871458044
0.0004990841091773732
0.0004689125669906525
0.00044111449770661165
0.0004157992911312553
0.00039306937555698505
0.00037301992650560253
0.00035573859931330187
0.0003413052863752283
0.00032979189978153776
0.00032126217998892773
0.0003157715310815011
0.00031336688308304076
0.00031408658168938057
0.00031796030569529996
0.00032500901229504824
0.00033524491034016475
0.0003486714615424159
0.0003652834095143492
0.0003850668364450138
0.00040799924711451313
0.00043404967985831303
0.0004631788440011711
0.0004953392831913103
0.0005304755639784608
0.0005685244888949503
0.0006094153332173169
0.0006530701045074075
0.0006994038239566942
0.0007483248284860305
0.0007997350924853423
0.0008535305680142946
0.0009096015422256164
0.0009678330107182577
0.0010281050654773745
0.0010902932960132786
0.0011542692022713057
0.001219900617849717
0.0012870521420332058
0.00135558557912531
0.001425360383544292
0.0014962341091337913
0.0015680628611317823
0.0016407017492392306
0.0017140053402331704
0.0017878281085778
0.0018620248835015253
0.0019364512910276252
0.0020109641894712625
0.0020854220969458016
0.002159685609456768
0.0022336178082020463
0.002307084654741979
0.002379955372752751
0.0024521028151304066
0.0025234038152713366
0.0025937395214170873
0.0026629957130176107
0.002731063098136359
0.002797837590993526
0.0028632205688192726
0.0029271191072672512
0.0029894461937194352
0.003050120917895964
0.003109068639268496
0.003166221130861363
0.00322151669911215
0.0032749002795511946
0.003326323508148038
0.003375744768261431
0.003423129213218021
0.0034684487646327936
0.003511682086671587
0.0035528145365419823
0.003591838091583628
0.003628751253411848
0.0036635589296493496
0.003696272293859334
0.003726908624369293
0.0037554911227478593
0.0037820487127669697
0.0038066158207482456
0.0038292321382553695
0.0038499423681534308
0.0038687959551112596
0.003885846801673666
0.003901152971076966
0.003914776378023097
0.003926782468664881
0.003937239891087404
0.003946220157597999
0.003953797300159862
0.003960047520321775
0.00396504883500875
0.003968880719545693
0.003971623749288203
0.003973359241231634
0.003974168896961361
0.003974134448294059
0.00397333730694158
0.003971858219506024
0.003969776929086639
0.003967171844746862
0.003964119720052562
0.003960695341851305
0.003956971230416776
0.003953017352032907
0.003948900845038815
0.00394468576029868
0.003940432817000237
0.00393619917462213
0.003932038221843919
0.003927999383103555
0.003924127943435828
0.003920464892151814
0.0039170467858441905
0.003913905631126613
0.0039110687874374436
0.003908558890159324
0.003906393794226765
0.0039045865383141904
0.0039031453296172634
0.003902073549160927
0.003901369777488912
0.0039010278405115437
0.0039010368752121533
0.0039013814148371496
0.0039020414931214887
0.0039029927670299093
0.0039042066574252535
0.003905650507008719
0.003907287754813173
0.003909078126470034
0.00391097783941278
0.003912939822126238
0.003914913946500464
0.003916847272301601
0.00391868430272958
0.003920367249994257
0.003921836309807442
0.003923029943658681
0.003923885167717407
0.003924337847183457
0.00392432299489201
0.0039237750729675695
0.003922628296315125
0.00392081693673456
0.003918275626447259
0.003914939659831279
0.00391074529217347
