0.003840344214219346
0.0036953558846737934
0.0036538663221786765
0.0037299211372404943
0.0039183383261358175
0.004193658716188748
0.004512968271756141
0.004822222922777065
0.005065011140416021
0.005192186626890046
0.00517059488749658
0.00498924855498147
0.0046617567757798
0.004224500800487567
0.0037308411399499786
0.0032423890668028385
0.0028189319611866322
0.002508858735174093
0.0023418362942871176
0.0023250565952751745
0.002443687654721433
0.00266535233299147
0.0029476823339156678
0.003247402836562519
0.0035291119945507557
0.003771987996832612
0.003973073668628883
0.004146475789245987
0.004318641148238923
0.004520673448396203
0.004779276822160236
0.005108228607505174
0.005502229490469853
0.005934557677138275
0.006359240909656375
0.006717588565552654
0.006948060744841868
0.006997758178373825
0.006833431426522254
0.006449909046781871
0.00587423910084724
0.005164559675789035
0.004403633466166944
0.0036879324333603325
0.003113967620351432
0.002764078020667022
0.002694025270124364
0.002924462336904378
0.0034377034675976935
0.004180333792886763
0.005071218467039261
0.006013575895834951
0.006909123430294233
0.007671997839805522
0.008240243642118061
0.008583125256718564
0.008703263907699349
0.00863348970316298
0.008429174455035366
0.008157520565138217
0.007885709503799932
0.007669898346223828
0.007546796275117229
0.00752901713023677
0.007604697674598013
0.007741127458973519
0.00789148725901902
0.008003346287046811
0.00802738781057776
0.007924930170535291
0.007673146039267702
0.007267377209212549
0.0067204926659665395
0.006059739803311189
0.005321906114602132
0.004547788403790918
0.0037769459888934093
0.00304352060178956
0.002373596562909402
0.001784224589302549
0.001283915390777322
0.0008741837444400172
0.0005516225370934
0.00031001126583467004
0.00014208861405410472
4.079842925855826e-05
0.0
1.4770150447433912e-05
8.148632186812024e-05
0.00019785953868063904
0.00036300047754082507
0.0005774853621338194
0.0008432840016289562
0.00116335947593994
0.001540772980901659
0.001977231792295557
0.0024711831313073075
0.003015742056225559
0.0035968967187786395
0.004192510154891162
0.004772598958477293
0.005301204485129693
0.005739899530227749
0.006052638357584009
0.006211326093084786
0.006201227466600557
0.006025218969355369
0.00570595397277236
0.00528526477469231
0.004820538429376587
0.004378309503276306
0.004025823684481118
0.0038217450334990214
0.003807421338513299
0.004000129851245871
0.004389484080759962
0.004937721870262196
0.005583988481896355
0.006252078688320738
0.006860523305131615
0.007333502924219597
0.0076109199726307275
0.007656090474137849
0.0074599090306082146
0.00704092673356896
0.006441458439259024
0.0057204829143507165
0.004944602278488485
0.00417859844680156
0.003477119696499378
0.002878757126118033
0.0024032852549164246
0.002052238271628913
0.0018123883331199577
0.0016611974915810117
0.0015730193204477549
0.0015247788709518238
0.0015000600660276617
0.0014909299166453692
0.0014973432482481377
0.0015244939941524236
0.0015789045999938362
0.0016642904238003005
0.0017782557226722925
0.0019106725699607366
0.002044209817266589
0.002156997408144059
0.0022269320354551215
0.0022367517879326804
0.0021788072572079585
0.002058475319607544
0.0018953960283784638
0.001722116303856123
0.0015802166575565606
0.0015144822228378555
0.0015660623793053012
0.0017657706588947108
0.0021286699004224923
0.0026508703086380665
0.003309084235826389
0.004063006218538657
0.004860110719669325
0.005642071214725471
0.006351771055929667
0.006939834835156728
0.007369756356761618
0.007620997212703725
0.007689812784185771
0.007587952215352335
0.007339701331983415
0.006977937223559054
0.006539914040613739
0.00606340817277183
0.005583653547986972
0.005131250329315611
0.004730994965690872
0.004401410253443965
0.004154684242824762
0.003996762464506295
0.003927457106695282
0.003940595737426842
0.0040243768460743
0.0041621793370128
0.004334054447055285
0.004519003997413359
0.004697940729345629
0.004856982925235444
0.004990520429680941
0.0051033673271512585
0.005211337646465744
0.005339765674788317
0.005519826297411468
0.005782940920104062
0.006153999909172885
0.006644498439361558
0.0072468803226788895
0.007931350503348897
0.008646129564550114
0.009321610720485936
0.009878217727902823
0.010237064321659644
0.010331912751247986
0.010120543939629089
0.009593575667904017
0.008779036798229832
0.0077416005719032665
0.0065762118044581245
0.005396775218253182
0.004321442663246139
0.0034566858498510655
0.002882641565356637
0.002642099208113271
0.0027349699874867355
0.003119212530456791
0.0037181332342841166
0.004432912779480773
0.005158320868662731
0.005799030166697441
0.006283830842677512
0.006575404838035846
0.006674086184424227
0.006615078131093763
0.006459735923377367
0.006282553710016789
0.006156231315009176
0.006137509409750961
0.006256294170715522
0.006509975852295759
0.006863892334462727
0.007257772125504509
0.007616914289305509
0.007866020185163348
0.007943134962527368
0.007811165359193012
0.007464908739678882
0.006932366535494606
0.006270166289080572
0.0055539857125327
0.004865763543523057
0.004280034417032742
0.0038518417914362667
0.003608349173335717
0.0035455540494398414
0.003630549470301568
0.003808756760700018
0.004014659750492718
0.004183969711712616
0.004264947203116054
0.0042268323515363415
0.00406393801472614
0.0037948199480774946
0.0034568874000122747
0.0030976752486045543
0.002764603971342358
0.0024952960034651944
0.002310356650360642
