0.0020770155517956974
0.002017374035003373
0.0019564269714239875
0.0018944738739403379
0.0018318463929302654
0.0017689078056513175
0.0017060516268124087
0.0016436993266675482
0.001582297163318519
0.0015223121563951005
0.0014642272494704992
0.0014085357280476899
0.0013557349783138827
0.0013063196887204316
0.0012607746114474006
0.0012195670136342354
0.0011831389586206974
0.0011518995651125024
0.0011262173969830852
0.0011064131382208242
0.0010927527062624316
0.0010854409526098543
0.001084616092261635
0.0010903449932110419
0.0011026194442400835
0.001121353503692822
0.0011463820141148497
0.001177460347915502
0.0012142654279010696
0.0012563980440296444
0.0013033864644646958
0.0013546913153864183
0.0014097116804976469
0.001467792348176406
0.0015282321122143943
0.0015902930114588252
0.001653210374839823
0.0017162035215817991
0.001778486952192147
0.0018392818543772264
0.0018978277395878818
0.0019533940206244256
0.0020052913387566765
0.00205288245020094
0.0020955924865442076
0.0021329184117565517
0.002164437509665379
0.002189814750001303
0.0022088088981310804
0.0022212772530835396
0.002227178920118902
0.002226576547519699
0.0022196364820888203
0.0022066273235969882
0.0021879168846805426
0.002163967588992575
0.002135330366296835
0.002102637128211292
0.0020665919320189043
0.002027960961951665
0.0019875614772354943
0.0019462498936104417
0.0019049091797088372
0.001864435761328278
0.0018257261350753309
0.0017896633979347415
0.0017571039009531377
0.0017288642333917444
0.0017057087384366593
0.0016883377529561404
0.0016773767520178655
0.0016733665641378809
0.001676754805789851
0.0016878886638686864
0.0017070091329274399
0.001734246790475724
0.0017696191688544112
0.0018130297566169597
0.0018642686363965592
0.0019230147403676739
0.0019888396790639384
0.0020612130749223323
0.002139509308896825
0.002223015567206516
0.002310941056102571
0.0024024272357639717
0.0024965589103270857
0.0025923759998316524
0.002688885811685508
0.0027850756242156004
0.002879925393030114
0.0029724203922536973
0.0030615636071467346
0.0031463877020560093
0.003225966397891973
0.003299425106161913
0.0033659506817398667
0.00342480017371547
0.0034753084724949944
0.0035168947714631802
0.0035490677825694176
0.0035714296667810046
0.0035836786620503363
0.0035856104128767405
0.0035771180263232515
0.0035581908991087203
0.0035289123787959897
0.0034894563388289924
0.003440082761963825
0.0033811324392613827
0.003313020902077847
0.0032362317122690545
0.003151309241030611
0.003058851069395319
0.002959500143421514
0.0028539368146005967
0.0027428708911076973
0.0026270338183805833
0.0025071710983451973
0.002384035045654971
0.0022583779668517595
0.0021309458346898936
0.0020024725153136172
0.001873674590875731
0.0017452468048719124
0.0016178581422796655
0.0014921485418634057
0.0013687262240534227
0.0012481656049200926
0.0011310057552118787
0.0010177493534398172
0.0009088620737678955
0.0008047723431620164
0.0007058713979698082
0.0006125135679116687
0.000525016715375718
0.00044366275989190943
0.0003686982216338445
0.000300334723634941
0.00023874939994072367
0.00018408516594405327
0.00013645081742431203
9.592093606416736e-05
6.25355911555059e-05
3.629983951864216e-05
1.7183038025677267e-05
5.117995216069506e-06
0.0
1.6857760545161901e-06
9.992419936951432e-06
2.4696388903468723e-05
4.553261069078964e-05
7.219379189604084e-05
0.00010433000391271274
0.0001415486255349034
0.00018341471925928648
0.00022945191397668587
0.00027914386018548136
0.00033193631516123295
0.00038723990481444315
0.00044443359644291973
0.000502868902463178
0.0005618748197537503
0.0006207634927656339
0.0006788365713843066
0.0007353922170208931
0.000789732692941405
0.000841172457795068
0.0008890466650608793
0.0009327199560741693
0.0009715954207860174
0.0010051235887911694
0.0010328113037469302
0.001054230327373881
0.0010690255150134754
0.0010769224034031994
0.0010777340530510175
0.0010713669924229119
0.0010578261191178581
0.0010372184242490737
0.001009755420273327
0.0009757541693444346
0.0009356368286878055
0.000889928651217972
0.0008392544033178932
0.0007843331869878377
0.0007259716800332486
0.0006650558351429551
0.0006025411061336
0.0005394412968093088
0.0004768161543054778
0.00041575785395204156
0.000357376546115433
0.0003027851566909643
0.00025308365147871806
0.00020934299018533645
0.0001725890078958358
0.0001437864702526553
0.00012382355302214577
0.00011349699704628693
0.0001134981856645346
0.00012440038351499948
0.0001466473632297594
0.00018054363004466707
0.00022624643394441582
0.00028375973492557197
0.0003529302596208014
0.0004334457572869692
0.0005248355304780454
0.0006264732811107894
0.000737582276640417
0.0008572428042821138
0.0009844018442525951
0.0011178848564887575
0.0012564095398540783
0.0013986013890864245
0.0015430108432717762
0.0016881317910162684
0.00183242117226084
0.001974319395316927
0.0021122712706151867
0.0022447471502029023
0.002370263954474451
0.002487405765168758
0.0025948436664278668
0.0026913545237043186
0.0027758384034654087
0.0028473343548132426
0.0029050342970783133
0.00294829478482268
0.002976646453100211
0.00298980098078539
0.0029876554477522225
0.0029702940020581163
0.002937986795413486
0.00289118618840938
0.002830520270520756
0.0027567837830776367
0.002670926575474359
0.002574039765155803
0.0024673398096892924
0.0023521507338494763
0.0022298847855063207
0.0021020218206674905
0.0019700877398087457
0.0018356323142299732
0.0017002067522852147
0.0015653413607288438
0.0014325236559685531
0.0013031772736895686
0.0011786420131830603
0.0010601553349441483
0.0009488356069677795
0.0008456673670223297
0.0007514888354685151
0.0006669818764413115
