0.0022554926790776713
0.0029022541356350335
0.0036931017004383756
0.004540316442748349
0.005357597732698428
0.006072148541676557
0.006634270636569424
0.00702300884465363
0.007247050704737489
0.0073408828241029594
0.0073569907205788924
0.007355529161688726
0.007393275438920462
0.007513744887345858
0.007740089739241167
0.008071870612710232
0.008486084330242318
0.00894208158618092
0.009389347922527188
0.009776666798487862
0.010061009160576005
0.010214621306774639
0.010229177226584698
0.01011643991477055
0.009905524006738059
0.009637446408375716
0.009358084498492653
0.009110860565653169
0.008930412370686192
0.008838220435451351
0.008840714232272576
0.008929871337488102
0.009085862062085715
0.009280967993147614
0.009483873431556272
0.009663506373927292
0.009791857021048117
0.009845556066961858
0.009806360789858649
0.009660983045438422
0.009400829554350822
0.00902217850838923
0.008527099766021224
0.007925093998341522
0.007235065306102914
0.00648694993389878
0.005722187642766205
0.004992296899249117
0.004355108298864119
0.003868678736021241
0.0035834623985534332
0.0035338355586798167
0.003730437522041263
0.004154899100647112
0.00475832728925985
0.005464406169929947
0.006177229774660524
0.006793127951811168
0.007214939716192276
0.0073665920504050715
0.007205588684886277
0.006731178697002099
0.005986558600026823
0.005054383264151779
0.004045970507337303
0.0030856874120531617
0.0022929002401916084
0.0017643804995673496
0.001560077320192363
0.0016946682121175309
0.00213635890682243
0.0028131755631084464
0.003625694466183961
0.0044640202043519485
0.005226063785536448
0.005833933527649864
0.0062455866516947095
0.006459745583895642
0.006513309310431899
0.00647186434560898
0.006415168400763791
0.006420405114546451
0.006546413748633021
0.006821902499722183
0.0072398892035039795
0.007759417940156211
0.008314196910753854
0.00882645675779414
0.009223296711229637
0.009452269641990543
0.009493061983091524
0.009362839346599525
0.009114025893714855
0.008824743593593925
0.008583581747872018
0.008471521068327064
0.00854447429325438
0.008819895090000798
0.00927023756242593
0.009824833170868304
0.010380208227163575
0.01081727662615315
0.011022505459465756
0.010909319722835115
0.010435850336830213
0.009615679183452608
0.008519406861266472
0.007266458596504772
0.006008267408588101
0.004905520082236627
0.004103239328987659
0.0037079048317427013
0.0037705052118986136
0.0042784145424910255
0.005157477342483348
0.006283933635716185
0.00750413238022929
0.008658665512176915
0.009606836583387481
0.01024737922927501
0.010532053252849732
0.010470034558823428
0.010122642923569196
0.009589624939893624
0.00898963153759939
0.00843845386686306
0.008028855783164302
0.007815433242731281
0.0078069313091129935
0.007967052829484435
0.00822325997450667
0.008481678724585561
0.008645211223214546
0.00863150866473005
0.008387619642198392
0.007898853909972477
0.0071905373147717975
0.006322659106299455
0.005378680631972442
0.004450757356593159
0.0036241581995664594
0.002963670749692192
0.002504281456099596
0.0022475315223966707
0.0021638535602105727
0.0022001025724874687
0.002290608148410444
0.0023695455734842105
0.0023823302596627004
0.002294075247510392
0.0020938281471594086
0.0017941747009129344
0.0014266853327615965
0.00103441900612696
0.0006631542794407795
0.00035312117120148666
0.00013276179705122917
1.5522899138689303e-05
0.0
7.305580600293869e-05
0.00021496388155967626
0.0004052888825096506
0.0006281608496326221
0.0008758268914974944
0.0011498066333139904
0.0014595349877497919
0.0018189261890793514
0.0022417232679287245
0.0027367241688433614
0.0033039623077258584
0.003932679663663543
0.004601524744827666
0.005280927836696465
0.005937154956887809
0.006537212421323008
0.007053629021444649
0.007468204407386982
0.007774058165244563
0.007975684481942127
0.008087128971260078
0.008128769025866147
0.008123422740308394
0.008092588950162759
0.008053524792801166
0.008017627678060645
0.007990265652852498
0.007971869419529702
0.007959834776965246
0.007950642275212846
0.007941607991007349
0.00793182733688087
0.007922122437503036
0.007914090291215606
0.007908603453924277
0.00790427556248543
0.007896431419117566
0.007877007821254174
0.007835582373116162
0.0077614363083881146
0.007646272735601873
0.007487002673579179
0.007287931124225499
0.007061749455031442
0.006828959199110559
0.00661567327844826
0.0064500960335804715
0.006358295150496667
0.006360074849867693
0.006465791177971072
0.00667480152404484
0.006975934730258542
0.007349963425390369
0.00777363828817265
0.008224493740818498
0.008685433514589985
0.009148101821573834
0.009614251178717389
0.0100946980098136
0.0106059412673823
0.011165012610077678
0.011783528845499058
0.012462142976885806
0.013186586521628482
0.013926254328445985
0.014635842648441949
0.015259991149832553
0.015740305221854222
0.016023657197030076
0.016070378757385023
0.015860921392417897
0.01539978957495589
0.014716004073946996
0.013859948624636277
0.012897081904909626
0.011899541191681975
0.010937022488053491
0.010068427845267004
0.009335605687951165
0.008760107432722847
0.00834332184766493
0.008069735381905958
0.007912518608040162
0.007840258347914898
0.007823510473642728
0.007839961387409946
0.007877327851291468
0.007933622046039823
0.008014959214546936
0.008131578222999626
0.008293083724021147
0.008504038041348888
0.008760912399900825
0.00905108020046628
0.009354071165033099
0.009644802876480476
0.009898070783873671
