0.00268389893819034
0.0027131376175824336
0.002736050369507739
0.0027523527450344165
0.0027618654169502144
0.0027645163271121445
0.0027603411079352744
0.0027494817945597602
0.002732183872176186
0.0027087917296996404
0.0026797426160241377
0.002645559218058751
0.0026068410002862935
0.002564254463384357
0.0025185224942505177
0.002470412991379351
0.002420726957809401
0.0023702862587156727
0.0023199212421516776
0.002270458419489823
0.00222270839687437
0.0021774542406480723
0.0021354404484551113
0.0020973626838198187
0.002063858415755762
0.002035498586711563
0.002012780412275844
0.001996121394933062
0.001985854612187878
0.00198222531696789
0.0019853888657813787
0.00199540996804794
0.0020122632287191628
0.0020358349361247817
0.0020659260282488634
0.002102256153657672
0.0021444687283236653
0.0021921368768325553
0.0022447701360898955
0.002301821791778824
0.002362696712529545
0.002426759544062007
0.0024933431254242923
0.002561756991790893
0.0026312958329821954
0.002701247783752276
0.002770902430761397
0.0028395584317647943
0.002906530654644621
0.002971156757200207
0.0030328031427898678
0.00309087024167326
0.0031447970829215155
0.003194065136731444
0.0032382014215983244
0.003276780884782679
0.003309428077585143
0.0033358181588809934
0.003355677270953541
0.003368782340729224
0.0033749603669194486
0.0033740872592169964
0.003366086299520519
0.003350926297152617
0.003328619510218878
0.003299219403690227
0.003262818311578898
0.0032195450658540296
0.0031695626486714324
0.0031130659172657785
0.003050279442686472
0.002981455494682296
0.0029068721956976708
0.002826831857384656
0.0027416595035096784
0.0026517015738877453
0.0025573247952444733
0.002458915196907205
0.0023568772421600137
0.002251633040138232
0.00214362159843292
0.0020332980732391624
0.001921132971996072
0.001807611263075973
0.0016932313481957378
0.001578503855816816
0.0014639502178099716
0.0013501009969885958
0.0012374939396317549
0.0011266717346663448
0.00101817946957277
0.0009125617821151405
0.0008103597164521856
0.0007121073018247705
0.0006183278815986141
0.0005295302297238049
0.0004462045004178729
0.00036881806485676225
0.0002978112956544005
0.00023359336573117433
0.00017653813264430175
0.00012698018243608106
8.521110843833337e-05
5.147610017672407e-05
2.5970915506833264e-05
8.839305382960742e-06
1.7095524671752182e-07
0.0
8.304161007220787e-06
2.5004543701357285e-05
4.996612332614945e-05
8.299893434122888e-05
0.00012385996628077678
0.0001722557556436636
0.00022784564997288623
0.00029024570693375606
0.0003590331782070805
0.0004337515156574135
0.0005139158257915573
0.0005990186882496073
0.000688536245211706
0.0007819344613757215
0.0008786754487519728
0.0009782237470853461
0.0010800524493693037
0.0011836490627364883
0.0012885209980305042
0.0013942005865719557
0.0015002495299734706
0.0016062626982331608
0.0017118712026006448
0.0018167446826797928
0.0019205927616858657
0.002023165639454371
0.0021242538094190244
0.002223686903025021
0.002321331682591888
0.0024170892211452352
0.0025108913248496527
0.0026026962700490233
0.0026924839422146334
0.0027802504779909786
0.002866002523708798
0.002949751233928313
0.0030315061415388846
0.0031112690364696032
0.0031890279929973776
0.003264751685860462
0.003338384132832767
0.003409839996076136
0.003479000566506834
0.00354571054468496
0.003609775718510541
0.0036709616224880814
0.0037289932457505435
0.0037835558367065644
0.003834296831423175
0.003880828911046046
0.003922734171083185
0.003959569362650064
0.0039908721432203665
0.0040161682524791275
0.004034979507962611
0.004046832495709784
0.004051267813542737
0.004047849709209907
0.004036175942804445
0.0040158876929075275
0.003986679319052102
0.003948307789553752
0.00390060158365104
0.00384346888031704
0.0037769048530618
0.0037009979004931125
0.0036159346562260083
0.0035220036387519586
0.0034195974218573263
0.003309213228819395
0.0031914518785557924
0.003067015038759667
0.0029367007693768547
0.002801397369096829
0.0026620755673340533
0.0025197791339505804
0.0023756140081854955
0.0022307360763849622
0.002086337754649743
0.0019436335569379265
0.0018038448510098617
0.0016681840234486819
0.0015378382904476353
0.0014139534027930191
0.0012976175012164018
0.0011898453818361247
0.0010915634306193234
0.0010035954806103295
0.0009266498361020319
0.0008613076940637752
0.0008080131751491929
0.0007670651547290073
0.0007386110589390309
0.000722642762078793
0.000718994690279186
0.0007273442026694485
0.0007472142858510943
0.0007779785609031452
0.0008188685649999047
0.000868983232637731
0.0009273004650657726
0.000992690641418105
0.0010639318918570484
0.0011397269223402532
0.0012187211529618121
0.0012995219076895631
0.0013807183731714353
0.0014609020284947147
0.0015386872366656877
0.0016127316823689299
0.0016817563394209013
0.0017445646553225968
0.001800060649425978
0.001847265635357518
0.0018853332973022823
0.0019135628732740895
0.0019314102262323741
0.0019384966154318518
0.0019346150152175319
0.0019197338660561177
0.0018939981823266527
0.001857727982638701
0.0018114140505366841
0.0017557110756962362
0.0016914282674279678
0.0016195175727861159
0.0015410596701604055
0.0014572479452641405
0.0013693706893134216
0.0012787917883652637
0.0011869301977485
0.0010952385158520266
0.0010051809868759616
0.00091821127223126
0.0008357503349073119
0.0007591647802205528
0.0006897459899076743
0.0006286903746251359
0.0005770810527442028
0.0005358712411574471
0.0005058696169934979
0.0004877278781047676
0.00048193069545174414
0.0004887882126247845
0.0005084312073405585
0.0005408089874888262
0.0005856900508814994
0.0006426654939851563
