0.0030954548547203363
0.00312302324874333
0.003148483061000523
0.0031717492591787494
0.0031927433208888073
0.003211393454276436
0.003227634796282992
0.003241409587981499
0.0032526673264934034
0.0032613648930725674
0.003267466657025408
0.0032709445552194325
0.0032717781470163396
0.0032699546445501835
0.0032654689183553584
0.0032583234784332336
0.003248528430929729
0.0032361014106787253
0.0032210674899476755
0.0032034590638017725
0.003183315712581356
0.0031606840420635002
0.003135617501952797
0.003108176183417837
0.0030784265964586624
0.0030464414279562004
0.0030122992813172095
0.0029760843986873335
0.002937886366760311
0.0028977998072629452
0.0028559240532430898
0.002812362812331293
0.0027672238181858854
0.0027206184713660236
0.0026726614709073246
0.002623470437900282
0.0025731655323924735
0.0025218690649516104
0.0024697051042377387
0.0024167990819393137
0.0023632773964294518
0.002309267016495393
0.0022548950864862043
0.0022002885342109106
0.0021455736829018015
0.0020908758685355593
0.0020363190637782513
0.001982025509789264
0.0019281153570839967
0.0018747063166157517
0.0018219133221939374
0.0017698482053085868
0.001718619383380437
0.0016683315624017555
0.0016190854548757043
0.0015709775139018194
0.0015240996841921202
0.0014785391707368579
0.001434378225771148
0.0013916939546239932
0.001350558140959696
0.0013110370918487694
0.0012731915030313034
0.0012370763446607552
0.001202740767740474
0.0011702280313892859
0.0011395754509964165
0.0011108143672501985
0.0010839701359496657
0.001059062138433584
0.0010361038123879252
0.001015102702720609
0.0009960605321216657
0.0009789732908581867
0.0009638313452866699
0.0009506195645009485
0.0009393174644719965
0.0009298993689767692
0.0009223345865570814
0.000916587602696497
0.0009126182863535687
0.0009103821099435766
0.000909830381818471
0.0009109104902560178
0.0009135661579344221
0.000917737705838013
0.000923362325513023
0.0009303743585701668
0.0009387055823126989
0.0009482855003549005
0.0009590416370866352
0.0009708998348346217
0.0009837845525705066
0.0009976191650195741
0.0010123262610320259
0.0010278279400911282
0.001044046105849072
0.0010609027556020831
0.00107832026464101
0.0010962216644422196
0.001114530913696024
0.001133173161205862
0.0011520749997309743
0.0011711647098881074
0.001190372493273733
0.0012096306940171575
0.0012288740080265135
0.0012480396792437826
0.0012670676822814629
0.0012859008908720348
0.0013044852316217717
0.0013227698226224095
0.001340707096537577
0.0013582529078452921
0.0013753666239831677
0.0013920112002088468
0.0014081532380544218
0.0014237630273199096
0.001438814571616964
0.001453285597539716
0.0014671575476046237
0.0014804155571652663
0.001493048415570915
0.0015050485118991235
0.0015164117656524079
0.0015271375428669621
0.0015372285581371646
0.001546690763113108
0.0015555332220793649
0.0015637679752714708
0.0015714098906319785
0.0015784765047503057
0.0015849878537697146
0.0015909662950805861
0.001596436320651464
0.0016014243628781136
0.0016059585938558896
0.0016100687190020453
0.00161378576597205
0.001617141869827602
0.001620170055423652
0.0016229040179874894
0.001625377902864674
0.0016276260854044117
0.0016296829519508386
0.0016315826828966888
0.0016333590387419578
0.0016350451500825869
0.0016366733124328957
0.0016382747867606394
0.0016398796065852088
0.0016415163924578325
0.0016432121746077382
0.0016449922245002828
0.001646879896012219
0.0016488964768857134
0.0016510610510766122
0.001653390372564001
0.0016558987511375183
0.0016585979506263501
0.001661497099979567
0.0016646026175517385
0.0016679181488907274
0.0016714445182665354
0.0016751796941212025
0.0016791187685603717
0.0016832539509473896
0.0016875745756010302
0.0016920671235382515
0.001696715258144202
0.001701499874593062
0.0017063991627855983
0.001711388683512715
0.001716441457498958
0.0017215280669262624
0.0017266167689862395
0.0017316736209592963
0.0017366626162711417
0.0017415458309316643
0.0017462835797183822
0.0017508345814263523
0.0017551561324691382
0.0017592042880811116
0.001762934050340159
0.0017662995622019463
0.0017692543067123916
0.001771751310543856
0.0017737433509831197
0.0017751831654852243
0.0017760236628970585
0.0017762181354480141
0.001775720470602223
0.0017744853618677633
0.0017724685176629092
0.0017696268673477818
0.0017659187635417756
0.0017613041798627235
0.0017557449032429104
0.0017492047199996418
0.00174164959486405
0.0017330478422010183
0.0017233702886855168
0.0017125904267359198
0.0017006845580431976
0.0016876319265757141
0.0016734148404828136
0.0016580187823662653
0.001641432507436506
0.0016236481291206015
0.0016046611917406037
0.0015844707299341645
0.0015630793145439427
0.0015404930847580398
0.00151672176634032
0.0014917786758467644
0.0014656807107817128
0.0014384483257057572
0.001410105494364926
0.0013806796579683913
0.0013502016597990187
0.0013187056663974362
0.0012862290756156807
0.0012528124118906681
0.0012184992091405257
0.0011833358817379602
0.0011473715840641888
0.0011106580591941843
0.0010732494773091517
0.001035202264474686
0.0009965749224631769
0.0009574278403364239
0.00091782309853866
0.000877824266281751
0.0008374961930324549
0.0007969047949364977
0.0007561168370358926
0.0007151997121538438
0.0006742212173361712
0.0006332493287490171
0.0005923519759398511
0.0005515968163722963
0.0005110510111451035
0.0004707810028017315
0.00043085229612932745
0.00039132924283465857
0.0003522748309696107
0.00031375047996035424
0.0002758158420723036
0.00023852861111751727
0.00020194433918245547
0.0001661162621220632
0.00013109513453101493
9.692907486502753e-05
6.36634213442911e-05
3.1340599227617106e-05
0.0
