0.002195098824046551
0.0022453358737420572
0.0022935237856919993
0.002339591264988232
0.002383472695486535
0.0024251082893393438
0.0024644442180770665
0.002501432724877313
0.0025360322177253886
0.002568207343234332
0.0025979290409583536
0.0026251745780995553
0.0026499275645740024
0.0026721779484694397
0.0026919219919927942
0.0027091622280710635
0.00272390739783384
0.002736172369269435
0.002745978037409123
0.0027533512064551375
0.0027583244543275924
0.0027609359801631945
0.0027612294353543043
0.0027592537387703536
0.0027550628768547337
0.0027487156893387325
0.0027402756413598905
0.0027298105828149977
0.002717392495817796
0.002703097231168105
0.002687004234772465
0.002669196264986338
0.002649759101874395
0.002628781249408277
0.0026063536316404505
0.002582569283908283
0.0025575230401342257
0.002531311217295936
0.00250403129814435
0.0024757816132480468
0.0024466610234388105
0.002416768603726069
0.0023862033297369196
0.002355063767723838
0.0023234477691638704
0.0022914521709513345
0.0022591725021607937
0.002226702698328453
0.002194134824168313
0.00216155880560445
0.0021290621719628955
0.002096729809125831
0.002064643724407419
0.0020328828238646876
0.0020015227027086356
0.0019706354494303776
0.001940289464204801
0.0019105492920801436
0.0018814754714062479
0.0018531243978973091
0.0018255482046667664
0.0017987946585130302
0.0017729070726749587
0.0017479242362158241
0.001723880360134047
0.0017008050402384715
0.0016787232367656555
0.0016576552706567417
0.0016376168363521901
0.0016186190309042093
0.0016006683991493177
0.0015837669946273212
0.0015679124558783
0.0015530980976961443
0.0015393130168659657
0.0015265422118635158
0.0015147667159477352
0.0015039637430328847
0.001494106845684579
0.001485166084544516
0.0014771082084519866
0.0014698968444964453
0.0014634926972046055
0.0014578537560378793
0.0014529355103514918
0.0014486911709454347
0.0014450718973195785
0.001442027029730854
0.0014395043251393801
0.0014374501961229086
0.0014358099518348994
0.0014345280400809316
0.001433548289591036
0.0014328141515718628
0.0014322689396322609
0.0014318560671889094
0.001431519281474946
0.0014312028932940558
0.0014308520016851037
0.0014304127126880378
0.0014298323514303143
0.0014290596667844335
0.0014280450278811067
0.0014267406117990753
0.0014251005817914146
0.0014230812554491801
0.0014206412622463234
0.0014177416899547135
0.001414346219464709
0.0014104212475948195
0.0014059359975233893
0.0014008626165257691
0.0013951762607518439
0.0013888551668309477
0.0013818807101438346
0.001374237449654334
0.0013659131592463872
0.001356898845565112
0.0013471887524132043
0.001336780351806143
0.001325674321841097
0.0013138745115850122
0.0013013878932367964
0.0012882245018667375
0.0012743973630830031
0.0012599224090202154
0.0012448183830883872
0.0012291067339618839
0.001212811499327345
0.001195959179946496
0.0011785786046244358
0.0011607007867061034
0.0011423587727531377
0.001123587484080151
0.0011044235518533876
0.001084905146475846
0.0010650718020010484
0.0010449642363327299
0.0010246241679797608
0.0010040941301445213
0.000983417282928767
0.000962637224443666
0.0009417978016102362
0.0009209429214328283
0.0009001163635216127
0.0008793615946303235
0.0008587215859627729
0.0008382386339859869
0.000817954185469298
0.0007979086674474031
0.0007781413227814127
0.0007586900519653267
0.0007395912617963594
0.0007208797214961148
0.000702588426836036
0.0006847484727849107
0.0006673889351586065
0.0006505367617128757
0.0006342166730791378
0.0006184510739007616
0.0006032599744837327
0.0005886609232308871
0.0005746689500832635
0.0005612965211458116
0.0005485535046278238
0.0005364471481812535
0.0005249820676727646
0.0005141602473780136
0.0005039810515395857
0.0004944412471833855
0.0004855350380421362
0.0004772541093894379
0.0004695876835434553
0.00046252258575613526
0.00045604332016198584
0.0004501321554200164
0.00044476921964364336
0.0004399326041764086
0.00043559847573618454
0.0004317411964176097
0.00042833345101157334
0.00042534638107206047
0.0004227497251345443
0.0004205119644664735
0.0004186004737093854
0.00041698167575384456
0.00041562120017278375
0.00041448404452605814
0.000413534737839038
0.0004127375055510182
0.0004120564352250462
0.00041145564230951875
0.0004108994352435356
0.000410352479202587
0.0004097799577885491
0.00040914773197824994
0.00040842249565792895
0.00040757192708670094
0.00040656483565060426
0.0004053713032898702
0.0004039628200055658
0.00040231241287774755
0.0004003947680554502
0.00039818634520927206
0.00039566548396973724
0.0003928125019089833
0.0003896097836594385
0.000386041860800901
0.0003820954821866223
0.00037775967441952205
0.0003730257922312892
0.00036788755855974567
0.000362341094163247
0.0003563849366549129
0.0003500200488839407
0.0003432498166359541
0.0003360800356691417
0.00032851888814759776
0.00032057690857767364
0.0003122669393970664
0.0003036040764096333
0.0002946056043013768
0.0002852909225144819
0.00027568146179659424
0.00026580059178146634
0.00025567351999460444
0.00024532718271336055
0.00023479012814500938
0.00022409239241846476
0.0002132653689153951
0.00020234167149443545
0.00019135499218780514
0.0001803399539729158
0.00016933195924232305
0.00015836703461355342
0.00014748167273594072
0.00013671267176442402
0.00012609697318039306
0.00011567149864694266
0.0001054729865903963
9.553782920155988e-05
8.590191054894895e-05
7.660044649216596e-05
6.766782707664425e-05
5.913746208129327e-05
5.1041630378048305e-05
4.341133374711277e-05
3.6276155773819316e-05
2.9664126432512022e-05
2.360159293990534e-05
1.8113097434971706e-05
1.3221262014632756e-05
8.946681624671113e-06
5.307825273207596e-06
2.3209460001199188e-06
0.0
