0.006802607016872127
0.00681046116988706
0.00681308783709759
0.006810383960241712
0.0068022433464710675
0.006788561563941254
0.006769241228017788
0.006744197554995987
0.006713364052846503
0.006676698213768987
0.006634187071372757
0.0065858524861594925
0.0065317560266573175
0.0064720033199915546
0.0064067477547630584
0.006336193430676345
0.006260597263202621
0.006180270167417736
0.00609557726272139
0.006006937059086092
0.005914819605437771
0.005819743601348306
0.005722272494022813
0.005623009603183701
0.005522592336483033
0.0054216855771170485
0.005320974342991393
0.00522115583273595
0.005122930987769187
0.005026995711175748
0.004934031893143499
0.004844698398911444
0.004759622178464051
0.004679389657482587
0.004604538566298861
0.004535550357818885
0.0044728433566787115
0.004416766770404144
0.004367595679266854
0.0043255271051085165
0.00429067724093609
0.004263079902909591
0.004242686244818452
0.004229365752671352
0.004222908514025314
0.004223028733583823
0.004229369443836115
0.004241508337522416
0.004258964627912454
0.004281206823677113
0.004307661287887556
0.004337721435730111
0.004370757413174179
0.004406126089323196
0.004443181188711318
0.004481283386520924
0.0045198101896691285
0.004558165429964765
0.00459578820202859
0.004632161088295658
0.004666817526016289
0.0046993481865214674
0.004729406254846215
0.004756711517789819
0.004781053190270801
0.004802291433008263
0.004820357538701899
0.004835252788542636
0.004847046005604283
0.00485586985598021
0.004861915971979455
0.0048654289938393595
0.00486669964682463
0.0048660569888739425
0.004863859979771041
0.004860488535848749
0.00485633424422314
0.004851790917299486
0.004847245171648782
0.004843067215245238
0.0048396020234662464
0.004837161077238658
0.004836014826384358
0.004836386027753364
0.004838444091372693
0.0048423005488787
0.004848005737284703
0.004855546768053611
0.0048648468269237915
0.004875765824431097
0.004888102391057896
0.00490159718490989
0.004915937454265178
0.004930762772743378
0.0049456718416753635
0.004960230232962477
0.004973978926710879
0.004986443481584094
0.004997143662459312
0.0050056033398702855
0.0050113604690823635
0.005013976953619216
0.005013048198725749
0.005008212164617759
0.004999157737376889
0.004985632246871509
0.004967447975925632
0.004944487522860487
0.004916707900179819
0.004884143275189654
0.004846906283318525
0.004805187871378487
0.004759255655492623
0.004709450806401706
0.004656183502828747
0.0045999270210000595
0.004541210554776813
0.0044806108856401084
0.004418743044519612
0.004356250127719978
0.004293792446583958
0.004232036204689925
0.004171641907027056
0.004113252712499334
0.004057482944123767
0.004004906970324933
0.0039560486657761185
0.003911371651360738
0.003871270500163688
0.0038360630801591794
0.003805984184716622
0.0037811805795387354
0.003761707569574306
0.0037475271622592864
0.0037385078746247423
0.0037344262018922294
0.003734969734704314
0.0037397418816722404
0.003748268124029498
0.003760003700418515
0.003774342592749139
0.003790627659166851
0.003808161737932674
0.003826219526877243
0.0038440600274249606
0.0038609393303060745
0.00387612351223192
0.0038889014091757026
0.0038985970325757435
0.003904581399778401
0.00390628355930279
0.0039032006048981987
0.003894906489659971
0.003881059472379103
0.0038614080524643625
0.0038357952767705864
0.003804161331014364
0.0037665443596335596
0.0037230794903875108
0.003673996073109846
0.0036196131752093746
0.003560333409153684
0.0034966351986581547
0.0034290636200500235
0.00335821998272041
0.0032847503371927983
0.003209333120648503
0.00313266616733896
0.0030554533248285005
0.002978390926168
0.0029021543726960954
0.0028273850820803607
0.0027546780514089535
0.0026845702756750096
0.0026175302479974787
0.002553948749613798
0.002494131115363081
0.002438291134430564
0.002386546716991191
0.0023389174255814002
0.002295323936104153
0.002255589457938375
0.0022194431063168115
0.002186525183614469
0.0021563942901204254
0.0021285361499140424
0.0021023740042818173
0.002077280394316588
0.002052590126520999
0.002027614190927392
0.0020016543809226574
0.001974018348036683
0.0019440348137476045
0.0019110686541252918
0.0018745355720352632
0.001833916075728447
0.0017887684919215903
0.0017387407558104974
0.0016835807396421126
0.0016231449052006076
0.001557405093452232
0.0014864532961796303
0.0014105042891843392
0.0013298960439504814
0.0012450878738955976
0.0011566563117994056
0.0010652887559816633
0.0009717749635661833
0.0008769965089852707
0.0007819143640246926
0.0006875547914847908
0.0005949937772745995
0.0005053402548493759
0.0004197184007916953
0.00033924930053804087
0.00026503229836093677
0.00019812635541230882
0.00013953174369189065
9.01724020984508e-05
5.0879273224631056e-05
2.2374926345691045e-05
5.259753305732976e-06
0.0
6.9178672614782916e-06
2.618388164567784e-05
5.7811699413907926e-05
0.00010165546655850795
0.0001574098146731582
0.00022461252757753928
0.0003026498676271588
0.00039076450437002235
0.0004880659424581404
0.000593543301285907
0.0007060802564966308
0.0008244719140285167
0.0009474433514741407
0.0010736695298589356
0.0012017962520910574
0.001330461822804841
0.0014583190485325547
0.0015840572074165057
0.001706423614235963
0.0018242444094839602
0.001936444210589819
0.0020420642790376035
0.0021402788788608892
0.0022304095294767333
0.002311936888632023
0.0023845100388538284
0.00244795299261573
0.0025022682767729255
0.002547637504932662
0.0025844188965134956
0.002613141752468928
0.002634497949144035
0.002649330562624761
