0.009274702612149008
0.008785585417941576
0.008223339526999185
0.0076757374549584305
0.007216171915581718
0.006893730367176703
0.006728451208118487
0.006712181423999213
0.006814385665007021
0.006991363114748033
0.007196776181919433
0.007391278458006269
0.00754935554439474
0.007662181290039202
0.007736194196809425
0.0077880260257119915
0.007837178006439082
0.007898287384399735
0.007974872835076821
0.00805608886902138
0.00811733643234723
0.008124714610872724
0.008042437387076336
0.00784165930108383
0.007508796643144918
0.007051472342675352
0.006500647546099857
0.005908245308696708
0.0053404732234648535
0.004867930457285192
0.0045542622944157694
0.004445462942822739
0.004561853430916609
0.004894286263178147
0.0054053426899962264
0.006035345023312726
0.006712090641582881
0.007362506861516598
0.007924066879931722
0.008353868162122661
0.008633744656549393
0.008770570744976008
0.00879186267123578
0.008737704802199231
0.00865074073480503
0.008566331318143756
0.008504920768052569
0.008468179785452475
0.008439704462833205
0.00839009902876238
0.008285349240464092
0.008096686924134407
0.007809798783735888
0.0074313179575060595
0.006991043438378876
0.006539165305199471
0.006138772111562998
0.005854885629170021
0.005742015798189829
0.005832604520932161
0.006128650833075541
0.006598288738907358
0.007178215420578561
0.007781803172757417
0.008311672868132641
0.008674659577000105
0.008796623501887181
0.008634543949222825
0.008183786255839912
0.007479269274959503
0.006590329968889089
0.00561018484654794
0.004641822940916416
0.0037827618879597105
0.0031112518410609863
0.002676199264464045
0.002492368563323269
0.002541441919656158
0.002778461019605101
0.003142234190418108
0.0035676387690839802
0.003997494212815223
0.004391862394805193
0.004733201473275999
0.005026640961244368
0.005295592883601721
0.005573786744161714
0.005895453309611337
0.0062856720664859365
0.0067527967438743754
0.007284414705572141
0.007847578105650272
0.008393211959751692
0.008863817845687476
0.009202998286868557
0.009365030353761926
0.009322761486590201
0.009072463248708435
0.008634877355258856
0.008052399337739323
0.007383029449554876
0.00669225078709484
0.00604428019155989
0.0054941396048358605
0.005081732654380089
0.0048286523814192964
0.004737894386070083
0.004796120011137248
0.004977709017853008
0.005249630493072952
0.005576169302639132
0.005922750312401137
0.006258440586646869
0.006557093028432859
0.006797431432450335
0.006962590990687233
0.007039676849538248
0.007019784537712309
0.006898678657610184
0.006678019584139204
0.006366745628121669
0.005982038265045251
0.005549274727826816
0.0051005225707501725
0.004671429819228215
0.004296749623048178
0.004005123026065646
0.0038140349601755393
0.0037259792346109356
0.0037267735192754808
0.0037866550690673494
0.003864309086393946
0.003913420420655134
0.0038908052019387836
0.003764782985570764
0.003522281753488508
0.0031732768019301855
0.0027515469175399604
0.002311330102106308
0.0019201743678827392
0.0016489781087856668
0.0015607680181714762
0.0017000618636979596
0.002084644087812065
0.002701237079117895
0.003505933074230835
0.004429465394149314
0.005386580252784152
0.006288066619573304
0.007053537571706041
0.007622916000281387
0.00796478645555078
0.008080296801955496
0.008002035936942304
0.007788146174579415
0.007512705475940785
0.007254001899383891
0.007082622683871264
0.007051248348027992
0.0071876929668528025
0.007492135891195476
0.007938759482319365
0.008481273724420993
0.00906119906081731
0.009617393293761437
0.010095202364219558
0.010453791283900763
0.010670622860982833
0.010742611207295411
0.010684076019079839
0.010522153666280079
0.010290693323725763
0.010023826810200226
0.009750338249724402
0.009489704778496906
0.009250296008994711
0.009029790038174992
0.0088174709673139
0.008597785782427838
0.008354398590473395
0.008073996336633187
0.00774924937741962
0.007380565828203343
0.006976541651332873
0.006553241813085825
0.006132608082794175
0.005740354713260328
0.005403687540423328
0.0051490897673905165
0.005000297337562724
0.004976479854266668
0.00509058311395572
0.005347793748647189
0.005744151878814907
0.006265441131190393
0.0068865903364893465
0.00757188705227324
0.008276295831907058
0.008948076223549092
0.009532711434183543
0.009977916201328449
0.010239238035576477
0.010285555334234708
0.0101036619661432
0.009701148979922119
0.009106963729689027
0.008369329076181941
0.007551096115530816
0.006723017548863668
0.005955790469439266
0.005311957328562732
0.004838821736840292
0.004563411210289858
0.004490216862494394
0.004602008842332508
0.004863539754073451
0.005227491878372273
0.0056416789401892865
0.006056340822514298
0.006430399687122074
0.006735770587435993
0.006959194878511247
0.007101518905817111
0.0071747881206089435
0.007197885164674532
0.0071916454978922595
0.007174402609519963
0.0071587505259641205
0.007150003659745424
0.007146449827005734
0.007141111882430134
0.007124434517425806
0.007087154556934891
0.007022624538428709
0.006928033562053559
0.006804265317461486
0.006654484332371046
0.00648186983147522
0.00628714888478581
0.006066663624891745
0.0058116194960518
0.005508917348043619
0.005143620070805039
0.004702717035359308
0.004179509204615072
0.003577719644084638
0.002914390816592312
0.002220779997655793
0.0015407872585684853
0.0009268909471256276
0.00043404217559131833
0.0001123911124153833
0.0
0.000116780903111245
0.00046075641191046634
0.0010073964334721356
