0.00017383091881779033
0.0001276339977252009
8.850743425488708e-05
5.6531328281413194e-05
3.1737304482451836e-05
1.410658911759526e-05
3.56858509724476e-06
0.0
3.224574116852605e-06
1.3013446739486637e-05
2.908618891761224e-05
5.1112519962652654e-05
7.871471327192993e-05
0.0001114706848081644
0.00014891774502854898
0.00019055698246167726
0.00023585823473118005
0.0002842655908749966
0.0003352033575576446
0.0003880824114594612
0.000442306850977155
0.0004972808525908531
0.0005524156310276313
0.0006071363978364512
0.0006608892103097451
0.0007131476019341979
0.0007634188867830648
0.0008112500334922733
0.000856233009671853
0.0008980095047331591
0.0009362749480630985
0.0009707817501145093
0.001001341706137496
0.0010278275157486773
0.0010501733860940614
0.001068374701752371
0.0010824867604750771
0.0010926225900780302
0.0010989498779890852
0.0011016870608139533
0.001101098636508253
0.0010974897760443656
0.0010912003245576397
0.001082598293586908
0.0010720729559524054
0.0010600276628320946
0.0010468725085303182
0.0010330169721426584
0.0010188626667101245
0.0010047963254684333
0.000991183151422722
0.0009783606507471527
0.0009666330625001988
0.0009562664869807924
0.0009474848028910104
0.0009404664495196715
0.0009353421346563417
0.0009321935121567068
0.0009310528553054431
0.0009319037336805787
0.0009346826824494401
0.000939281834265892
0.000945552465541199
0.0009533093911726544
0.000962336125172881
0.0009723907093696802
0.0009832120987417377
0.0009945269802916284
0.0010060568928735947
0.0010175255082913854
0.0010286659294203484
0.0010392278592024813
0.001048984495179444
0.001057739007783216
0.0010653304668633511
0.0010716390898089356
0.0010765906959888855
0.0010801602659045002
0.0010823745191973764
0.001083313443217097
0.0010831107229227802
0.001081953043136525
0.0010800782552245502
0.0010777724217746225
0.0010753657743746952
0.001073227640781058
0.001071760418200036
0.0010713926887101952
0.0010725715906529669
0.001075754575773197
0.0010814006956813955
0.0010899615725567227
0.0011018722176755736
0.0011175418671426612
0.0011373450069777948
0.0011616127593830632
0.001190624798548414
0.0012246019577716208
0.0012636996800508987
0.0013080024517905702
0.001357519344031209
0.00141218076791598
0.0014718365312216808
0.001536255261046106
0.0016051252345190758
0.0016780566350902539
0.0017545852269631877
0.001834177415029407
0.001916236632654583
0.0020001109753274068
0.0020851019749406246
0.002170474387756575
0.002255466849318437
0.002339303232074083
0.002421204526616456
0.002500401055503031
0.002576144819839674
0.0026477217733886066
0.002714463817017644
0.002775760307918798
0.0028310688831975545
0.002879925406115989
0.0029219528553474402
0.0029568689928915915
0.002984492664572353
0.0030047486080087868
0.0030176706662738764
0.003023403330756057
0.0030222015635951887
0.0030144288780294664
0.003000553683590909
0.002981143931838997
0.0029568601267327605
0.0029284467913222307
0.002896722508712641
0.002862568679761054
0.002826917162274854
0.0027907369761997662
0.0027550202760599604
0.0027207678054405235
0.0026889740583352175
0.0026606123785296604
0.0026366202307256835
0.0026178848757746013
0.002605229677180666
0.002599401257032549
0.002601057706857936
0.002610758042775093
0.0026289530749969117
0.002655977839544841
0.0026920457153198772
0.0027372443228679127
0.002791533272716094
0.0028547438015250437
0.0029265803039981663
0.0030066237380270183
0.0030943368504467634
0.0031890711415390968
0.0032900754585478624
0.003396506082438823
0.003507438148381079
0.003621878219357234
0.0037387778142782646
0.0038570476772925083
0.0039755725638814
0.0040932263120125306
0.004208886963191064
0.004321451698765135
0.004429851361281254
0.00453306433896641
0.004630129603382223
0.004720158705735647
0.0048023465559645356
0.004875980830211759
0.004940449876277863
0.004995249012674278
0.005039985144528403
0.0050743796483314115
0.005098269506865352
0.005111606705083198
0.005114455926730784
0.005106990619586329
0.005089487523865212
0.005062319783132922
0.0050259487795620335
0.004980914855175114
0.004927827097500263
0.004867352381548996
0.004800203869987991
0.00472712917966007
0.004648898425126171
0.004566292348627253
0.00448009074084929
0.00439106134823004
0.004299949450451375
0.004207468276457445
0.004114290409123995
0.004021040307928583
0.003928288056030496
0.003836544413496589
0.003746257232469282
0.0036578092633510733
0.003571517354075292
0.003487633017747521
0.003406344317873522
0.0033277789955200726
0.003252008739544457
0.0031790544799033416
0.0031088925654013375
0.0030414616714043432
0.002976670270311508
0.0029144044881826694
0.002854536165022975
0.0027969309339355977
0.0027414561357015305
0.002687988390299393
0.0026364206553369553
0.0025866686131633685
0.0025386762433375373
0.0024924204548561722
0.002447914672753808
0.0024052112959887357
0.002364402967495469
0.002325622622456572
0.00228904230674095
0.0022548707835744496
0.0022233499723482613
0.0021947502885324363
0.002169364977458906
0.0021475035568077417
0.0021294845025386453
0.002115627330362904
0.0021062442393025666
0.002101631495138517
0.0021020607393724645
0.002107770413547554
0.0021189574892829144
0.0021357696911429263
0.0021582983925162455
0.0021865723541259997
0.002220552460802967
0.00226012759496496
0.0023051117651561297
0.002355242585364304
0.002410181176056466
0.002469513531399583
0.0025327533694475394
0.002599346453682778
0.002668676345728511
0.0027400715208255677
0.002812813750327572
0.002886147629527039
0.0029592911050793074
0.003031446834607163
0.0031018141921729863
0.0031696017175759424
