0.0093863139507753
0.0095250668164415
0.009683505196252306
0.009869117166684017
0.010079249942072432
0.010299426181045521
0.010503331413312965
0.010654836592649868
0.010712108342596716
0.01063348114561789
0.010384386799710862
0.009944332147152147
0.009312755925617613
0.008512628709606692
0.007590903051834642
0.006615352128699304
0.0056678945950249275
0.0048351016176331205
0.004197115067624366
0.003816573277577405
0.003729265076633894
0.0039380750758811565
0.004411352505684348
0.0050861904411414315
0.005876341105842249
0.0066837403006219116
0.007411998001443388
0.007979842309999154
0.008332451116089016
0.008448888699230269
0.008344444814816011
0.008067461766183828
0.007691103725150988
0.0073013295640656384
0.006982941716242852
0.006805896725217643
0.0068140251213429145
0.007017924524859368
0.007393123457095151
0.00788377404860546
0.00841125743556373
0.00888631845227194
0.00922280919945375
0.009350897476649765
0.009227716334183105
0.008843868698777244
0.00822487857810981
0.007427483180496902
0.006531456789796223
0.005628320954129095
0.004808725732849937
0.00415042388648116
0.00370859377788227
0.0035098360459741695
0.003550552906827059
0.003799722072109815
0.004205412214797958
0.004703855354907142
0.005229568822478258
0.005724944145569712
0.006147890227982068
0.006476493655863693
0.006710170880726663
0.006867349785885512
0.006980243852419285
0.007087694087040689
0.0072272972675223
0.0074280875891509
0.007704896397148718
0.008055212747631778
0.008458958363319453
0.008881138475224686
0.009276901645275715
0.009598196533014119
0.009800996773937993
0.009852002197053077
0.00973381928949998
0.009447858730871572
0.009014527513779295
0.00847068914527409
0.00786476248845575
0.007250173013523074
0.0066781117794626815
0.006190662818298878
0.0058153121674901056
0.005561655691160863
0.005420803066298881
0.005367575357312624
0.005365170246693911
0.005371584929722554
0.0053468016695015
0.0052596026814052295
0.005092916788084622
0.004846811709062297
0.004538606612902929
0.0042000378518797735
0.00387189606196203
0.0035969861823544665
0.0034125689238446474
0.003343565529352107
0.003397718158645964
0.003563601575757225
0.003811919665374169
0.004099965105126868
0.004378564591985426
0.004600372385843646
0.00472809640351904
0.004741200561625915
0.004639841923054687
0.004445244273579661
0.004196312006513646
0.003942949154389093
0.003737152806319098
0.0036233880153768733
0.003629938002274888
0.0037628160204506503
0.004003431747026468
0.004310585150818028
0.0046266168112783605
0.0048868037178252735
0.005030485283836783
0.005012047192354922
0.004809851490553094
0.004431496106586741
0.0039143726417860975
0.0033212720132680482
0.0027316305194098013
0.002229767521797483
0.001892005645830956
0.0017747870819937593
0.0019057616673303713
0.002279343516596668
0.0028574930417494242
0.0035756069957303153
0.004352541992661982
0.005103105802093115
0.005750945746319261
0.006239714566241954
0.006540708185125755
0.006655789970993588
0.006615231897041248
0.006470970387709499
0.006286541968338789
0.0061254989824557115
0.006040319355076537
0.006063685644861618
0.006203549276634731
0.006442703744414581
0.006742792765545363
0.007051918424439033
0.007314422409512383
0.007481088745420894
0.007518006554376265
0.007412626298500402
0.007176078698715921
0.006841497725374764
0.006458773426407248
0.006086736144093756
0.00578414556019578
0.005600972453027345
0.005571314101794251
0.005708919765921366
0.006005801446019349
0.006433867757465158
0.006949045253954731
0.007497022320044881
0.008019612244226149
0.008460789878891387
0.008771676738512046
0.008914069005461907
0.008862443422961035
0.00860466171454316
0.008141767791000143
0.007487306362742644
0.0066664939625550364
0.0057153825516578355
0.0046799321765676315
0.0036147200772556954
0.0025809180513094014
0.001643204057713224
0.0008654428800292883
0.0003052455983034476
7.841937927180118e-06
0.0
0.00028493005702887476
0.0008391537115426386
0.001612176036961008
0.0025294722330363563
0.003498835121658019
0.004419599447867342
0.005193755031121796
0.005737575676081709
0.0059922000204829535
0.0059316483899701875
0.005567050027670794
0.004946349470757059
0.0041493850663070425
0.0032788890510147446
0.0024485432396703847
0.0017696446916516794
0.0013381265422939721
0.0012236132491598769
0.0014618813556127146
0.0020515993200232183
0.0029556140455518553
0.004106432290184255
0.00541500456450721
0.006781532560467877
0.008106835333660465
0.009302837177943293
0.010300960814497872
0.011057575374608941
0.01155609482002602
0.011805778972461316
0.011837692718652666
0.011698581226418864
0.011443592917117829
0.011128822027712737
0.010804562360754708
0.010509990227963341
0.010269761397663741
0.010092748275593852
0.00997288948535677
0.00989189747334637
0.009823386459442703
0.009737852658834638
0.009607866794040753
0.009412828691869908
0.009142686703891498
0.00880013993815345
0.008401013881118254
0.007972718687190801
0.007550945086356542
0.0071749983576854725
0.006882383011885862
0.006703394946257156
0.0066565235459890085
0.006745394336775977
0.00695779120044575
0.007267004172138751
0.0076353930406831885
0.008019692845722372
0.008377276985699735
0.008672395798290627
0.00888136704281951
0.008995828789692028
0.00902346305539196
0.008986017018327894
0.008914919008778808
0.00884522536294506
0.008808958763810848
0.008829042361215404
0.008914960577517936
0.009060990071707273
0.009247386840578804
0.009444366699502167
