0.0015192871228610308
0.0016266269522474148
0.0017326827871739403
0.0018365613346147062
0.0019373907164707996
0.0020343305026683427
0.0021265813742335406
0.0022133942770561203
0.002294078935090123
0.0023680116019024295
0.0024346419415805652
0.0024934989438350234
0.002544195793431318
0.002586433630592484
0.0026200041564337986
0.0026447910555239948
0.0026607702259987386
0.0026680088259674766
0.002666663162941769
0.0026569754703684827
0.002639269631785188
0.0026139459283576836
0.0025814748993643662
0.002542390417341135
0.002497282089907326
0.002446787108606679
0.0023915816713034653
0.0023323721086978494
0.0022698858473314738
0.002204862341049309
0.0021380441003120824
0.0020701679440982335
0.0020019565925150167
0.0019341107098083002
0.0018673014974035548
0.0018021639251366655
0.001739290676175269
0.0016792268675394982
0.0016224655938684102
0.0015694443274156026
0.0015205421924676084
0.0014760781177319006
0.001436309855999942
0.0014014338468043262
0.001371585885089755
0.0013468425473158764
0.001327223316091247
0.001312693335558364
0.0013031667224356017
0.001298510351965245
0.0012985480340758052
0.001303064992864355
0.0013118125620288452
0.0013245130100852302
0.0013408644120109063
0.0013605454882552248
0.0013832203377123061
0.0014085429980991977
0.001436161775040567
0.001465723289829772
0.0014968762051028011
0.0015292745973058738
0.0015625809546357913
0.0015964687888622656
0.0016306248588874941
0.0016647510128549301
0.0016985656638960705
0.0017318049220298255
0.0017642234111542477
0.0017955948053714368
0.0018257121229671323
0.0018543878191604438
0.0018814537202108555
0.0019067608416147809
0.0019301791319698135
0.0019515971816889644
0.0019709219321963896
0.001988078416644187
0.0020030095576949345
0.0020156760416762476
0.0020260562816088886
0.0020341464744295743
0.0020399607503738385
0.00204353140515799
0.0020449091985076887
0.002044163695924623
0.002041383624554049
0.0020366772087927745
0.002030172447020349
0.0020220172876849966
0.0020123796610449
0.0020014473222414973
0.001989427462121672
0.0019765460443553523
0.0019630468309066334
0.0019491900627700124
0.0019352507690054573
0.0019215166843924586
0.001908285764339459
0.0018958632948693063
0.0018845586053674733
0.0018746814021205478
0.0018665377512641667
0.0018604257503658708
0.001856630938245762
0.0018554215025401652
0.0018570433536973792
0.0018617151423246836
0.0018696233038596336
0.001880917220212108
0.0018957045921350348
0.0019140471184766273
0.0019359565790218881
0.001961391416256436
0.0019902539080290066
0.0020223880177363232
0.002057578001331866
0.002095547841235005
0.0021359615661962397
0.0021784245035035648
0.0022224854957778786
0.002267640099218999
0.002313334763777298
0.0023589719786143433
0.002403916348677498
0.0024475015505625074
0.0024890380984013954
0.0025278218336216075
0.002563143036407623
0.0025942960418814257
0.0026205892307140264
0.0026413552523772447
0.002655961329808624
0.002663819487127104
0.002664396537400972
0.00265722366549097
0.0026419054417828733
0.0026181281062524413
0.0025856669687865114
0.002544392780983854
0.0024942769466908647
0.002435395453154334
0.002367931421708918
0.002292176196127641
0.002208528907871617
0.002117494480163333
0.0020196800567240545
0.0019157898657788087
0.0018066185551381612
0.0016930430593938282
0.0015760130850863612
0.001456540323686322
0.0013356865249514824
0.0012145505842700703
0.0010942548165845402
0.0009759306060502797
0.0008607036343926283
0.000749678901699383
0.0006439257608865376
0.0005444631911173283
0.00045224553590915146
0.0003681489284593424
0.0002929586198507116
0.00022735741531407054
0.00017191540974429548
0.00012708119636527866
9.317470205415105e-05
7.03817796576826e-05
5.875066200774245e-05
5.819035465743348e-05
6.847101504452993e-05
8.922633530768589e-05
0.00011995791482151234
0.0001600415771858927
0.0002087355554179994
0.0002651904389683599
0.0003284607474224714
0.00039751796884754387
0.0004712648761640355
0.0005485509130952008
0.000628188422563446
0.0007089694752005617
0.0007896830442053485
0.0008691322653416741
0.0009461515175832489
0.0010196230608700556
0.0010884929726677893
0.0011517861344663058
0.0012086200328951325
0.0012582171575839837
0.0012999157989963762
0.0013331790738947856
0.0013576020334777688
0.0013729167391323387
0.001378995222692538
0.001375850281573765
0.0013636340936193502
0.001342634671387777
0.0013132702103523138
0.0012760814195044107
0.0012317219555820144
0.0011809471130356552
0.0011246009503783445
0.0010636020592565015
0.000998928204988902
0.0009316000860634302
0.000862664474830462
0.0007931770121252778
0.0007241849345995788
0.0006567100150256418
0.0005917319927148217
0.000530172763500169
0.00047288158658337484
0.00042062154912622554
0.0003740575090363414
0.0003337457122837542
0.00030012525368029275
0.0002735115198045919
0.0002540917201589142
0.00024192257823722556
0.00023693021853617483
0.00023891224924426713
0.00024754200400319525
0.000262374870355935
0.0002828565978769625
0.00030833344610134276
0.000338064001783308
0.0003712324672363078
0.0004069631970034409
0.00044433623929395274
0.00048240362185038017
0.000520206109467302
0.0005567901524786724
0.0005912247423028652
0.0006226178916404999
0.0006501324631375131
0.0006730010811536697
0.000690539876534886
0.0007021608337227583
0.0007073825328212009
0.0007058391059886229
0.0006972872572857299
0.0006816112273849335
0.0006588256187947147
0.0006290760328968477
0.0005926375065365419
0.0005499107725336048
0.000501416404681604
0.0004477869429637762
0.000389757128249867
0.0003281524070851119
0.00026387589581658064
0.00019789401874554385
0.00013122105682334285
6.490286126043074e-05
0.0
