0.0025001806532746686
0.0024076908318572364
0.002308902714597154
0.002204323249989514
0.0020945947014178903
0.001980488889693434
0.0018628989081243426
0.0017428284243884234
0.0016213787274107442
0.0014997337187771286
0.0013791430862062654
0.0012609039305804728
0.001146341147389436
0.0010367868876448795
0.0009335594419395479
0.0008379419040112897
0.0007511609766963094
0.0006743662833869023
0.0006086105420303136
0.0005548309464098263
0.0005138320811386827
0.0004862706727794565
0.00047264245018372613
0.0004732713530298429
0.0004883012892051412
0.0005176905997917441
0.0005612093456932805
0.0006184394831540371
0.0006887779473792462
0.0007714426149941817
0.0008654810680167563
0.0009697820351924945
0.0010830893417592994
0.0012040181567437578
0.0013310732884628349
0.0014626692446746297
0.0015971517443759838
0.0017328203440859012
0.0018679518229922968
0.0020008239588866703
0.0021297393205727466
0.0022530487025091365
0.0023691738338205296
0.002476629006365707
0.002574041285055296
0.0026601689877364942
0.0027339181512778753
0.0027943567344774402
0.0028407263464843603
0.002872451330902641
0.002889145079909598
0.002890613498805072
0.0028768555886093256
0.0028480611618324305
0.002804605753526836
0.0027470428354010572
0.0026760934843351944
0.0025926336973573607
0.0024976795823255385
0.0023923706865881947
0.0022779517542204477
0.0021557532255870554
0.0020271708105977547
0.0018936444788220808
0.0017566372154507897
0.0016176138918660948
0.0014780205933565163
0.0013392647344329933
0.0012026962745222602
0.0010695903238798876
0.0009411314018184171
0.0008183995773082143
0.0007023586862751196
0.0005938467811478857
0.0004935689271072937
0.0004020924168035998
0.0003198444318087963
0.0002471121355349656
0.00018404513955553703
0.0001306602439708998
8.68483133909234e-05
5.2383113947253356e-05
2.6931904125795827e-05
1.006754368370645e-05
1.2818609697914495e-06
0.0
5.5954549572367635e-06
1.7405491596090943e-05
3.474665244700061e-05
5.69300457375385e-05
8.327612648610433e-05
0.00011312869208053447
0.00014586783354114034
0.00018092160720404931
0.00021777621928334196
0.0002559845471426555
0.0002951728555267441
0.00033504560281757403
0.00037538827089199237
0.0004160681916462706
0.00045703338297828995
0.0004983094462413904
0.0005399946151773864
0.0005822530823974281
0.0006253067629439967
0.0006694256847205797
0.0007149172220640503
0.0007621144109757154
0.0008113636021171137
0.000863011720299502
0.0009173934066271418
0.0009748183215658487
0.001035558883969809
0.001099838712579986
0.0011678220228725532
0.0012396042136451461
0.0013152038547315913
0.0013945562601632851
0.0014775088004538028
0.0015638180740440023
0.0016531490219338235
0.0017450760318140136
0.001839086039296361
0.0019345835948440895
0.0020308978264486593
0.0021272911907019697
0.0022229698693690117
0.0023170956355373857
0.002408798983522819
0.002497193290503852
0.0025813897558365686
0.0026605128465790324
0.0027337159652686058
0.002800197048687763
0.0028592138043769147
0.0029100982950594594
0.002952270589892636
0.0029852512154073525
0.0030086721579176082
0.003022286192741195
0.0030259743433702605
0.003019751305278097
0.0030037687037939497
0.00297831609280971
0.0029438196403417513
0.0029008384874640017
0.0028500588081367567
0.002792285638251538
0.0027284325820703566
0.002659509542447419
0.0025866086571010405
0.0025108886561111396
0.0024335578851629454
0.0023558562643122083
0.002279036472754184
0.002204344665860636
0.0021330010413144374
0.0020661805763198962
0.0020049942574932897
0.0019504711191328725
0.001903541394218944
0.0018650210658845115
0.0018355980855006327
0.0018158204972984746
0.0018060866790445868
0.0018066378742113756
0.0018175531539188572
0.0018387469072989708
0.00186996891752282
0.0019108070382396986
0.0019606924423267117
0.002018907372368092
0.0020845952808952284
0.002156773208823848
0.0022343462133945025
0.0023161236228833246
0.0024008368649755677
0.0024871585894944573
0.0025737227845899014
0.002659145568873129
0.002742046330607731
0.002821068879116078
0.0028949022731236734
0.0029623009958379054
0.003022104157044553
0.003073253418216332
0.003114809357286095
0.0031459660149837716
0.0031660633940354915
0.0031745977155720993
0.0031712292732299493
0.003155787764037502
0.003128275015616485
0.0030888650708090293
0.003037901632879081
0.0029758929162316573
0.002903503988459227
0.002821546728793173
0.0027309675650738787
0.002632833185561524
0.002528314452748838
0.0024186687733257473
0.002305221201170853
0.0021893445683682463
0.002072438952511877
0.0019559107967897136
0.0018411520024475155
0.0017295193112153084
0.0016223142882228097
0.0015207642040000549
0.0014260040976036108
0.0013390602820484534
0.0012608355284510137
0.0011920961370506065
0.001133461072077669
0.0010853933038244559
0.001048193465826541
0.0010219958983842907
0.0010067671123572934
0.0010023066698680299
0.001008250441861221
0.001024076166970536
0.0010491112024035372
0.0010825423260895535
0.0011234274206175048
0.0011707088439411241
0.0012232282698067293
0.0012797427626569352
0.00133894183760595
0.0013994652461192837
0.0014599212223402112
0.001518904923590087
0.0015750168013605472
0.001626880645973377
0.0016731610588024417
0.0017125801202650516
0.0017439330393744254
0.0017661025911297162
0.0017780721709930443
0.0017789373207186474
0.001767915606388322
0.0017443547571845872
0.00170773900170687
0.0016576935670177839
0.0015939873336182693
0.0015165336667335675
0.0014253894702169663
0.0013207525336471954
0.0012029572654546235
0.0010724689248511944
0.0009298764827017031
0.0007758842560561398
0.0006113024727174292
0.000437036930857077
0.00025407792428216167
6.3488606526703e-05
