0.00017060573058297421
0.00015207734753240588
0.00013468111700254371
0.00011841607041238001
0.00010327792874454062
8.925921998538078e-05
7.634940673453719e-05
6.453502330683531e-05
5.3799821617484976e-05
4.412492511264685e-05
3.548898998179508e-05
2.786837286594592e-05
2.123730425683339e-05
1.5568066766548762e-05
1.0831177435073787e-05
6.995573234558437e-06
4.02879892414526e-06
1.8971964076185208e-06
5.660947481611611e-07
0.0
1.627840256917569e-07
1.017871480155693e-06
2.528424158288259e-06
4.657521921975398e-06
7.368339444470797e-06
1.0624318035337525e-05
1.4389331837343696e-05
1.8627847717699215e-05
2.330507820974201e-05
2.8387126897406805e-05
3.3841125673458785e-05
3.963536334327918e-05
4.573940508890268e-05
5.2124202352705085e-05
5.876219274654807e-05
6.562738964002073e-05
7.269546113054933e-05
7.994379814828235e-05
8.735157149967923e-05
9.489977770533748e-05
0.00010257127353963309
0.00011035079923195183
0.00011822499034149165
0.00012618237836953283
0.00013421338022455583
0.00014231027670636364
0.0001504671802252575
0.00015867999202112812
0.00016694634919476713
0.00017526556190975155
0.0001836385411674809
0.00019206771760042545
0.00020055695176895614
0.00020911143648531013
0.00021773759172398336
0.00022644295271110324
0.0002352360518158886
0.00024412629489510063
0.00025312383276626356
0.00026223942850728634
0.00027148432129890686
0.00028087008754192836
0.00029040849999360764
0.0003001113856765512
0.000309990483319214
0.0003200573010894443
0.00033032297538149603
0.0003407981314125435
0.0003514927463769955
0.000362416015895886
0.0003735762244842293
0.0003849806207417601
0.00039663529795171625
0.00040854508074864167
0.00042071341848941453
0.00043314228593218046
0.00044583209179554226
0.0004587815957354641
0.0004719878342399807
0.0004854460559021317
0.0004991496664897342
0.0005130901841868155
0.0005272572053359671
0.0005416383809636913
0.0005562194043222416
0.0005709840096316686
0.0005859139821549798
0.000600989179687766
0.0006161875654914716
0.0006314852526469869
0.0006468565597525977
0.000662274077837722
0.0006777087483116519
0.0006931299517147188
0.0007085056069883184
0.0007238022809301801
0.0007389853074523561
0.0007540189162119229
0.0007688663701384125
0.0007834901113378675
0.0007978519148111793
0.0008119130493843506
0.0008256344452105581
0.0008389768671686837
0.000851901093450353
0.00086436809859774
0.0008763392402274859
0.0008877764486522636
0.0008986424185908491
0.0009089008021401152
0.0009185164021683505
0.0009274553652785983
0.0009356853734836044
0.0009431758337302827
0.0009498980644115365
0.0009558254780068045
0.000960933758999721
0.0009652010362320025
0.0009686080488667954
0.0009711383051525025
0.0009727782331991873
0.0009735173230042704
0.0009733482589920381
0.0009722670423625648
0.0009702731025798365
0.000967369397365966
0.0009635625006084805
0.0009588626776302696
0.0009532839473171666
0.0009468441306456591
0.0009395648852032221
0.000931471725345524
0.0009225940276885764
0.0009129650216891624
0.0009026217651236859
0.0008916051043335162
0.000879959619163852
0.0008677335525828129
0.0008549787250276713
0.0008417504335856748
0.0008281073361773818
0.0008141113209708983
0.0007998273613152691
0.0007853233565406233
0.0007706699590310024
0.0007559403880331675
0.0007412102307204687
0.0007265572310853395
0.0007120610672863691
0.0006978031181265579
0.0006838662193875784
0.0006703344107907802
0.0006572926743989693
0.0006448266653134448
0.0006330224355583177
0.0006219661520785322
0.0006117438098091497
0.0006024409408011367
0.0005941423204131298
0.0005869316715991419
0.0005808913683389889
0.0005761021392711663
0.0005726427725969599
0.0005705898233296839
0.0005700173239640354
0.0005709964996376442
0.0005735954888499253
0.0005778790707923801
0.0005839084003294859
0.0005917407516503417
0.000601429271588363
0.0006130227435795472
0.000626565363199318
0.0006420965261837526
0.0006596506298031758
0.0006792568884149067
0.0007009391639773883
0.0007247158122601726
0.00075059954543361
0.0007785973116684173
0.0008087101923192463
0.0008409333172076571
0.0008752557984590535
0.000911660683285227
0.0009501249260395122
0.000990619379805202
0.0010331088077103461
0.0010775519140933314
0.0011239013955741226
0.0011721040120159449
0.0012221006772917223
0.0012738265696990885
0.0013272112617974756
0.001382178869370845
0.001438648219150546
0.0014965330348645006
0.0015557421411119233
0.001616179684497346
0.0016777453713937823
0.0017403347216431201
0.001803839337442102
0.0018681471866050336
0.001933142899339778
0.001998708077621717
0.002064721616201792
0.0021310600342391724
0.00219759781650696
0.002264207763080993
0.002330761346386956
0.0023971290744500824
0.0024631808591649342
0.0025287863883799
0.0025938155005724916
0.002658138560877209
0.0027216268372178723
0.0027841528752907286
0.002845590871143561
0.002905817040099454
0.0029647099807816285
0.0030221510330081048
0.0030780246283415615
0.00313221863210092
0.0031846246756664716
0.0032351384779399717
0.003283660154854899
0.0033300945158697345
0.0033743513464188635
0.0034163456753409822
0.003455998026354009
0.003493234652697866
0.0035279877541221855
0.003560195675454829
0.0035898030860486286
0.0036167611394680847
0.0036410276128444334
0.0036625670253963303
0.0036813507356842517
0.003697357017239183
0.003710571112280127
0.0037209852633100747
0.0037285987224560816
0.00373341773849577
0.0037354555215895705
0.003734732185815125
0.0037312746696771563
0.003725116634842581
0.003716298343426279
0.003704866514227645
0.0036908741583914174
0.0036743803950380956
0.003655450247479284
0.0036341544207012457
0.0036105690608655796
0.0035847754976389952
0.0035568599702244684
0.0035269133380233337
