0.0
4.1021995584281275e-06
8.615721118607547e-06
1.3550839286142948e-05
1.8918549475000802e-05
2.4730471020423988e-05
3.09987456992007e-05
3.773593215840353e-05
4.49548967718079e-05
5.266870145903633e-05
6.089048901600875e-05
6.963336651645709e-05
7.891028735303434e-05
8.873393249287471e-05
9.911659152635416e-05
0.0001100700440891712
0.00012160544223681455
0.00013373319434691077
0.00014646285111893725
0.00015980299423234675
0.00017376112821329884
0.00018834357604702355
0.00020355537905732612
0.00021940020155706164
0.0002358802407535004
0.0002529961423705814
0.00027074692242609697
0.0002891298955760449
0.00030814061041076635
0.00032777279205823654
0.0003480182924190346
0.0003688670483253027
0.0003903070478824683
0.000412324305217816
0.000434902843824325
0.000458024688651626
0.000481669867058664
0.0005058164187048437
0.0005304404144181834
0.0005555159840405404
0.0005810153532113944
0.0006069088890131674
0.0006331651543627924
0.0006597509709963379
0.0006866314908561509
0.0007137702756533066
0.0007411293843423499
0.0007686694682104741
0.0007963498732496023
0.0008241287494474209
0.0008519631666024188
0.0008798092362385108
0.0009076222391670377
0.0009353567582179236
0.000962966815637617
0.000990406014629333
0.0010176276844910564
0.0010445850287888728
0.0010712312759875884
0.0010975198319472703
0.0011234044336834244
0.0011488393037800044
0.001173779304838419
0.001198180093342168
0.001221998272315704
0.0012451915421576372
0.0012677188490324296
0.0012895405302112883
0.0013106184557620155
0.0013309161659991059
0.0013503990041193333
0.0013690342434644037
0.0013867912088709137
0.0014036413915887488
0.0014195585572721564
0.0014345188465728818
0.0014485008678919323
0.001461485781875582
0.0014734573772720609
0.0014844021377978674
0.0014943092996966734
0.001503170899709216
0.0015109818132092786
0.0015177397822986767
0.0015234454336929746
0.0015281022862692686
0.001531716748187686
0.0015342981035390314
0.001535858488512187
0.0015364128571162062
0.0015359789365334093
0.0015345771722210242
0.001532230662919829
0.0015289650857687217
0.0015248086117639645
0.0015197918118408918
0.0015139475538939698
0.0015073108910880866
0.0014999189418496972
0.0014918107619608196
0.0014830272092116613
0.0014736108010988463
0.0014636055660855415
0.0014530568889672153
0.001442011350912189
0.0014305165647693656
0.0014186210062565917
0.0014063738416617555
0.0013938247527050596
0.0013810237592246804
0.001368021040359301
0.0013548667549096692
0.0013416108615673674
0.0013283029397023183
0.0013149920114012262
0.0013017263654471127
0.0012885533839253347
0.0012755193721340488
0.001262669392466935
0.001250047102923248
0.0012376946008848457
0.0012256522727819566
0.0012139586502489612
0.0012026502733486744
0.0011917615614183415
0.0011813246920631933
0.0011713694887937327
0.0011619233177713158
0.0011530109940929916
0.001144654698011187
0.0011368739014467472
0.0011296853051152524
0.0011231027865465238
0.0011171373592360001
0.0011117971431243438
0.0011070873465583507
0.0011030102598422536
0.0010995652604438686
0.001096748829875001
0.0010945545822202024
0.0010929733042426481
0.001091993006950551
0.0010915989884625716
0.0010917739079660876
0.0010924978705182356
0.001093748522396484
0.0010955011566632933
0.0010977288285683154
0.0011004024803718457
0.0011034910751348114
0.0011069617389839008
0.0011107799113253916
0.001114909502448087
0.0011193130579247236
0.0011239519291921737
0.001128786449664125
0.0011337761157055384
0.0011388797717763845
0.0011440557990328147
0.0011492623066573426
0.0011544573251756531
0.0011595990010065736
0.0011646457914834137
0.0011695566595795242
0.0011742912675683985
0.0011788101688491072
0.001183074997171229
0.0011870486524997728
0.0011906954827698598
0.0011939814607930357
0.001196874355592182
0.0011993438974597732
0.0012013619360548805
0.001202902590877588
0.0012039423934854542
0.0012044604208450477
0.0012044384192425007
0.001203860918210226
0.0012027153339623084
0.0012009920618686308
0.0011986845575371662
0.0011957894061151344
0.0011923063794626078
0.001188238480896538
0.001183591977248887
0.001178376418029473
0.0011726046415320062
0.001166292767770525
0.0011594601781827947
0.001152129482087039
0.0011443264699284815
0.0011360800534023327
0.0011274221925899291
0.0011183878102945404
0.001109014693812628
0.0010993433844250068
0.0010894170549401595
0.0010792813756686822
0.0010689843692534397
0.001058576254824158
0.0010481092819877931
0.0010376375552069584
0.0010272168491576531
0.0010169044156946284
0.0010067587830874581
0.0009968395482229655
0.0009872071624997187
0.0009779227121678162
0.0009690476938920405
0.0009606437863385464
0.0009527726186044471
0.0009454955363259423
0.0009388733663138793
0.000932966180575827
0.0009278330605907792
0.0009235318627065332
0.0009201189855304633
0.0009176491401819383
0.0009161751242689739
0.0009157476004427519
0.0009164148803717026
0.0009182227149615549
0.0009212140916295842
0.0009254290394199078
0.000930904442722474
0.0009376738643311844
0.0009457673785467037
0.0009552114149967999
0.0009660286138119044
0.0009782376927558554
0.0009918533268717617
0.0010068860411607662
0.0010233421167671654
0.0010412235110972238
0.0010605277922511706
0.0010812480880983749
0.0011033730502749027
0.0011268868333306633
0.001151769089200241
0.001177994977117728
0.0012055351890412755
0.0012343559905982318
0.0012644192775064747
0.0012956826473723823
0.0013280994867107764
0.0013616190729775096
0.0013961866913511885
0.0014317437659471409
0.0014682280050943171
0.0015055735602544846
0.001543711198113117
0.0015825684853229525
0.001622069985334389
0.00166213746670202
0.0017026901222137515
0.001743644798148252
