0.0004741970599855472
0.0004456849866869392
0.00042741750300257756
0.00042017674614242516
0.0004245984916114305
0.00044116082993076974
0.0004701751476366542
0.0005117795783047448
0.0005659350505808662
0.0006324240190369415
0.0007108519207899958
0.000800651356929688
0.0009010889536253411
0.0010112748140646641
0.001130174429847348
0.0012566228798351036
0.0013893411064342725
0.0015269540245063668
0.0016680101871620664
0.0018110027061297366
0.001954391102663193
0.002096623748448311
0.002236160544980856
0.002371495484623446
0.0025011787371172134
0.0026238379117349076
0.0027381981574304453
0.0028431007810814667
0.0029375200869584447
0.0030205781685189647
0.003091557416067571
0.0031499105402127813
0.0031952679507987053
0.0032274423734366805
0.003246430630213855
0.0032524125568767293
0.0032457470750225674
0.003226965483814165
0.003196762080701576
0.0031559822638414646
0.0031056083096332905
0.0030467430563651584
0.0029805917587563246
0.002908442407637316
0.002831644833633267
0.0027515889331038513
0.0026696823684234827
0.002587328102731318
0.0025059021314115153
0.002426731768748927
0.002351074838512199
0.0022801001018115693
0.0022148692347245167
0.0021563206422315737
0.0021052553643949173
0.002062325295958726
0.002028023902236409
0.002002679572918051
0.001986451711971347
0.0019793296168472115
0.0019811341544861234
0.001991522195913912
0.0020099937262740876
0.0020359015037119833
0.002068463099319949
0.0021067751120498733
0.0021498293177256607
0.0021965304806092698
0.0022457155298843956
0.00229617378233802
0.0023466678767726785
0.0023959550755115965
0.0024428085839104836
0.0024860385401128324
0.0025245123343323756
0.0025571739295728864
0.0025830618736654206
0.0026013257154907385
0.002611240565852188
0.002612219575188297
0.0026038241356140927
0.002585771653048556
0.0025579407757678214
0.0025203740079305474
0.002473277679739889
0.0024170192892115235
0.002352122273285957
0.002279258307545941
0.0021992372733920284
0.002112995068543234
0.002021579470565758
0.0019261342932482641
0.0018278821015615101
0.0017281057722613384
0.0016281292035959748
0.00152929748882532
0.0014329568742047817
0.0013404348226726567
0.0012530204997436237
0.0011719459881760308
0.0010983685230594635
0.0010333540193566298
0.000977862140001437
0.0009327331248459197
0.00089867656956653
0.0008762623096425987
0.0008659135283069271
0.000867902169573044
0.000882346698719806
0.0009092122136252156
0.0009483128717499655
0.0009993165600260447
0.0010617516990319245
0.0011350160392233934
0.0012183872761839928
0.0013110352843529844
0.0014120357449129753
0.00152038492383521
0.0016350153407766216
0.0017548120588085161
0.001878629318960545
0.0020053072423312788
0.0021336883260110358
0.0022626334671655294
0.0023910372621436774
0.0025178423441286004
0.002642052543308129
0.002762744677398214
0.0028790788071531553
0.002990306820739021
0.003095779241991603
0.0031949501900626733
0.0032873804511955023
0.0033727386567740337
0.003450800594775553
0.003521446713753265
0.003584657908937701
0.003640509708461012
0.0036891650036061712
0.003730865489943203
0.003765922005873482
0.0037947039711598764
0.0038176281402415527
0.0038351468933543985
0.0038477362926112642
0.0038558841302233767
0.0038600781920216333
0.003860794951491252
0.0038584888978603488
0.0038535826866416927
0.0038464582827341673
0.0038374492451158622
0.003826834278718355
0.0038148321537128053
0.003801598065642439
0.003787221482102053
0.0037717254935026112
0.0037550676573785257
0.003737142298199195
0.0037177841982204184
0.003696773590015451
0.003673842338386425
0.0036486811787605176
0.003620947861260531
0.0035902760346927225
0.003556284692944828
0.0035185879979029054
0.0034768052880825894
0.003430571080770534
0.003379544877563075
0.0033234205886868836
0.003261935400245685
0.0031948779203559395
0.003122095454758602
0.0030435002796220306
0.0029590747985400877
0.00286887549180295
0.002773035588471598
0.002671766415197756
0.0025653573996645565
0.0024541747305413275
0.002338658699516469
0.002219319773874483
0.0020967334698172736
0.0019715341169223924
0.0018444076224436098
0.0017160833602911643
0.0015873253232254602
0.0014589226878514903
0.001331679950255898
0.0012064067954824548
0.001083907866447198
0.0009649725973584691
0.0008503652732909687
0.0007408154713783469
0.0006370090302983774
0.0005395796835336608
0.0004491014785467897
0.0003660820887938978
0.00029095710872577133
0.00022408540392632095
0.00016574556966436052
0.00011613353174765896
7.536130403026898e-05
4.345689759429217e-05
2.036535785298276e-05
5.950887933383513e-06
0.0
2.225620954540838e-06
1.2272065433702965e-05
2.9720777434347158e-05
5.4096732387734015e-05
8.487538420374639e-05
0.00012149003678860572
0.00016333951683645338
0.0002097960242915353
0.0002602130387146834
0.00031393316376407583
0.0003702957979747324
0.00042864452781731595
0.0004883341484252321
0.0005487372281648572
0.0006092501451281983
0.0006692985363778402
0.000728342114085416
0.0007858788162893518
0.000841448273567864
0.0008946345861999098
0.0009450684191037118
0.0009924284337518028
0.0010364420871382348
0.0010768858375215138
0.0011135848049192688
0.001146411941056972
0.0011752867685779376
0.0012001737527484499
0.001221080370622274
0.001238054942682772
0.0012511842904167846
0.0012605912801855012
0.001266432309270646
0.0012688947842468986
0.0012681946350461715
0.0012645739004420113
0.0012582984124152677
0.0012496555981998407
0.0012389524099910877
0.0012265133835721734
0.0012126788187132068
0.0011978030663537618
0.0011822529005049347
0.0011664059466970867
0.0011506491338246062
0.0011353771325414677
0.001120990741053226
0.0011078951783095995
