0.002713168070696337
0.002676795362040429
0.002638736205105039
0.002599104530613219
0.0025580181528614895
0.0025155983939666926
0.0024719696973092026
0.0024272592315216727
0.0023815964864020763
0.0023351128621544506
0.0022879412533802525
0.002240215629257642
0.002192070611355215
0.0021436410505307132
0.002095061604364061
0.0020464663165676985
0.0019979881998056694
0.0019497588233363247
0.0019019079068718786
0.0018545629220215324
0.0018078487026535195
0.0017618870654754083
0.001716796442091444
0.0016726915237507546
0.001629682919951127
0.0015878768320099028
0.0015473747426566166
0.0015082731226414598
0.0014706631552897922
0.0014346304798659444
0.0014002549545397208
0.001367610439676612
0.0013367646020979924
0.0013077787408808162
0.001280707635187841
0.0012555994145394302
0.0012324954518569042
0.0012114302795254279
0.0011924315286419326
0.001175519891530796
0.0011607091075273317
0.0011480059719467754
0.0011374103680748203
0.0011289153219350085
0.0011225070795088466
0.0011181652060065993
0.001115862706710596
0.001115566168838902
0.0011172359238055484
0.0011208262291844818
0.001126285469618223
0.0011335563758491153
0.0011425762609912791
0.001153277273105123
0.001165586663083681
0.0011794270668114037
0.0011947168005113906
0.0012113701681566351
0.0012292977797847687
0.0012484068795241268
0.0012686016821118757
0.0012897837166624367
0.001311852176426665
0.001334704273269162
0.001358235595582796
0.00138234046835597
0.0014069123141093687
0.0014318440134248993
0.0014570282638001245
0.0014823579355767804
0.0015077264237117497
0.0015330279941831062
0.0015581581238524396
0.0015830138326374489
0.0016074940068856393
0.0016314997128807221
0.0016549344994577944
0.0016777046887514041
0.0016997196541519782
0.0017208920846006046
0.0017411382344095598
0.00176037815785609
0.0017785359278594695
0.001795539838116081
0.0018113225881339187
0.0018258214506762223
0.001838978421193645
0.0018507403488952215
0.001861059049180036
0.0018698913972237776
0.001877199402586864
0.0018829502647833823
0.0018871164098223368
0.0018896755078044354
0.0018906104717285358
0.001889909437731672
0.0018875657270550543
0.0018835777900952698
0.001877949132964883
0.0018706882270495483
0.0018618084021092371
0.0018513277235292322
0.001839268854381687
0.0018256589030108518
0.0018105292569041065
0.0017939154036567225
0.00177585673988051
0.0017563963689451257
0.0017355808884756687
0.0017134601685611164
0.001690087121655134
0.001665517465173641
0.0016398094778122907
0.0016130237506215212
0.0015852229338871365
0.0015564714808704784
0.0015268353894639678
0.0014963819428154214
0.0014651794499678508
0.0014332969875506852
0.001400804143543408
0.0013677707641137362
0.0013342667045095629
0.0013003615849573311
0.0012661245524890914
0.001231624049586699
0.0011969275904943238
0.0011621015460099703
0.001127210937523217
0.001092319241019985
0.0010574882017261665
0.0010227776600104635
0.0009882453891131337
0.0009539469452116749
0.0009199355302770679
0.0008862618681152563
0.000852974093928399
0.0008201176576691454
0.0007877352413993364
0.0007558666908019364
0.0007245489609324552
0.00069381607623328
0.0006636991047720463
0.0006342261466032361
0.0006054223360911165
0.0005773098579720784
0.0005499079768756443
0.0005232330799661552
0.0004972987323116672
0.0004721157445329948
0.0004476922522345483
0.00042403380666966773
0.0004011434760467285
0.00037902195683886265
0.0003576676944193759
0.0003370770123075513
0.00031724424927522427
0.00029816190353372627
0.00027982078319343183
0.00026221016216447854
0.0002453179406472488
0.00022913080934501171
0.00021363441651878613
0.00019881353699606312
0.00018465224224053448
0.0001711340705893155
0.00015824219676766288
0.00014595959979829933
0.00013426922843369016
0.00012315416325464688
0.0001125977745971942
0.00010258387549223584
9.309686882841305e-05
8.41218879780131e-05
7.564493015862312e-05
6.76529818391012e-05
6.013413553756044e-05
5.307769740085517e-05
4.647428499973227e-05
4.031591482081586e-05
3.459607898608679e-05
2.9309810781964394e-05
2.4453738633483063e-05
2.002612821412511e-05
1.602691243831548e-05
1.2457709141229902e-05
9.321826309161571e-06
6.624254782979975e-06
4.371648416930584e-06
2.572291734958621e-06
1.2360551865743313e-06
3.7433816383897894e-07
0.0
1.2727922848294014e-07
7.717014379956828e-07
1.9499761153139077e-06
3.679882921526611e-06
5.9801478999553515e-06
8.870310164432998e-06
1.2370579664815976e-05
1.650168667241417e-05
2.12847236711498e-05
2.6740980380627406e-05
3.289177267459895e-05
3.975826619249294e-05
4.73612954725608e-05
5.5721179462538475e-05
6.48575342875867e-05
7.478908417539107e-05
8.553347145459319e-05
9.710706655524117e-05
0.00010952477894842795
0.00012279986996681738
0.00013694376844829658
0.00015196589014138974
0.00016787346180358108
0.00018467135091198466
0.00020236190189025526
0.00022094477973608564
0.00024041682191010635
0.0002607718993198673
0.0002820007872015081
0.00030409104666724444
0.0003270269176486691
0.00035078922392457117
0.0003753552908773173
0.00040069887657436697
0.0004267901167209445
0.0004535954839769507
0.00048107776207560537
0.0005091960351235823
0.0005379056924027208
0.000567158448931777
0.0005969023819837065
0.0006270819836896016
0.0006576382297950283
0.0006885086645683255
0.0007196275017938576
0.000750925741716151
0.0007823313037341087
0.000813769174577713
0.0008451615716337365
0.000876428121021588
0.0009074860499563935
0.000938250392873499
0.000968634210727472
0.000998548822819271
0.0010279040504480017
0.0010566084716288455
0.0010845696860663262
0.0011116945895225775
0.001137889656673753
0.001163061231504356
0.001187115824249286
0.0012099604138571377
0.0012315027549154663
