0.005961380626473134
0.00586404858158966
0.005750627638498932
0.005622166228797473
0.005479846176028262
0.005324965287810262
0.005158918513996208
0.0049831779713990654
0.004799272152833727
0.004608764650203571
0.004413232727907831
0.004214246083833529
0.00401334613059794
0.003812026119592367
0.0036117124149083603
0.0034137472036584134
0.0032193729038780387
0.003029718501540716
0.002845788014732749
0.002668451246290084
0.002498436946818995
0.0023363284686798735
0.002182561948915392
0.002037427015981412
0.0019010699722317964
0.0017734993621544542
0.0016545937960778922
0.001544111861159327
0.0014417039165806108
0.0013469255386185878
0.0012592523541611494
0.0011780959787761362
0.0011028207579938118
0.001032760998334022
0.0009672383680025816
0.0009055791462075679
0.0008471310047161763
0.0007912790154984079
0.0007374605938998192
0.0006851791074715782
0.0006340159059926927
0.000583640557893467
0.000533819111702998
0.0004844202377023224
0.0004354191440191697
0.0003868992022557178
0.0003390512596716578
0.00029217065720594246
0.00024665201446108205
0.00020298188345004064
0.0001617294116949635
0.00012353519147966603
8.909850505051499e-05
5.916320474654707e-05
3.450249190115615e-05
1.5902878452474754e-05
4.147630171427545e-06
0.0
4.186564018392094e-06
1.738097095878256e-05
4.018840898595841e-05
7.313108080192216e-05
0.00011663496023138356
0.00017101808062992526
0.00023648057813706411
0.0003130966814634908
0.000400808805118346
0.0004994238653736808
0.0006086118985047816
0.0007279070196513798
0.0008567107187560019
0.0009942974482048828
0.001139822415775562
0.0012923314570213536
0.0014507728240055807
0.0016140106930074142
0.001780840163072767
0.001950003490630909
0.0021202072833196896
0.002290140359056117
0.0024584919645619773
0.002623970041218269
0.0027853192253903328
0.0029413382752498996
0.0030908966265307198
0.0032329497954022147
0.003366553367443895
0.0034908753371754213
0.0036052065922803802
0.0037089693700180695
0.0038017235497414454
0.0038831706842697637
0.003953155713397093
0.004011666344315988
0.004058830125446404
0.004094909281324751
0.004120293416079069
0.0041354902308682615
0.004141114435807561
0.00413787506869915
0.004126561460756787
0.004108028112948514
0.00408317876515452
0.004052949953708798
0.004018294360819065
0.003980164261694193
0.003939495371908948
0.003897191388661938
0.0038541095052961336
0.003811047159013074
0.0037687302474775863
0.0037278030214234607
0.003688819827956448
0.003652238843604229
0.003618417897939439
0.003587612448505084
0.0035599757265415023
0.0035355610314120756
0.0035143261104215026
0.0034961395206799303
0.0034807888315339934
0.003467990490572864
0.0034574011439897547
0.003448630173743348
0.0034412531900565113
0.003434826198768305
0.003428900149288929
0.0034230355606688387
0.0034168169207559216
0.003409866556646886
0.003401857683604059
0.003392526354163912
0.0033816820490638294
0.0033692166765139026
0.0033551117758036696
0.0033394437547362844
0.0033223870273254947
0.0033042149579087837
0.0032852985596042365
0.0032661029381091896
0.003247181515418207
0.003229168111325761
0.003212767002775929
0.0031987411214439328
0.003187898587628456
0.0031810778128899203
0.0031791314342346664
0.003182909368434156
0.0031932412957769714
0.0032109188977640195
0.0032366781826551365
0.00327118223614303
0.003315004731659978
0.0033686145259161364
0.00343236165033834
0.0035064649883459493
0.0035910019021931517
0.0036859000418518243
0.0037909315326258852
0.003905709698481483
0.004029688435124878
0.004162164301402193
0.004302281350420627
0.004449038673724681
0.004601300583747725
0.004757809312450921
0.004917200058399301
0.005078018171327513
0.00523873822329363
0.005397784679535658
0.005553553850792701
0.0057044367827138
0.005848842717547659
0.005985222748982803
0.0061120932830830465
0.0062280589169194135
0.0063318343518054335
0.0064222649699504095
0.006498345721691882
0.006559237994978751
0.006604284169066155
0.006633019589965974
0.006645181745492031
0.0066407164620831665
0.006619780993241673
0.0065827439195921805
0.006530181832402521
0.006462872825036439
0.0063817868693355935
0.00628807320545993
0.006183044923370219
0.006068160961064043
0.005945005788068227
0.005815267081799219
0.00568071173854994
0.005543160589453384
0.005404462214309371
0.005266466262243195
0.005130996697505411
0.004999825391146852
0.004874646474756754
0.004757051860997074
0.004648508317485395
0.004550336455967127
0.00446369196808216
0.004389549402881524
0.004328688740188877
0.004281684968618795
0.004248900828318377
0.004230482827110405
0.004226360585549574
0.004236249512352758
0.0042596567576397145
0.004295890338330433
0.004344071278782139
0.004403148561172957
0.004471916635064615
0.0045490351947566916
0.0046330508971598565
0.004722420662560374
0.004815536176322777
0.0049107491916785834
0.00500639722256184
0.005100829211148825
0.0051924307573923524
0.005279648507345695
0.005361013313265358
0.00543516180106938
0.005500856009304749
0.005557000797838013
0.00560265876343
0.005637062442509323
0.005659623628070604
0.0056699396768870695
0.005667796734294362
0.005653169855797148
0.005626220056783485
0.005587288372817869
0.005536887062453886
0.005475688131426652
0.005404509400665444
0.005324298380080734
0.0052361142448730455
0.005141108240613489
0.005040502867080446
0.004935570208429123
0.004827609788452523
0.004717926334308228
0.004607807830093653
0.00449850423312517
0.00439120721089959
0.004287031235782798
0.004186996347878043
0.0040920128647678276
0.004002868280478978
0.003920216555746381
