0.0016119713247066778
0.001638547128465126
0.0016625418939403625
0.0016839402827492737
0.0017027335511393814
0.0017189195740280223
0.0017325028482488426
0.0017434944749294744
0.001751912120996361
0.0017577799598750396
0.0017611285915265448
0.0017619949420326516
0.0017604221430142471
0.0017564593912378342
0.001750161788834907
0.0017415901646273232
0.0017308108771186262
0.0017178955997763333
0.0017029210892932005
0.0016859689375761902
0.0016671253082701125
0.0016464806586784196
0.0016241294479962128
0.0016001698328200157
0.0015747033509450172
0.0015478345945031853
0.0015196708735347006
0.0014903218711204158
0.0014598992912343812
0.0014285165005027713
0.0013962881650786613
0.0013633298838610225
0.0013297578193008472
0.0012956883270475112
0.0012612375856942328
0.001226521227882797
0.0011916539740245346
0.001156749269886911
0.0011219189292830032
0.0010872727830846451
0.0010529183357591598
0.001018960430604467
0.0009855009248279933
0.000952638375581348
0.0009204677380252782
0.0008890800764580891
0.0008585622894956731
0.0008289968502426784
0.0008004615623423384
0.0007730293327372682
0.0007467679619152779
0.0007217399523532258
0.0006980023358082495
0.000675606520039717
0.0006545981554770596
0.0006350170222786094
0.0006168969381548529
0.0006002656872564335
0.0005851449703530197
0.0005715503764540781
0.0005594913759469346
0.0005489713352515109
0.0005399875529151029
0.000532531316994748
0.0005265879834994491
0.0005221370755899577
0.0005191524031603569
0.0005176022023534728
0.0005174492944915412
0.000518651263834743
0.0005211606535135044
0.0005249251789160308
0.0005298879577506818
0.000535987755943686
0.0005431592484765817
0.0005513332942148365
0.000560437223729548
0.0005703951390681438
0.0005811282243877281
0.0005925550663263455
0.0006045919829530719
0.0006171533601076201
0.0006301519939141988
0.0006434994382327529
0.0006571063557935251
0.000670882871748219
0.0006847389283628703
0.0006985846395739865
0.0007123306441305141
0.0007258884560497799
0.0007391708111257254
0.0007520920082424205
0.0007645682442649983
0.0007765179413037214
0.0007878620651747606
0.00079852443391337
0.0008084320152313463
0.0008175152118508342
0.0008257081336905503
0.0008329488559281613
0.0008391796620137375
0.0008443472707636745
0.0008484030467220783
0.0008513031930371164
0.000853008926163023
0.00085348663176411
0.0008527080012649937
0.0008506501485611145
0.0008472957064751856
0.0008426329026182553
0.0008366556143882994
0.0008293634029144409
0.0008207615258307145
0.000810860928839519
0.0007996782161012312
0.0007872355995626132
0.0007735608274123725
0.0007586870919272508
0.000742652917046038
0.0007255020260816848
0.0007072831900529646
0.0006880500571866126
0.0006678609642083516
0.0006467787301064393
0.0006248704331140611
0.0006022071717169146
0.0005788638105493635
0.0005549187120964754
0.0005304534551698323
0.000505552541172043
0.00048030308920833165
0.00045479452114305775
0.000429118237734634
0.00040336728701377393
0.00037763602609723395
0.0003520197776521982
0.00032661448224498594
0.00030151634782188636
0.00027682149757953455
0.0002526256174873295
0.0002290236047249315
0.00020610921829387888
0.000183974733053849
0.00016271059842106977
0.00014240510294894737
0.0001231440459891823
0.00010501041760552622
8.808408788206086e-05
7.244150673355358e-05
5.8155415287105405e-05
4.529456986225689e-05
3.392347953095132e-05
2.410215818957981e-05
1.5885892022789036e-05
9.325023183171769e-06
4.464750452456935e-06
1.3449475886583842e-06
0.0
4.5866032062925866e-07
2.743923395303211e-06
6.872921110668125e-06
1.2856837439775268e-05
2.0700843994183774e-05
3.0404056304873757e-05
4.195951097925665e-05
5.5354163807299646e-05
7.056890881534941e-05
8.75786181918745e-05
0.00010635220293543702
0.00012685269400190707
0.00014903734365558473
0.0001728577466576709
0.0001982599808558575
0.00022518476667062254
0.0002535676449078326
0.0002833391722631321
0.0003144251338221455
0.00034674677180145813
0.00038022102971926864
0.000414760811131392
0.0004502752520184575
0.0004866700058635007
0.0005238475404162189
0.0005617074451007473
0.0006001467479884288
0.0006390602412253659
0.000678340813777111
0.000717879790329478
0.0007575672751652623
0.0007972924998218129
0.0008369441733238204
0.0008764108337794783
0.00091558120012632
0.0009543445228155052
0.000992590932230229
0.0010302117836449882
0.001067099997547863
0.0011031503941675493
0.0011382600210704979
0.0011723284727212333
0.0012052582009304455
0.001236954815150793
0.0012673273716193381
0.001296288650387871
0.0013237554193282384
0.001349648684248612
0.001373893924308403
0.001396421311974222
0.001417165916816319
0.0014360678925043886
0.0014530726464232232
0.001468130991392079
0.0014811992790367055
0.0014922395144294231
0.0015012194516802549
0.0015081126702305952
0.0015128986316700467
0.001515562716966579
0.0015160962440697982
0.0015144964659167095
0.00151076654893841
0.0015049155322347852
0.001496958267651809
0.0014869153410627127
0.0014748129752192609
0.0014606829146031374
0.0014445622927689798
0.0014264934827304637
0.0014065239309981146
0.0013847059759326198
0.0013610966511296459
0.0013357574746016892
0.0013087542245689354
0.0012801567027144588
0.0012500384857989913
0.0012184766665671606
0.0011855515849099562
0.0011513465502775663
0.001115947556362206
0.0010794429890922537
0.001041923328996799
0.0010034808490134673
0.000964209308822239
0.0009242036467937462
0.0008835596706423087
0.0008423737478717287
0.0008007424970956517
0.0007587624813041462
0.0007165299041340685
0.0006741403101829384
0.0006316882903844765
0.0005892671934386392
0.0005469688442603128
0.0005048832703786197
0.00046309843718335853
0.0004216999928766006
