0.00359270896490327
0.0032333043725493436
0.0030707428073945575
0.0030961254031317887
0.003271779133076563
0.00353893513213388
0.0038286789548184668
0.0040742213643613955
0.0042223364542894075
0.004241998532015549
0.004128784525667262
0.003904394437692548
0.0036115324210686623
0.0033052207755421277
0.003042236367473106
0.002870652482921949
0.0028213895007167663
0.002903246315731027
0.003102188630724233
0.0033848465542442017
0.0037053813946883226
0.004014270956391267
0.00426724773023922
0.004432660103985026
0.004495899239300455
0.0044601642257566
0.004343596776680713
0.00417355158292773
0.003979333420738638
0.0037850163409069507
0.0036039097613311047
0.0034358643353450415
0.003267994692791365
0.003078662808937884
0.0028438644426031752
0.0025446348209453916
0.0021738463985933893
0.0017408621965944874
0.0012729169797707383
0.0008127453636281468
0.000412732591527412
0.00012657908194940726
0.0
6.221803763440358e-05
0.00031990083568550487
0.0007547614639938534
0.0013253632663630978
0.0019728801350556036
0.0026298139614425848
0.003230109413716508
0.0037188428404926746
0.004059749296342385
0.00423927302306586
0.0042665001209956695
0.004169125880560056
0.003986367796458538
0.003760309951666011
0.0035274426714878445
0.0033120889301066917
0.0031230009182936615
0.0029537477268460756
0.002786729912099104
0.002599904921086051
0.002374738839000028
0.002103628738088479
0.0017951217468572022
0.0014756780484991034
0.0011874046569198904
0.000981993054555816
0.0009118691371480057
0.001020156145938254
0.0013313430612557874
0.0018444827760904182
0.0025303261413585727
0.003333106984761882
0.00417685914058032
0.004975326300588667
0.005643872941565182
0.00611144095103335
0.006330587547147736
0.0062839837777903616
0.005986380988795022
0.005481844466281754
0.004836859815929171
0.004130589999740162
0.0034439798603618076
0.0028495023583312625
0.0024031117738506
0.002139471357821077
0.002070863351202201
0.002189501895558328
0.0024723878338797937
0.0028874756783173225
0.003399826773088805
0.003976600873975191
0.004590136771166695
0.0052188937170130735
0.005846550088563341
0.006459968589564613
0.007046951213703951
0.007594681144156393
0.008089495930450982
0.008518220488296079
0.008870809907276702
0.009143625300328253
0.009342394869020764
0.00948386729214358
0.009595366320276476
0.009711869991173782
0.009870782310373267
0.010105124567189837
0.010436324298670894
0.010868016558125977
0.011382229486179047
0.01193899477402287
0.012479853564102484
0.012935021077099297
0.013233262573879512
0.013312959312746096
0.01313252455145907
0.012678339172459627
0.011968725515763647
0.011053112557916757
0.010006355483579145
0.008919011710098025
0.007885088820467543
0.006989234049718443
0.00629544336683715
0.005839108227879779
0.0056236359739666245
0.005622082178263839
0.005783366800644646
0.006041869902522395
0.00632865806694928
0.006582375987247088
0.0067579825473348485
0.0068319820412510845
0.006803502615923241
0.00669136716511823
0.006528033518275189
0.006351812653843941
0.006199009306281419
0.006097532137183295
0.006063120242182554
0.006098718246531927
0.006196833671657277
0.006344072285198932
0.00652659993458749
0.006735112584866728
0.006968041381708222
0.007232143733391903
0.00754024444789528
0.007906563615015232
0.008340658032135868
0.008841384245086008
0.009392378942421639
0.009960320702425444
0.010496724888041892
0.010943327420781803
0.0112403689452031
0.011336446893033675
0.01119819107164117
0.010817927917020756
0.010217758082141148
0.009449043118230773
0.00858708062212607
0.007721601968905486
0.00694449526725977
0.006336694722313329
0.005956383140149171
0.005830484033513758
0.005950899265802892
0.0062761668062482085
0.006738307781567345
0.007253761732143109
0.007736626247140711
0.008112040194392848
0.008327541693778267
0.008360590238114914
0.008221100219689493
0.007948672797948583
0.007605087725538454
0.00726337723799814
0.006995325157730117
0.006859435873130367
0.00689127730274228
0.0070976560641582385
0.007455418887872535
0.007914911774153488
0.008407397864883582
0.008855154229450928
0.009182622293588228
0.009326917170060216
0.009246199617090138
0.008924828913392953
0.008374762327371131
0.0076332492891344845
0.006757391581088112
0.00581652983653012
0.004883626375708092
0.004026834167226635
0.0033022925846648327
0.002748917717914566
0.0023856161405027615
0.0022110048464768243
0.002205415649180186
0.0023347324810222706
0.002555468890718075
0.002820437954727193
0.003084383375164137
0.0033090089925866223
0.0034669453673174325
0.0035443125727696186
0.0035416704839480186
0.0034732893622307004
0.003364823891144742
0.0032496300195926893
0.003164117159594562
0.0031426623539957616
0.003212706014238454
0.0033906770548759245
0.0036793393590977487
0.0040670028956772564
0.004528808744652852
0.005030003114531547
0.005530802787939633
0.005992175380207482
0.0063816656557607486
0.006678337722892462
0.006875996368378905
0.0069840964109839435
0.007026114857284989
0.007035589182013355
0.007050441856728577
0.00710653845757628
0.007231597962137177
0.007440548217551402
0.00773319113416015
0.008094643506585418
0.00849851747907392
0.008912289847738931
0.009303878884221555
0.009648186813949272
0.009932332295966625
0.010158505839028279
0.010343801621321022
0.010516939171864798
0.010712385655414798
0.010962910909990879
0.01129195027153444
0.011707242716527046
0.012197027829315154
0.012729650710029369
0.013256814208280959
0.013720043684986572
0.014059317264113145
