0.004378914715003224
0.004316831962365953
0.004248444552308898
0.004174796506051842
0.00409698887335589
0.004016162377347881
0.003933479497167518
0.003850106274796525
0.003767194137919537
0.003685862031319274
0.0036071791450812875
0.00353214851881772
0.0034616917873396993
0.0033966353149209754
0.0033376979427865456
0.00328548054808936
0.003240457582834352
0.0032029707284623255
0.0031732247666605585
0.0031512857300107257
0.003137081357940729
0.003130403844761944
0.003130914828006831
0.003138152527494503
0.0031515409091945825
0.003170400713661546
0.00319396215716957
0.00322137908524491
0.003251744333569796
0.0032841060306570196
0.003317484560636434
0.0033508898932453693
0.003383338981884115
0.003413872929508629
0.003441573626220242
0.0034655795716212767
0.0034851006091919535
0.003499431318876412
0.003507962837429357
0.0035101929034768364
0.0035057339552201088
0.003494319142732024
0.0034758061532770643
0.0034501787864008593
0.003417546255019851
0.003378140228711665
0.00333230967516542
0.0032805135946041954
0.003223311779257688
0.0031613537649863755
0.003095366174320251
0.0030261386789051095
0.0029545088341347107
0.002881346059143004
0.002807535050967098
0.0027339589322812295
0.002661482437444334
0.002590935441590011
0.0025230971321019233
0.002458681111138628
0.002398321702070493
0.0023425617120295126
0.002291841877597733
0.002246492191399311
0.0022067252745152175
0.0021726319237731625
0.0021441789246975495
0.0021212091808986973
0.002103444169632671
0.0020904886918891377
0.0020818378443885235
0.0020768861010107033
0.002074938353137355
0.0020752227228409965
0.00207690493042644
0.0020791039691026234
0.0020809088150497753
0.002081395881291393
0.0020796469089454863
0.002074766979891422
0.002065902330831903
0.002052257650244106
0.0020331125467922106
0.0020078368903115994
0.001975904744272932
0.0019369066314008033
0.0018905599014775664
0.0018367170018485429
0.001775371486227631
0.0017066616354856198
0.0016308716045374488
0.0015484300515367846
0.0014599062486137348
0.0013660037166141692
0.0012675514689709066
0.0011654929912209592
0.0010608731220621268
0.0009548230385333124
0.0008485435812679203
0.00074328718522693
0.0006403387063525928
0.0005409954547559671
0.0004465467600052041
0.00035825340355040815
0.00027732725713265106
0.00020491146410439977
0.0001420614929602041
8.972737916205674e-05
4.8737452762063604e-05
1.978382568689277e-05
3.4098842522567105e-06
0.0
9.771635845740208e-06
3.276998540454766e-05
6.886524189081379e-05
0.00011775254987125231
0.00017895464912055575
0.00025182717563574644
0.00033556654125933925
0.0004292202710828722
0.0005316996375686156
0.0006417943928191221
0.000758189366275392
0.0008794826649095432
0.0010042051872038735
0.001130841141304012
0.0012578492420448934
0.0013836842513289464
0.0015068185217462877
0.001625763204430274
0.0017390887889025513
0.0018454446549486124
0.0019435773341496528
0.002032347201262526
0.002110743342783933
0.0021778963812777866
0.002233089068836976
0.0022757645007840505
0.002305531840732788
0.0023221694897403175
0.0023256256747588287
0.0023160164742161296
0.00229362134058524
0.0022588762205281
0.0022123644119265143
0.0021548053331913166
0.0020870414130648813
0.002010023338157524
0.0019247939202100056
0.0018324708651527694
0.001734228741123168
0.001631280452477485
0.0015248585313616205
0.001416196557542118
0.001306511011003168
0.0011969838504327336
0.0010887460943900177
0.0009828626609909939
0.0008803186967710906
0.0007820075964598968
0.0006887208832693219
0.0006011400845459377
0.0005198307009041041
0.0004452383289037462
0.0003776869586501457
0.00031737942906347877
0.0002643999856791184
0.0002187188493636455
0.00018019866990498686
0.0001486027066555395
0.00012360454982133368
0.00010479917108385112
9.171507143073158e-05
8.382727769750678e-05
8.057092764284391e-05
8.13551765667382e-05
8.55771566173856e-05
9.263572301132896e-05
0.00010194472931634221
0.00011294558653359614
0.00012511887769780204
0.000137994820745634
0.00015116239706634534
0.00016427699096330977
0.00017706641568520677
0.0001893352341500905
0.0002009673163700593
0.00021192661025108738
0.00022225613724356037
0.0002320752586064379
0.00024157529118701065
0.0002510135829980613
0.000260706187919766
0.00027101930503472225
0.00028235967094707506
0.00029516411252955045
0.00030988848254581876
0.0003269962112470207
0.00034694671315964754
0.000370183889770333
0.0003971249656618942
0.0004281498879395143
0.0004635915066673311
0.0005037267377554651
0.0005487688896148402
0.0005988613113211234
0.0006540724934531381
0.0007143927237029516
0.0007797323683481185
0.0008499218183203386
0.0009247131055120377
0.0010037831617601108
0.00108673866026158
0.0011731223476278744
0.0012624207449691645
0.0013540730688820916
0.0014474811985150228
0.0015420204934743233
0.0016370512496210613
0.0017319305661310652
0.001826024387817176
0.001918719481827699
0.002009435107541969
0.00209763414280155
0.002182833438476488
0.0022646131866195006
0.0023426251048745397
0.002416599261070136
0.00248634938666138
0.002551776555441071
0.002612871134217707
0.002669712944406028
0.002722469607105739
0.002771393078641735
0.002816814418073571
0.0028591368622171032
0.002898827316629895
0.0029364064021832
0.0029724372256972713
0.003007513069112889
0.0030422442143193374
0.0030772441396264873
0.0031131153385902475
0.0031504350221851414
0.003189740970951838
0.003231517804600814
0.0032761839325807104
0.00332407944036262
0.0033754551527759406
0.0034304630978679368
0.0034891485727378637
0.003551443986982649
0.0036171646302183926
0.0036860064781051743
0.003757546116949114
0.0038312428308753515
