0.0030352948470788485
0.0031470724510092745
0.0032825522338078266
0.003418482673635184
0.00353764734224412
0.0036299592072647118
0.0036923456724862478
0.0037275704704609037
0.0037422823388950288
0.0037446769129313457
0.0037421957226005183
0.0037396603596866547
0.0037381547425461843
0.0037348360312430993
0.0037236941971187454
0.0036971154466269047
0.0036479613029651685
0.003571776829899337
0.00346870603483458
0.0033447284632172405
0.0032119355178077276
0.003087723370650494
0.002992966520778281
0.002949420531863901
0.002976751293160734
0.003089672801653244
0.0032956775194812452
0.0035937585130962207
0.003974362383371226
0.004420602669820997
0.004910541742515361
0.005420156109968264
0.005926473001114051
0.006410331531526817
0.006858289596030151
0.007263358272966156
0.0076244708894308896
0.00794484199482198
0.008229594071419766
0.008483181641856024
0.008707190455572118
0.008899019956408587
0.009051779598657075
0.009155475417162329
0.00919928120732082
0.00917443543491966
0.009077134324628177
0.008910743297566618
0.008686740218283065
0.008424024661684999
0.008146540818828048
0.007879510171135848
0.007644885727544688
0.0074568570292143435
0.007318304471423429
0.007218999177042008
0.007136079278617587
0.0070369457841466445
0.006884277839985598
0.0066424490732904665
0.00628431415538214
0.005797192238252954
0.0051869371216977725
0.00447925180207976
0.0037178383279923115
0.0029595014126952085
0.0022668547855323315
0.0016997177785442398
0.0013065547266398112
0.0011173489292822837
0.0011391029558560758
0.0013547473068969598
0.0017256872765722818
0.0021976172355691985
0.002708686363038665
0.003198705364890646
0.003617909364728777
0.003933868952576553
0.004135456221483028
0.004233270607228876
0.00425652364769394
0.004246969282709892
0.004250946103111145
0.004310889234780621
0.004457725737777872
0.004705383887145363
0.005048260826127159
0.005461976602211312
0.005907188069502881
0.0063357398836543085
0.006698074643044959
0.0069506651596463135
0.007062287311193929
0.007018201967340156
0.006821705975585787
0.006492969947291584
0.006065521975631337
0.0055810866966152645
0.005083694479413299
0.004614011665591348
0.004204717312937003
0.0038775008483253586
0.0036419340329897254
0.0034961430682258045
0.003428931085693779
0.00342282071976561
0.003457421605068639
0.003512574840352047
0.0035708608938971338
0.0036192402751441476
0.0036497842018265426
0.0036596071671390583
0.003650209250617862
0.0036264647326454307
0.0035954636601488285
0.003565346258085442
0.0035441947344455474
0.0035389899115998154
0.003554619523420503
0.003592946031463257
0.0036519951792768172
0.003725391260167467
0.003802214311994648
0.0038674628105998398
0.0039032565059236605
0.00389080587899994
0.003813021946493302
0.0036574721809425653
0.003419243567627559
0.003103191362956917
0.0027250624112497043
0.0023110986363889937
0.001895941513369941
0.0015189415527727798
0.0012192796288650635
0.0010305713329220232
0.0009757951224228347
0.0010634170046424005
0.0012854592671308531
0.0016179878193464995
0.0020241108264165563
0.0024591530293388833
0.0028772711346458564
0.003238480985401502
0.0035149369919220954
0.003695371476494491
0.003786864507512429
0.0038135359284669317
0.0038122627078578963
0.003826039528570483
0.003896028061277686
0.004053602665165291
0.004313746508234311
0.004670968401239826
0.00509852323947816
0.005551190200638852
0.005971280607658295
0.006297009693944823
0.0064719644868261065
0.0064542018036931135
0.006223549324722814
0.005785951910683024
0.005174159072238647
0.004444611721565923
0.003670964234189849
0.002935178052301917
0.0023174675378116886
0.0018865175688582202
0.001691310984330354
0.0017556243886462652
0.0020758260833640824
0.0026221136415567566
0.0033428416691347364
0.004171186634155546
0.005033130745717866
0.005855649825313527
0.006574061027641985
0.0071376987881305864
0.007513395598887621
0.007686592261130594
0.007660234541660874
0.007451883414120149
0.007089643647429915
0.006607588098455644
0.006041327802558109
0.0054242696107816525
0.004784940599134469
0.00414557093957775
0.0035219408446696206
0.002924333153930009
0.002359304660304355
0.0018319035474833492
0.0013479198961025794
0.0009157610976547655
0.0005475929704151388
0.0002594782525308578
7.03729379271695e-05
0.0
6.579641226157722e-05
0.0002793037276333835
0.0006425199694138684
0.0011448236011797844
0.0017610931739833347
0.002451560915767957
0.0031637504963843463
0.003836571561152602
0.004406308370171489
0.004813895412489776
0.005012577581546499
0.004974865190771812
0.004697662719362737
0.0042046010565240256
0.0035449329500448026
0.0027888244121759436
0.0020194251114105007
0.0013226413935150479
0.0007759725444846156
0.0004380198160883588
0.00034028014949618853
0.0004825729631453557
0.0008329449745550881
0.0013322252843869032
0.0019026659769186595
0.0024594252215109262
0.002923149863951039
0.0032316871333774155
0.0033490510980012742
0.0032701846746177915
0.003020731433595188
0.0026518541667475003
0.0022309699831612436
0.0018299692180385406
0.0015129223252856594
0.0013253731513667532
0.0012870459648667083
0.0013891998133745832
0.0015970485190164242
0.0018567708651293703
0.0021058225711296937
0.002284676302227803
0.0023478654305123595
0.002272338949325057
0.002061626947406833
0.0017450804303616029
0.0013723475984347186
0.0010041171430960915
0.0007008386326034085
0.0005114957647748483
0.00046449288337199615
0.000562321699051667
0.0007809766146315632
0.0010742129481020209
0.0013818546443915324
0.0016406209499746965
0.0017954906891200235
0.0018095400809285545
