0.003897349062667376
0.004059638912328055
0.004227304303622861
0.004399076937707349
0.004573594986924205
0.004749419789201177
0.004925054069900708
0.00509896141827125
0.005269586721113811
0.005435377236569679
0.0055948039764435655
0.0057463830564995185
0.005888696670909585
0.006020413349604051
0.006140307165672523
0.006247275574101301
0.006340355582807212
0.006418737981846792
0.006481779386453843
0.006529011883712455
0.00656015011065143
0.006575095632724093
0.006573938535329746
0.0065569561865058
0.006524609175404044
0.006477534477869102
0.006416535946561594
0.0063425722678181135
0.006256742570038925
0.006160269908099316
0.00605448288439485
0.005940795699015532
0.005820686948630306
0.005695677515462605
0.0055673079038499156
0.005437115392002385
0.005306611370505977
0.00517725923675972
0.005050453205907519
0.004927498384044705
0.004809592428776916
0.0046978090959164205
0.004593083939649076
0.004496202397415294
0.004407790450624608
0.004328308008841744
0.004258045118979264
0.0041971210530929335
0.00414548627942039
0.0041029272721718555
0.004069074067119468
0.004043410423077086
0.004025286404729135
0.004013933160732172
0.0040084796333018195
0.004007970902272294
0.004011387838462019
0.0040176677185966275
0.0040257254374351185
0.004034474942418591
0.004042850512308169
0.004049827503983041
0.0040544422007996565
0.004055810411526136
0.004053144490606425
0.004045768478015222
0.004033131089774345
0.004014816327757903
0.003990551519077662
0.00396021264039833
0.00392382683021177
0.0038815720415779176
0.0038337738382642813
0.003780899387711771
0.0037235487539458547
0.003662443641573281
0.0035984137875176157
0.003532381239354334
0.0034653427972662757
0.0033983509300790555
0.0033324935039597144
0.003268872684667228
0.0032085833903263096
0.003152691681259154
0.0031022134762676993
0.003058093980841934
0.0030211882021244237
0.0029922429082510013
0.0029718803661894417
0.002960584162797842
0.0029586873790116365
0.0029663633474258278
0.002983619179735295
0.0030102922032722245
0.003046049396037818
0.0030903898580143217
0.003142650304044468
0.003202013511077269
0.003267519601002241
0.003338079990515552
0.003412493792339664
0.003489466408466772
0.0035676300166735133
0.0036455656170455005
0.0037218262762597014
0.003794961184410929
0.003863540122645061
0.003926177930076237
0.003981558555604126
0.004028458284379395
0.0040657677397404985
0.004092512279295151
0.0041078704281624035
0.0041111900228326635
0.004102001775146503
0.004080030006946015
0.004045200351337693
0.00399764426547149
0.003937700251475037
0.003865911735824759
0.0037830216120952917
0.0036899635067945856
0.003587849881953099
0.0034779571403924293
0.0033617079492814046
0.003240651043869279
0.0031164388153956148
0.0029908030244149538
0.0028655290125230047
0.002742428811202964
0.0026233135658003297
0.002509965705163853
0.0024041112930536426
0.002307392995926055
0.0022213440931862895
0.002147363940598861
0.0020866952755210057
0.0020404037243427994
0.0020093598384502047
0.0019942239457384665
0.0019954340608426884
0.0020131970495433486
0.002047483192031136
0.0020980242367104446
0.0021643149818498467
0.00224561836753635
0.0023409740059478013
0.0024492100248032483
0.002568958047838193
0.002698671088095201
0.0028366440854816514
0.0029810367801224283
0.003129898578146355
0.0032811950372249894
0.003432835575870827
0.003582701993536483
0.003728677378169588
0.003868674974191323
0.004000666586892157
0.004122710108877426
0.0042329757702418425
0.004329770736296757
0.004411561704509609
0.004476995185345675
0.004524915189350094
0.0045543780844261375
0.004564664432147172
0.004555287659331866
0.004525999470228329
0.004476791954687024
0.004407896397841119
0.004319778846251669
0.004213132533428643
0.004088867313356679
0.003948096293431551
0.003792119897401949
0.003622407623931231
0.0034405777967411733
0.0032483756275548774
0.0030476499328890064
0.002840328859920303
0.002628394985030609
0.002413860151177028
0.0021987404069976537
0.001985031401700134
0.001774684575534747
0.0015695844663546404
0.0013715274288216388
0.0011822020347065517
0.0010031713909977018
0.0008358575777632918
0.000681528370543832
0.0005412863731413592
0.00041606064670080423
0.00030660088062780134
0.0002134741108337137
0.00013706395169908
7.757227062979172e-05
3.502319873424078e-05
9.269338512315952e-06
0.0
6.7512709708461745e-06
2.8917704902188968e-05
6.576539273700456e-05
0.00011644617120024374
0.00018001271166850083
0.0002554342293694246
0.0003416125529480305
0.0004373982990480618
0.0005416069053121413
0.0006530342878290256
0.0007704719052135742
0.0008927210308022279
0.0010186060564459443
0.0011469866756073752
0.001276768819414742
0.0014069142464697257
0.0015364487150190584
0.0016644686940507215
0.0017901465974480128
0.001912734552031469
0.002031566735673191
0.0021460603452503756
0.0022557152756323374
0.002360112609834113
0.002458912036644445
0.002551848325231567
0.0026387269962940716
0.0027194193361702616
0.0027938569039255377
0.002862025681846574
0.002923960017088295
0.002979736496608059
0.003029467889199411
0.003073297277671626
0.003111392491320468
0.0031439409341448244
0.0031711448881561687
0.003193217353995357
0.0032103784733186263
0.0032228525594490687
0.003230865745013388
0.003234644238085529
0.0032344131621062566
0.003230395939880972
0.0032228141685814314
0.0032118879211548886
0.003197836400095534
0.0031808788623272624
0.0031612357291011636
0.0031391297923897233
0.0031147874292707964
0.0030884397381939223
0.003060323515711614
0.003030681999091988
0.002999765309013528
