0.0037431620014064513
0.0034294829759380953
0.003101650349206872
0.002795055682925036
0.0025474440567277
0.002393305713981711
0.0023582372362549063
0.002454270020315137
0.002677055927277601
0.0030055174501221376
0.0034041593374727905
0.0038277736690118997
0.004227837166303755
0.00455958065258114
0.004788568806754596
0.0048956939963898305
0.004879752408526314
0.004757187436789346
0.004559078410224761
0.004325931199261241
0.004101202175202765
0.003924688929420081
0.003826913367279058
0.0038254085269853696
0.003923442361807267
0.004111243526276041
0.004369326486519732
0.004673135772240111
0.0049980133504898714
0.005323478203764348
0.00563599278361454
0.005929737170437021
0.0062053471621570135
0.006467008609350776
0.006718649002447484
0.006960158418478236
0.007184567139919233
0.007376907728444995
0.007515135461453588
0.00757304438581512
0.007524685290568912
0.00734945438744628
0.007036846877423649
0.00658989512147873
0.006026534296658047
0.0053785172261567515
0.00468796125873929
0.004002063482013393
0.0033668769255518136
0.002821229039684115
0.002391846513455538
0.0020905295362039014
0.0019138359640358629
0.0018452653535604617
0.0018594656444114125
0.0019276120704149573
0.0020229010344869
0.0021251011019152717
0.002223308570296725
0.00231642567466389
0.0024113425405518766
0.002519268657777276
0.0026510348039903917
0.0028123983872444846
0.0030003922905954324
0.003201557555246637
0.0033925318739964558
0.0035429998084707866
0.003620536715671115
0.0035964879363481394
0.0034517932202178625
0.0031816386588293995
0.002798000842653035
0.0023295071837333083
0.0018185059960804375
0.0013157335202429346
0.0008733924838159862
0.0005377411154857828
0.0003423831970009953
0.00030333509945195975
0.00041664875792915817
0.0006589463053520385
0.0009907495959190506
0.0013620491373043447
0.0017192257044197942
0.002012265434481703
0.002201216173815472
0.002261007178290278
0.002184055275358829
0.0019804482936551563
0.0016758640640316914
0.0013076896734614692
0.0009200067774665999
0.0005581840397443534
0.0002637716646179669
7.02515672050619e-05
0.0
6.261164136434592e-05
0.0002545539747170972
0.000559993919964261
0.0009525738429418829
0.0013979034150979376
0.001856557198653185
0.002287399860611744
0.0026510786708880394
0.0029135127888554758
0.00304917043753045
0.0030438716132620753
0.0028968087421697786
0.0026214675330006165
0.0022451778134677494
0.0018071404749584069
0.001354956486476547
0.0009399044359504763
0.0006114369766578951
0.0004115491901841234
0.00036977041414314876
0.0004995144182694516
0.0007963796048741393
0.0012387339699414736
0.0017905853731695759
0.002406380841530818
0.0030370621958451124
0.0036364886209582187
0.004167263638837592
0.004605092975875053
0.004941039882090131
0.005181395572998802
0.005345282636816206
0.005460485941259975
0.005558289580333999
0.005668237424632297
0.0058137039927695375
0.006008969406139777
0.006258176322836577
0.006556171078624777
0.006890870380369982
0.007246519973693575
0.0076070761474950725
0.007958969501749194
0.00829269407111812
0.008602962611603556
0.008887515888610498
0.009144995072451832
0.009372512042942961
0.009563632696939758
0.009707404114277644
0.009788823701979314
0.009790815552974529
0.009697417209413726
0.009497567814430626
0.009188696686960077
0.008779286334897564
0.008289738242452705
0.007751177994383825
0.007202239420228124
0.0066842842717819845
0.006235857483542216
0.005887373506126447
0.00565702993650669
0.005548742872582338
0.005552527919235682
0.005647281377495177
0.005805440391619986
0.005998615643520529
0.006203077134791759
0.006403981687983069
0.006597465444977753
0.006790145221757507
0.006996099313033181
0.007231927321746222
0.007510912158082698
0.007837535805699174
0.008203580724463129
0.008586776229106828
0.00895247003990751
0.009258208644527217
0.009460511705168937
0.009522645051044196
0.009421933608596781
0.009155169554868683
0.008740968541148515
0.008218458749643278
0.007642357089356624
0.007075167758420519
0.006577799090580583
0.006200223839205991
0.005973837243644049
0.005906884704506625
0.00598378527982482
0.006168468956119138
0.006411108269620689
0.006656999372811563
0.006855955138013082
0.006970490573153524
0.006981326393448659
0.006889264073106197
0.006713193752003061
0.006484747582710634
0.006240758623437711
0.00601510172594385
0.005831595226572568
0.00569940927941736
0.0056119033250001706
0.0055491044878405475
0.005483281916396388
0.005386421110640839
0.005237989552869421
0.0050312968242402795
0.004777011329880216
0.004502954989797537
0.004250049043277758
0.00406508028318138
0.003991637820952847
0.004060996139729574
0.004284799143462591
0.004651107815579514
0.005124759958268865
0.005652168337102206
0.006169811227186536
0.006614918170240073
0.006936375054706984
0.007103767631277404
0.007112781458263618
0.006985830830466612
0.006767680702260309
0.006516786336639975
0.006293920531638494
0.006150221239614398
0.006116957590231155
0.006199038435969764
0.00637361695601617
0.006594197147398331
0.006799598450909793
0.0069261817115204806
0.006921067241286178
0.00675381835304472
0.006424279689261961
0.005964918853471562
0.005437007907421984
0.004921119854204718
0.004503494444991164
0.004260645083866432
0.004244977159335355
0.0044740859081127795
0.004925808368213915
0.005540119189636674
0.006227757226353126
0.006884264029496013
0.007407124500360217
0.007713104940092502
0.007752795284878874
0.007519800626219058
0.007052917953015811
0.0064308220969873575
0.005760061747229714
