0.0013845982036102614
0.0014200508979955815
0.0014544135056413607
0.0014876222342568753
0.0015196151135924753
0.0015503322054217761
0.0015797158098871881
0.0016077106674360067
0.0016342641555832477
0.001659326479749279
0.0016828508574350132
0.00170479369501502
0.0017251147564492479
0.0017437773232371312
0.0017607483449635782
0.0017759985798146284
0.0017895027244713515
0.0018012395328236884
0.0018111919229813628
0.0018193470720965432
0.0018256964985525123
0.0018302361311140515
0.0018329663646784484
0.0018338921023108082
0.0018330227832935647
0.0018303723969675513
0.0018259594821905686
0.0018198071122888868
0.0018119428654273459
0.0018023987803745395
0.0017912112976907475
0.0017784211864176765
0.0017640734564004468
0.0017482172564235031
0.0017309057583929548
0.001712196027848154
0.0016921488811348943
0.0016708287296212099
0.0016483034113843268
0.0016246440108435322
0.0015999246668585425
0.0015742223698561114
0.0015476167485890039
0.0015201898471709052
0.0014920258930681662
0.001463211056764418
0.0014338332038467826
0.001403981640292678
0.0013737468517638005
0.0013432202377387564
0.0013124938413378695
0.0012816600757128201
0.0012508114478899117
0.0012200402809688158
0.0011894384355886098
0.0011590970315796575
0.0011291061707234895
0.0010995546615431319
0.0010705297470434492
0.0010421168363149054
0.0010143992409047647
0.000987457916847163
0.0009613712132277242
0.0009362146281394967
0.0009120605728650459
0.000888978145094569
0.0008670329119620368
0.0008462867036506734
0.0008267974182856498
0.0008086188387958515
0.0007918004623880359
0.0007763873432358242
0.0007624199489428536
0.0007499340312942413
0.0007389605117634139
0.0007295253821924942
0.0007216496210140149
0.0007153491253298633
0.0007106346591102959
0.0007075118177217466
0.0007059810089371662
0.0007060374505270172
0.0007076711844729432
0.0007108671077897762
0.000715605019885119
0.0007218596863294566
0.0007296009188537801
0.0007387936713362899
0.000749398151485057
0.0007613699478697324
0.000774660171902763
0.0007892156143192098
0.0008049789156544035
0.0008218887501704958
0.0008398800226365837
0.0008588840773227683
0.0008788289185262962
0.0008996394419081002
0.0009212376758806196
0.000943543032252997
0.0009664725653076526
0.0009899412384529907
0.0010138621975706882
0.0010381470501527497
0.001062706149303379
0.0010874488816637639
0.0011122839583041987
0.001137119707617592
0.0011618643692413897
0.001186426388031275
0.0012107147071098042
0.0012346390590161989
0.0012581102539901095
0.0012810404644320013
0.0013033435045960383
0.0013249351045878446
0.0013457331777592186
0.0013656580806147716
0.0013846328643713902
0.0014025835173403678
0.0014194391973338513
0.001435132453331839
0.001449599435683193
0.0014627800941538459
0.0014746183631775482
0.0014850623337087745
0.0014940644111238533
0.0015015814586646877
0.0015075749259694364
0.0015120109622861417
0.0015148605140182252
0.0015160994063049098
0.0015157084083947455
0.0015136732826263218
0.0015099848168867607
0.0015046388404754744
0.001497636223357755
0.0014889828588498391
0.0014786896298339507
0.0014667723586582445
0.0014532517409324348
0.0014381532634848578
0.0014215071068007493
0.001403348032314301
0.001383715254978478
0.0013626523015864284
0.0013402068553664142
0.001316430587418381
0.0012913789756044158
0.00126511111154721
0.001237689496430183
0.0012091798263298877
0.0011796507678457425
0.0011491737248236645
0.0011178225969989623
0.0010856735314096109
0.0010528046674537328
0.0010192958764847024
0.0009852284968536913
0.0009506850653226103
0.0009157490457802643
0.0008805045562010657
0.0008450360947888768
0.0008094282662483852
0.0007737655091229693
0.0007381318251311824
0.0007026105114239839
0.0006672838966714438
0.0006322330818711761
0.0005975376867511788
0.0005632756026169841
0.0005295227524674794
0.0004963528591752249
0.00046383722249585403
0.0004320445056372786
0.00040104053208302865
0.00037088809332531903
0.0003416467681224447
0.0003133727538520699
0.00028611871048704173
0.0002599336176736122
0.00023486264534372308
0.0002109470382433218
0.00018822401470781403
0.0001667266799638276
0.00014648395418377045
0.00012752051546625253
0.00010985675786163865
9.350876450791987e-05
7.848829588796114e-05
6.480279316520965e-05
5.245539650128268e-05
4.1444978205756324e-05
3.1766190516076135e-05
2.3409527754019203e-05
1.6361402554771474e-05
1.0604235815555934e-05
6.116559963089861e-06
2.873135093116243e-06
8.45077490992704e-07
0.0
3.0216366381116645e-07
1.7126400315399873e-06
4.18948347817626e-06
7.687912860029466e-06
1.216050179425642e-05
1.7557376823673252e-05
2.3826422703020005e-05
3.091349402060744e-05
3.876263235009337e-05
4.731628811087044e-05
5.651554630240412e-05
6.630035526778382e-05
7.660975763484722e-05
8.738212257938523e-05
9.855537855437481e-05
0.00011006724563158667
0.00012185546660762231
0.00013385803603508338
0.00014601342635135137
0.00015826081029216688
0.000170540278794973
0.00018279305361739302
0.00019496169391960782
0.000206990296085352
0.000218824686084784
0.00023041260371349894
0.00024170387807531646
0.0002526505937119659
0.0002632072468204353
0.00027333089103827096
0.00028298127231836043
0.00029212095245766676
0.0003007154208886837
0.0003087331943879737
0.00031614590440287246
0.00032292837174503075
0.0003290586684478314
0.00033451816663361436
0.0003392915742859602
0.0003433669578716769
0.0003467357518066853
0.00034939275480925266
0.00035133611323290547
0.0003525672915197977
0.00035309102996291673
0.00035291529001223973
0.0003520511874056787
0.0003505129134500198
0.00034831764482013805
0.00034548544228622346
0.0003420391388184922
0.0003380042175568063
0.0003334086801685006
0.0003282829061515476
0.00032265950367175365
