0.0012799679691995703
0.001264228177258486
0.001247646016424069
0.0012302347451516754
0.0012120104681133301
0.0011929920813020666
0.0011732012062348612
0.0011526621135582356
0.001131401636402036
0.0011094490738667688
0.0010868360850681148
0.001063596574198627
0.001039766567101057
0.0010153840798800926
0.000990488980109419
0.0009651228412188191
0.0009393287906713663
0.000913151352563645
0.0008866362853021067
0.0008598304150262495
0.0008327814654640843
0.0008055378849173363
0.0007781486710830049
0.000750663194424162
0.0007231310208062859
0.0006956017341159178
0.0006681247595760433
0.0006407491884673492
0.0006135236049563955
0.0005864959157208477
0.0005597131830482337
0.0005332214620683592
0.0005070656427605164
0.0004812892973551214
0.00045593453372543805
0.0004310418553387439
0.00040665002830774064
0.00038279595605235155
0.0003595145620493889
0.00033683868111307794
0.000314798959613188
0.0002934237649997616
0.00027273910496422495
0.00025276855652623753
0.00023353320529411348
0.0002150515951042304
0.00019733968820164892
0.00018041083608045377
0.00016427576105818844
0.00014894254861442797
0.00013441665047917958
0.00012070089841258072
0.00010779552857348397
9.569821633115066e-05
8.440412133155456e-05
7.390594258797683e-05
6.419398332472583e-05
5.525622526318316e-05
4.7078412001076144e-05
3.964414109906616e-05
3.293496445358891e-05
2.6930496501505153e-05
2.160852977065508e-05
1.6945157261005414e-05
1.2914901113809593e-05
9.490847001238263e-06
6.644783646279689e-06
4.3473468626139666e-06
2.5681674864705406e-06
1.2760225575432146e-06
4.3898909361946535e-07
2.4599794016914867e-08
0.0
3.321052362821684e-07
9.877586563968553e-07
1.933887716249437e-06
3.137659404417849e-06
4.566633364872603e-06
6.188912257568168e-06
7.973288714886295e-06
9.889388267068575e-06
1.1907807627538e-05
1.400024774928562e-05
1.6139641086180103e-05
1.8300272518152316e-05
2.045789342645433e-05
2.2589828434634637e-05
2.4675074362301083e-05
2.66943909720404e-05
2.8630383124939734e-05
3.0467573996796008e-05
3.219246904525566e-05
3.379361045748345e-05
3.5261621848593425e-05
3.6589243022547464e-05
3.7771354649605285e-05
3.8804992757371023e-05
3.96893529759218e-05
4.042578452121814e-05
4.1017773944825075e-05
4.147091872171724e-05
4.17928907914286e-05
4.199339021089001e-05
4.208408911973672e-05
4.207856626055242e-05
4.1992232337234115e-05
4.18422465342759e-05
4.164742455807198e-05
4.142813859823861e-05
4.12062096422259e-05
4.1004792610034113e-05
4.0848254807523184e-05
4.076204822645534e-05
4.077257624690925e-05
4.090705532299116e-05
4.1193372255653084e-05
4.1659937676879815e-05
4.2335536387398155e-05
4.324917520534435e-05
4.4429928995901816e-05
4.5906785561743114e-05
4.770849008116991e-05
4.986338978502634e-05
5.2399279564817325e-05
5.5343249202956246e-05
5.872153291167862e-05
6.255936185989752e-05
6.688082035722557e-05
7.170870635148574e-05
7.706439688040501e-05
8.296771909983543e-05
8.94368274898783e-05
9.648808781673158e-05
0.0001041359684021072
0.00011239293922363398
0.00012126937933906452
0.00013077349309427758
0.00014091123554024233
0.00015168624744742664
0.00016309980026765715
0.00017515075135335866
0.00018783550970264014
0.00020114801245589608
0.00021507971232567172
0.0002296195760967347
0.00024475409428768814
0.00026046730201925044
0.0002767408110877789
0.00029355385319576675
0.00031088333424425345
0.0003287038995453751
0.00034698800976698985
0.0003657060273754701
0.00038482631329772956
0.00040431533347930996
0.00042413777497230963
0.00044425667114502744
0.00046463353556484843
0.00048522850406698605
0.0005060004844847181
0.000526907313481495
0.0005479059198922937
0.0005689524939505818
0.0005900026617487711
0.0006110116642538473
0.0006319345401763324
0.0006527263119698551
0.0006733421742204426
0.0006937376836694464
0.0007138689501015691
0.0007336928273201872
0.0007531671034257634
0.0007722506896099342
0.000790903806677659
0.0008090881685128431
0.0008267671617088389
0.0008439060205945178
0.0008604719968988081
0.0008764345233119918
0.0008917653702203549
0.0009064387949121269
0.0009204316825768273
0.0009337236784471074
0.0009462973104619283
0.0009581381018622106
0.0009692346731649355
0.0009795788329988553
0.0009891656573244607
0.0009979935566023558
0.0010060643305177604
0.0010133832099141018
0.0010199588856356556
0.0010258035240275497
0.0010309327688911452
0.0010353657297435767
0.001039124956281916
0.001042236399004817
0.0010447293559974198
0.0010466364059385134
0.001047993327442303
0.0010488390049004036
0.0010492153210426174
0.0010491670364875861
0.0010487416566061067
0.0010479892860708782
0.0010469624715161868
0.0010457160327795394
0.0010443068832443271
0.001042793839847952
0.0010412374233633578
0.0010396996496034694
0.0010382438122373376
0.0010369342579438078
0.0010358361546630402
0.0010350152537380623
0.0010345376467676653
0.0010344695180181966
0.0010348768932649747
0.00103582538595425
0.0010373799415935032
0.0010396045812916153
0.0010425621453806911
0.00104631403805835
0.0010509199739927454
0.0010564377278326608
0.0010629228875615902
0.0010704286126278259
0.001079005397772169
0.00108870084346109
0.001099559433815903
0.0011116223229079183
0.0011249271302656533
0.0011395077464130014
0.001155394149227016
0.001172612231870608
0.001191183643019202
0.0012111256400612648
0.0012324509559109211
0.0012551676800264297
0.0012792791541817183
0.001304783883489057
0.0013316754631200831
0.0013599425211193862
0.001389568677650288
0.00142053252095632
0.001452807600264519
0.0014863624357980458
0.0015211605460062544
0.0015571604920602109
0.0015943159396010285
0.0016325757376675788
0.0016718840146692318
0.001712180291208597
0.0017533996094989096
0.0017954726790611114
0.0018383260383267675
