0.003017182365663433
0.003002149294127723
0.0030001196199085397
0.003011057286609861
0.0030347930535900266
0.0030710293071559464
0.0031193466344696624
0.003179212043147912
0.0032499886827770715
0.0033309469002266003
0.0034212764391572843
0.0035200995758717
0.003626484968972916
0.0037394619894515375
0.003858035291011426
0.003981199377800819
0.004107952928294055
0.004237312639850797
0.004368326368370302
0.004500085351289868
0.004631735319709993
0.004762486326357418
0.00489162114005294
0.005018502083909386
0.005142576223174406
0.005263378838940482
0.005380535155327929
0.005493760319641565
0.005602857666833156
0.005707715330794066
0.005808301294989954
0.005904657003186192
0.005996889676983461
0.006085163510111737
0.006169689929490213
0.0062507171295795045
0.006328519099223173
0.00640338436875964
0.006475604709518582
0.006545464017810388
0.006613227611164979
0.006679132155948776
0.0067433764327351365
0.006806113129151013
0.006867441829668652
0.0069274033483217486
0.006985975524027282
0.007043070569566465
0.007098534034845831
0.007152145413382017
0.007203620388616237
0.0072526146842667154
0.007298729451072645
0.0073415180915679425
0.00738049439552476
0.007415141831974741
0.007444923819759936
0.007469294777846543
0.00748771173955721
0.00749964630178021
0.007504596671364251
0.007502099566496239
0.007491741730996339
0.007473170824176888
0.007446105458142181
0.007410344168014283
0.007365773118334135
0.007312372370507911
0.00725022056127361
0.00717949787031438
0.007100487185845571
0.007013573409706082
0.006919240877603586
0.006818068905081624
0.006710725504859044
0.006597959355796283
0.006480590137230875
0.006359497374174487
0.006235607968281182
0.006109882616025917
0.005983301338666215
0.005856848367849311
0.005731496645790234
0.0056081922094741695
0.005487838734101658
0.0053712825118531395
0.00525929813794497
0.0051525751669146014
0.0050517059882310075
0.0049571751518870015
0.004869350351886532
0.004788475248865569
0.004714664282925665
0.004647899594626114
0.004588030136542081
0.004534773020466326
0.004487717106862422
0.004446328804241894
0.004409960007424713
0.004377858065839004
0.004349177636797846
0.004322994244709451
0.004298319336047495
0.00427411659219898
0.0042493192385280034
0.004222848068589448
0.004193629887764659
0.0041606160709586225
0.004122800924593314
0.004079239544062405
0.004029064864091587
0.003971503610995823
0.003905890882464666
0.0038316831019753516
0.003748469120878088
0.0036559792711875266
0.003554092205643488
0.003442839398103034
0.003322407216170931
0.0031931365184986117
0.003055519770683198
0.0029101957154584962
0.0027579416741625802
0.0025996635965714688
0.00243638401440269
0.00226922808944658
0.002099407979748204
0.00192820577596627
0.0017569552844686404
0.0015870229534518032
0.001419788253041971
0.0012566238296824847
0.0010988757589654005
0.0009478442193485846
0.0008047649019363645
0.0006707914588125769
0.0005469792745154073
0.0004342708224427112
0.00033348284066985487
0.000245295530324474
0.0001702439448415709
0.0001087117007266933
6.092710054555464e-05
2.696171743555697e-05
6.731448225833023e-06
0.0
6.384733383146216e-06
2.53647457130325e-05
5.6291039271759435e-05
9.839858457689511e-05
0.00015082005697995447
0.00021260099705334165
0.0002827161219528321
0.0003600864965298332
0.00044359725975749806
0.0005321155942562853
0.0006245086244903897
0.0007196609325886092
0.0008164913896552529
0.0009139690147120763
0.0010111275927889478
0.0011070788078057295
0.001201023674321464
0.001292262084454043
0.0013802003217089883
0.0014643564314584046
0.0015443633776916757
0.0016199699566959366
0.001691039479773095
0.0017575462782100679
0.0018195701237445612
0.001877288695983872
0.0019309682639449236
0.0019809527814409833
0.0020276516248518227
0.0020715262263541552
0.0021130758755099725
0.0021528229768484172
0.002191298060461238
0.002229024846487247
0.0022665056626141513
0.0023042075064028103
0.0023425490314687007
0.0023818887185653335
0.0024225144697280873
0.0024646348362663334
0.0025083720600326933
0.0025537570726186544
0.0026007265595582875
0.002649122156950348
0.002698691806858575
0.002749093256171243
0.0027998996420595572
0.002850607066534739
0.002900644023616175
0.0029493825060113296
0.0029961505846539476
0.0030402462245802575
0.0030809520750073763
0.003117550950603691
0.003149341705212982
0.0031756551890262997
0.003195869975603892
0.0032094275463486
0.003215846627031797
0.0032147363836784824
0.0032058082033315652
0.0031888858086378275
0.0031639134834362467
0.0031309622191002914
0.0030902336277273657
0.003042061507746812
0.002986910989440583
0.0029253752314970845
0.002858169684274557
0.0027861239801401606
0.0027101715552728983
0.0026313371498780974
0.0025507223740862664
0.00246948956416221
0.0023888441873438976
0.002310016083037115
0.0022342398526576527
0.0021627347296658012
0.0020966842748977735
0.0020372162498840597
0.0019853830222771613
0.0019421428527205623
0.001908342401515324
0.0018847007764281841
0.0018717954201894575
0.0018700501080070788
0.0018797252922290635
0.001900910993662936
0.0019335223976307808
0.0019772982682954516
0.0020318022478872707
0.0020964270589870788
0.002170401578807368
0.002252800705301966
0.002342557886772465
0.0024384801402601718
0.0025392653402224715
0.0026435215185582383
0.00274978788068069
0.002856557210682071
0.0029622993122608316
0.003065485111466844
0.0031646110328468584
0.003258223252519189
0.0033449414302447688
0.003423481527749932
0.003492677332340326
0.003551500323059074
0.0035990775410096607
0.003634707155603232
