0.00038223317075958296
0.0004129867128846687
0.0004433001502863931
0.00047309944103777644
0.0005023115291107415
0.0005308646024767581
0.0005586883468925941
0.0005857141944683183
0.0006118755661350315
0.0006371081071532751
0.0006613499148296077
0.0006845417576383231
0.000706627284977631
0.0007275532268246593
0.0007472695825913076
0.0007657297985230383
0.0007828909330251023
0.0007987138093451992
0.0008131631550880652
0.0008262077280857624
0.0008378204281973457
0.000847978394662907
0.0008566630886895694
0.0008638603610006242
0.0008695605041334546
0.0008737582893270131
0.000876452987895174
0.000877648377038076
0.0008773527300994147
0.0008755787913333008
0.0008723437352996202
0.0008676691110615433
0.0008615807714128072
0.0008541087874153862
0.0008452873485800106
0.000835154649072501
0.0008237527603778588
0.000811127490901341
0.0007973282330311606
0.0007824077982308457
0.0007664222407704996
0.0007494306707450794
0.0007314950570642459
0.0007126800211321537
0.0006930526219666946
0.0006726821335360162
0.0006516398151155455
0.0006299986754911677
0.0006078332318535688
0.0005852192642449607
0.0005622335664324633
0.0005389536940922537
0.0005154577111951579
0.0004918239354877226
0.0004681306839628385
0.0004444560192108386
0.00042087749753556727
0.0003974719197103228
0.00037431508523582573
0.00035148155094652056
0.0003290443947926539
0.0003070749856037638
0.0002856427596145552
0.0002648150045067118
0.0002446566516901414
0.00022523007751457162
0.0002065949140674253
0.00018880787017668294
0.00017192256319808894
0.00015598936212475215
0.000141055242514093
0.00012716365368235403
0.00011435439857068792
0.00010266352663936424
9.212324009804022e-05
8.276181373054298e-05
7.460352852236033e-05
6.766861924827083e-05
6.197323612638507e-05
5.7529420593593845e-05
5.4345095206132334e-05
5.24240676179336e-05
5.1766048538799084e-05
5.236668352436876e-05
5.421759840062068e-05
5.730645807731948e-05
6.161703845766997e-05
6.712931110559151e-05
7.38195402876221e-05
8.16603919637431e-05
9.062105426045392e-05
0.00010066736892037746
0.00011176197318577374
0.00012386445153854506
0.00013693149668691422
0.0001509170791589711
0.00016577262483581296
0.00018144719973218524
0.00019788770131042772
0.00021503905559418736
0.00023284441933187276
0.00025124538644624445
0.000270182197995853
0.0002895939548663535
0.0003094188324049734
0.0003295942962096821
0.0003500573182858074
0.00037074459278704113
0.0003915927505648572
0.00041253857176034713
0.00043351919568531446
0.0004544723272550134
0.00047533643925323896
0.0004960509697313443
0.0005165565138661955
0.0005367950096279072
0.0005567099166363616
0.0005762463876158544
0.0005953514318896197
0.0006139740703903325
0.0006320654816988132
0.0006495791386609321
0.0006664709351719802
0.0006826993027583464
0.0006982253166281285
0.000713012790905029
0.0007270283628034967
0.0007402415655473178
0.0007526248898785721
0.0007641538340489087
0.0007748069422302595
0.0007845658313272099
0.000793415206218141
0.0008013428634967545
0.0008083396838294973
0.0008143996130876075
0.0008195196324547717
0.000823699717752597
0.0008269427882661065
0.000829254645390077
0.0008306439014541427
0.0008311218991200368
0.0008307026217779947
0.000829402595401085
0.0008272407823459442
0.0008242384676159707
0.0008204191381283589
0.000815808355549379
0.0008104336232828818
0.0008043242482151617
0.0007975111978348675
0.0007900269533596498
0.000781905359511604
0.0007731814715912552
0.0007638914005048664
0.0007540721564021849
0.0007437614915813877
0.000732997743314987
0.0007218196772447737
0.000710266331985607
0.0006983768655670266
0.0006861904043282764
0.0006737458948665702
0.0006610819596201932
0.0006482367566476167
0.000635247844141105
0.0006221520501885397
0.000608985348270435
0.0005957827389504992
0.0005825781381877243
0.0005694042726660081
0.0005562925825038529
0.0005432731316718746
0.000530374526409903
0.0005176238418983925
0.0005050465574009907
0.0004926665000564932
0.00048050579745920153
0.00046858483912717115
0.0004569222469179929
0.00044553485441189435
0.0004344376952421905
0.00042364400031358286
0.0004131652038097452
0.00040301095785315495
0.0003931891556423672
0.00038370596285511435
0.0003745658570698295
0.00036577167492360646
0.0003573246666913846
0.00034922455793938683
0.00034146961787569284
0.00033405673399241513
0.0003269814925673971
0.00032023826456870953
0.00031382029648269476
0.00030771980556592714
0.0003019280790031966
0.00029643557643787655
0.0002912320353274188
0.00028630657856572317
0.00028164782380545733
0.00027724399390734135
0.0002730830279397598
0.0002691526921510964
0.000265440690338582
0.00026193477304155445
0.0002586228449935119
0.0002554930702763958
0.0002525339746320129
0.0002497345443993715
0.0002470843215629417
0.00024457349441534064
0.00024219298335863165
0.00023993452139123945
0.0002377907288522991
0.00023575518202199162
0.00023382247520496098
0.00023198827595411465
0.00023024937312390322
0.00022860371747535823
0.0002270504545896715
0.00022558994988272366
0.0002242238055495918
0.00022295486930554913
0.0002217872348282012
0.00022072623384411
0.00021977841984226852
0.00021895154343606123
0.0002182545194346146
0.0002176973857235723
0.0002172912540942285
0.00021704825319830573
0.00021698146384345514
0.00021710484688157664
0.000217433163978065
0.00021798189158508976
0.00021876712847572748
0.00021980549722808908
0.00022111404007940438
0.00022271010959916605
0.00022461125465779566
0.00022683510219272392
0.00022939923529725518
0.00023232106817879777
0.00023561771855222467
0.00023930587805076522
0.00024340168125134347
0.0002479205739230346
0.00025287718111684644
0.0002582851757217124
0.00026415714811593466
0.0002705044775447254
0.0002773372058535817
0.0002846639142032899
0.0002924916033861105
