0.0018093141671647126
0.0018315764658837486
0.0018547673584412506
0.0018787858589182074
0.0019035280465623076
0.001928887399847157
0.001954755138804294
0.0019810205744915286
0.0020075714644368246
0.002034294372876732
0.002061075034592192
0.002087798721132548
0.0021143506082107978
0.0021406161430495285
0.002166481410457649
0.002191833496422934
0.0022165608480144853
0.0022405536284025498
0.002263704065820555
0.0022859067953157446
0.0023070591921603278
0.0023270616958244584
0.0023458181234456334
0.0023632359717659637
0.002379226706549305
0.0023937060385340507
0.002406594185024573
0.0024178161162744815
0.002427301785867998
0.002434986344361579
0.002440810335506259
0.0024447198744318426
0.0024466668072368105
0.002446608851492423
0.0024445097172357284
0.00244033920809384
0.0024340733022506283
0.0024256942130366946
0.002415190428993859
0.0024025567333361827
0.002387794202800492
0.002370910185950227
0.002351918261066953
0.002330838173833804
0.0023076957550841794
0.0022825228189570553
0.0022553570418669027
0.002226241822761349
0.0021952261252030135
0.002162364301873277
0.0021277159021548136
0.0020913454635063606
0.0020533222873972217
0.0020137202006201785
0.0019726173028496857
0.0019300957013572506
0.0018862412338375894
0.0018411431803374212
0.0017948939653133753
0.0017475888508764453
0.001699325622307531
0.0016502042669518345
0.0016003266476191074
0.0015497961716319356
0.001498717456675382
0.0014471959946082591
0.001395337814399207
0.0013432491453494316
0.0012910360817585918
0.001238804250180816
0.001186658480404284
0.0011347024812702953
0.0010830385224262658
0.0010317671230818423
0.0009809867488082755
0.0009307935173885931
0.0008812809146899371
0.0008325395214900152
0.0007846567521468674
0.0007377166059554753
0.0006917994319861288
0.0006469817081481953
0.0006033358351691834
0.0005609299461229152
0.0005198277320825223
0.00048008828441393667
0.00044176595416394707
0.00040491022893380125
0.0003695656275651191
0.0003357716128996888
0.00030356252280881713
0.00027296751962159363
0.0002440105580147863
0.00021671037136060584
0.00019108047646223115
0.00016712919654122927
0.0001448597022759518
0.0001242700706259245
0.00010535336111438588
8.809770917972285e-05
7.248643614673773e-05
5.849817531083847e-05
4.610701357235579e-05
3.5282648004674204e-05
2.5990556688730094e-05
1.819218309799574e-05
1.1845133272397586e-05
6.903384976939377e-06
3.3175080012297006e-06
1.0348947197789688e-06
0.0
1.5458951534348155e-07
1.4379954951719391e-06
3.787378920647134e-06
7.137997157532052e-06
1.1423476001983911e-05
1.6576085104639182e-05
2.2527015731177262e-05
2.9206659814467973e-05
3.654488925409062e-05
4.447133442357382e-05
5.2915660854121376e-05
6.180784307572933e-05
7.107843461251397e-05
8.065883314856679e-05
9.048153990381274e-05
0.0001004804122858357
0.00011059090891362561
0.00012075032614229219
0.00013089802525408892
0.0001409756495202323
0.00015092733038006025
0.00016069988202861945
0.00017024298375092613
0.0001795093493904131
0.00018845488339056036
0.00019703882290195477
0.00020522386550203184
0.00021297628213115451
0.0002202660149063897
0.00022706675953299677
0.00023335603209319192
0.00023911522005179973
0.00024432961737881034
0.0002489884437494466
0.0002530848478427229
0.00025661589481963177
0.0002595825381215887
0.00026198957578855097
0.000263845591553977
0.00026516288103034785
0.0002659573633540691
0.00026624847871213196
0.0002660590722245253
0.0002654152647061105
0.0002643463108791444
0.00026288444565275484
0.00026106471912828414
0.0002589248210293411
0.0002565048952925292
0.0002538473455889615
0.0002509966325778164
0.0002479990637210851
0.0002449025765133687
0.00024175651600185787
0.00023861140748959557
0.0002355187253294897
0.0002325306587275275
0.0002296998754809784
0.00022707928458119524
0.00022472179861092695
0.00022268009686269782
0.00022100639009805904
0.00021975218785720107
0.0002189680692146665
0.00021870345785986655
0.00021900640236063753
0.0002199233624445736
0.00022149900210612604
0.0002237759903178174
0.00022679481009136768
0.0002305935765993094
0.00023520786502976036
0.00024067054880682584
0.00024701164876651284
0.00025425819383343286
0.0002624340936970195
0.0002715600239377215
0.00028165332400380055
0.00029272790838822033
0.00030479419130282443
0.0003178590250937539
0.00033192565258811273
0.00034699367350740857
0.0003630590250285273
0.00038011397651810744
0.00039814713841146985
0.00041714348515277714
0.0004370843920592838
0.0004579476859193437
0.000479707709081675
0.0005023353967423508
0.0005257983670862636
0.0005500610238916255
0.0005750846711596448
0.0006008276392868802
0.0006272454222552619
0.0006542908252744591
0.0006819141222732617
0.0007100632226012117
0.0007386838462687882
0.0007677197070244575
0.0007971127025395136
0.0008268031109473976
0.000856729792962882
0.0008868303987883039
0.0009170415789990395
0.0009472991985886038
0.0009775385533451586
0.0010076945877259954
0.0010377021133944613
0.0010674960275851198
0.001097011530467432
0.0011261843406859709
0.0011549509082661672
0.0011832486240886063
0.0012110160251520715
0.0012381929948656154
0.0012647209576330215
0.0012905430670188246
0.0013156043868135594
0.001339852064347048
0.0013632354954320174
0.001385706480356183
0.0014072193703789247
0.0014277312042286065
0.0014472018341384217
0.0014655940410020643
0.0014828736382754698
0.001499009564297082
0.0015139739627464208
0.0015277422510089843
0.001540293176264485
0.0015516088591648886
0.001561674825018562
0.0015704800224467937
0.0015780168295287719
0.0015842810475007701
0.0015892718821243807
0.0015929919128871168
0.0015954470502463482
0.0015966464811740637
0.0015966026033053414
0.0015953309480373529
0.0015928500929680606
0.001589181564104459
