0.0018801055242417498
0.002010045991995204
0.0021428565298770895
0.0022780631924862104
0.0024151821316563604
0.002553726057238405
0.0026932104791268776
0.002833159605312583
0.0029731117798399735
0.0031126243560647034
0.003251277914300085
0.0033886797485240907
0.0035244665639648756
0.0036583063457336917
0.003789899377845384
0.003918978411556509
0.0040453080015475495
0.004168683047665773
0.004288926598322242
0.004405886988809214
0.004519434403403929
0.004629456963813866
0.00473585645799614
0.004838543832393238
0.004937434576960934
0.005032444135867656
0.0051234834773211625
0.005210454953589832
0.0052932485769553676
0.0053717388291444085
0.005445782110880955
0.005515214924779229
0.005579852869110577
0.005639490502329532
0.0056939021189785196
0.005742843457088745
0.005786054335867959
0.0058232622007459
0.0058541865311809715
0.005878544045466826
0.005896054616560247
0.005906447794114102
0.0059094698108509485
0.0059048909365336695
0.005892513030420722
0.005872177133530853
0.005843770935530264
0.005807235947780881
0.005762574214178002
0.005709854394919952
0.005649217065286559
0.005580879081784519
0.005505136881507033
0.005422368597048339
0.005333034888545404
0.0052376784160662986
0.005136921899252644
0.005031464736432598
0.00492207818189303
0.004809599107148125
0.004694922399358939
0.0045789920770258116
0.0044627912291731455
0.0043473309089623186
0.004233638135510773
0.004122743178197889
0.004015666315473938
0.0039134042747741024
0.0038169165712469777
0.0037271119703671043
0.003644835302911898
0.0035708548601126088
0.0035058505919796047
0.0034504033228724552
0.003404985185430308
0.0033699514571691744
0.003345533963634466
0.00333183618828456
0.003328830202653732
0.0033363555012394627
0.0033541197944696416
0.0033817017805624476
0.0034185558836625075
0.003464018911911247
0.0035173185556904418
0.0035775836137712804
0.0036438558041029124
0.003715102987060995
0.003790233602693586
0.0038681121003535214
0.003947575119546716
0.004027448165248858
0.004106562509675535
0.004183772045785235
0.004257969815824606
0.004328103941079802
0.004393192686681049
0.004452338407735916
0.004504740140071135
0.00454970462018897
0.0045866555443584926
0.004615140905655019
0.0046348382797551085
0.004645557964851152
0.004647243917579674
0.00463997246472944
0.004623948809048576
0.004599501386024159
0.004567074166376684
0.004527217035514853
0.00448057441567044
0.004427872328246488
0.004369904122473182
0.004307515121237641
0.004241586455460225
0.004173018374228787
0.00410271332874978
0.004031559133794865
0.003960412510568008
0.0038900833097407495
0.0038213197028482177
0.0037547946144480286
0.0036910936466560355
0.0036307047222156777
0.0035740096425464158
0.003521277723746341
0.003472661636860461
0.0034281955394975696
0.0033877955447642293
0.003351262531203107
0.0033182872547205386
0.003288457681124424
0.003261268416628926
0.003236132074263962
0.0032123923772761596
0.003189338767004935
0.0031662222529922224
0.0031422722178025553
0.003116713868683836
0.003088786013195623
0.0030577588265887617
0.0030229512752555205
0.0029837478631005994
0.002939614376220782
0.002890112315729754
0.002834911728723713
0.002773802172949206
0.002706701581305182
0.0026336628273925114
0.0025548778323382167
0.002470679095416208
0.0023815385758449124
0.00228806389979822
0.002190991914313174
0.002091179657586192
0.0019895928622789974
0.0018872921540701556
0.0017854171509723623
0.0016851687091065698
0.0015877895969474726
0.0014945439118570509
0.001406695579403149
0.0013254862970031199
0.001252113298415159
0.001187707324203044
0.0011333111853107757
0.0010898593022036923
0.001058158590677726
0.0010388710475412173
0.0010324983651801131
0.0010393688738853267
0.0010596270752132129
0.001093225989127739
0.0011399224928863277
0.001199275781309433
0.0012706490270117574
0.0013532142662193163
0.0014459604818385537
0.001547704801392519
0.0016571066742142732
0.001772684840801451
0.0018928368583765872
0.0020158609013165617
0.002139979514007305
0.002263364957577474
0.0023841657615153505
0.002500534066935296
0.00261065333068937
0.002712765948961211
0.0028052003556630744
0.002886397154990305
0.0029549338588550087
0.003009547818482782
0.0030491569649517295
0.003072878005500921
0.0030800417605446034
0.0030702053699013226
0.003043161145092536
0.0029989418969079543
0.0029378226229289056
0.0028603184974439777
0.002767179165239009
0.0026593794001254466
0.002538106247808581
0.002404742829816144
0.0022608490397596956
0.002108139414275749
0.0019484585077347745
0.0017837541414291072
0.001616048933750971
0.0014474105472416163
0.0012799211108275505
0.0011156462906713332
0.000956604490582541
0.0008047366627155351
0.0006618772013090247
0.0005297263766100662
0.0004098247431107761
0.0003035299261721796
0.0002119961544937831
0.0001361568632976427
7.67106452180576e-05
3.411077349712308e-05
8.558466030803014e-06
0.0
8.12772621127571e-06
3.238497084703329e-05
7.197475108306666e-05
0.00012587217096638554
0.00019284030603252495
0.0002714493303167956
0.0003600985885641632
0.0004570412703871593
0.0005604113025994679
0.0006682520416122796
0.0007785463201647254
0.0008892473822020028
0.000998310226728798
0.0011037228761422038
0.0012035370869514245
0.0012958980308586266
0.0013790724917180479
0.001451475148598245
0.0015116925466184563
0.001558504394879211
0.0015909018740235107
0.0016081026840250793
0.0016095626149040198
0.0015949834783553448
0.001564317295832239
0.0015177666975106706
0.0014557815458159627
0.0013790518558555952
0.0012884971422313846
0.0011852523763852501
0.001070650789999422
