0.006334817393940713
0.006231784692023911
0.00627217794984557
0.006452641953512778
0.0067496272443392045
0.007122136997858222
0.0075171556036112185
0.00787686741991896
0.008146489078965511
0.008281471411784333
0.00825298241654189
0.008050922990489838
0.007684180901569549
0.007178305669492836
0.00657119751434559
0.005907674837511332
0.005233875607652462
0.004592355331491275
0.0040185015640273785
0.0035385537579362006
0.00316917311563551
0.00291822277182424
0.0027862489123166283
0.002768124279067061
0.0028544197308100986
0.003032269869214084
0.003285737489128649
0.0035958945066946616
0.003940968340308612
0.004296918212324361
0.004638700625105776
0.0049422829919206915
0.005187219380121152
0.005359375915977782
0.005453247234555987
0.005473284615119854
0.005433778531548509
0.00535708756723787
0.005270335176943663
0.005201036778987342
0.005172395659634839
0.005199149797495355
0.005284820178752682
0.005420997083234484
0.005588935834638071
0.005763283744485268
0.005917313845788421
0.006028691723875314
0.006084628012210485
0.006085317939117058
0.006044844614286768
0.005989182374357092
0.0059514985456477236
0.00596550945899716
0.006058087857738647
0.0062425499142364695
0.006514013947475438
0.006847912638021131
0.007202202524040819
0.007523141725857316
0.007753822142443365
0.00784407601194885
0.007760041288967753
0.00749163842672878
0.0070565004877912755
0.006499466689823208
0.005887500638313548
0.005300696005564311
0.004820739122758286
0.00451867911511868
0.004444020194134927
0.004616962660033198
0.00502510815219236
0.005625199004689763
0.006349612817245163
0.007116532362756156
0.007842100015448186
0.008452552569197469
0.008894369785682508
0.00914084754501213
0.009194151950384309
0.009082704568582163
0.008854546736304859
0.008567990262598843
0.008281269033988728
0.008042995980279181
0.00788499740509666
0.007818595943753297
0.007834746103385026
0.00790772136556468
0.008001440191197754
0.008077108252903337
0.008100711635733584
0.008049032874874358
0.007913236934393907
0.0076996021967860075
0.00742754142311324
0.007125555977781127
0.0068260997862377645
0.006560441649680081
0.006354497301954585
0.006226294916100048
0.006185316169855109
0.006233516358309307
0.0063674677444900615
0.00658086585612571
0.006866627899882765
0.007217991074709602
0.007628339429256307
0.00808987278275139
0.008591587863153179
0.009117284205104546
0.009644374639851268
0.010144150284315343
0.010583844813287835
0.010930424651920047
0.011155590307625016
0.011241108057890848
0.0111833873532479
0.010996233525193733
0.010710950019184578
0.01037340397098743
0.010038225944633869
0.009760883713098486
0.009588838337297047
0.009553260684385126
0.009662794993055918
0.009900588550765456
0.010225300986807396
0.010576147724210505
0.010881335892287104
0.011068643643002165
0.0110764878497305
0.010863698085163825
0.010416394120413331
0.009750821979780343
0.008911661175977068
0.007966058193897351
0.0069943384976534975
0.006078879969124442
0.00529290427714426
0.004690915793909137
0.004302201173465074
0.004128258797042447
0.004144357140908555
0.004304745492916258
0.004550477123906713
0.0048184474029569204
0.005050150143943421
0.0051988185179112955
0.005233998323803884
0.005143119877566912
0.004930188087976892
0.004612195560874301
0.00421419659606754
0.0037641101377064506
0.0032882380449760617
0.0028082234266317402
0.0023397968059442075
0.0018932483756274646
0.0014752063844550647
0.0010910629730205785
0.0007473094343888077
0.0004531280619831735
0.00022080872756755597
6.486015711856027e-05
0.0
3.846688341189834e-05
0.00018724944294387386
0.0004458447312351028
0.0008050439449923908
0.0012470272554727319
0.0017467818757143424
0.002274597035382855
0.0027991906050006746
0.0032909233452701582
0.0037245735203385744
0.004081266757235663
0.0043493512384448025
0.00452423012326735
0.004607361733518355
0.004604771587691069
0.004525463798394941
0.004380069511788083
0.004179945602118145
0.003936773125103156
0.0036625454545377994
0.0033697214921172714
0.0030712785675715455
0.002780442341089387
0.0025099855495684647
0.002271143528655034
0.002072350317729905
0.0019181115179159576
0.001808364672181368
0.0017386182926820595
0.0017010129019677652
0.0016862400388332147
0.0016860333996128627
0.0016957626271354984
0.0017165626283566376
0.0017564516840426038
0.0018300377191962122
0.001956663976080492
0.002157157906039622
0.0024496584023503054
0.002845240006124791
0.0033441713545336186
0.0039336040328119305
0.004587283192780517
0.005267532457755152
0.005929351763900843
0.006526055746960806
0.007015553838972229
0.00736620065035775
0.007561168620975523
0.007600519623192673
0.007500543944018055
0.0072904252278636564
0.007006787744335706
0.006687091932620369
0.006363083407987559
0.006055517630492012
0.005771166825304292
0.005502701900309754
0.00523150384645561
0.004932896416376605
0.004582812186948295
0.004164601644066257
0.0036746321283431015
0.0031255182069052654
0.00254624613243858
0.0019790273253116287
0.0014733336371564702
0.0010781141692383176
0.0008335646577831675
0.0007639425806335275
0.0008727669784194059
0.001141336227669371
0.001530912194266384
0.0019882624215281173
0.002453644885360023
0.002869875570860039
0.0031909209542050386
0.0033885428374690607
0.0034558762381461227
0.0034073763285807877
0.0032752241371075217
0.0031029111316007896
0.002937213156628984
0.0028200248234554596
0.0027815106551377987
0.002835745736757471
0.0029795237084265357
0.003194400432080407
0.0034514348629694045
