0.0017403230301340036
0.0017594004716943992
0.001771049797477425
0.001775218982679444
0.0017719282001831627
0.0017612707098149738
0.0017434131099473365
0.0017185949024114825
0.0016871273276192352
0.0016493914342481978
0.001605835356748461
0.0015569707841703241
0.0015033686152444614
0.0014456538070877956
0.0013844994381488817
0.0013206200198076362
0.0012547641051452894
0.0011877062575233865
0.0011202384554657083
0.001053161023627886
0.0009872731920704601
0.0009233633973321402
0.0008621994486540645
0.000804518690874022
0.0007510183017579591
0.000702345865660338
0.0006590903672360031
0.0006217737483343909
0.0005908431681055665
0.0005666641006961506
0.0005495143967193191
0.0005395794240033868
0.0005369483900644601
0.0005416119334650303
0.0005534610539140931
0.0005722874318815254
0.0005977851679264538
0.0006295539501991925
0.0006671036360222165
0.0007098602104660722
0.0007571730618075216
0.0008083234910972235
0.0008625343511842842
0.000918980689852503
0.0009768012526139304
0.0010351106835560036
0.0010930122477989803
0.0011496108869067454
0.0012040264092821687
0.0012554066113978858
0.001302940122842675
0.0013458687687255186
0.001383499247037394
0.0014152139261273556
0.0014404805784446121
0.0014588608810092386
0.0014700175305171793
0.0014737198413168745
0.0014698477174162187
0.0014583939148392867
0.001439464537655753
0.0014132777394165838
0.001380160631078824
0.0013405444262975083
0.001294957884695271
0.001244019142873954
0.0011884260509938216
0.0011289451592120738
0.0010663995226609271
0.0010016555155038121
0.000935608863520655
0.000869170120270796
0.0008032498238478355
0.0007387435793177657
0.000676517315927311
0.0006173929679601125
0.0005621348236525131
0.0005114367778807662
0.000465910711494256
0.0004260762033651553
0.0003923517606961003
0.0003650477291838642
0.0003443610176524063
0.0003303717421743596
0.0003230418629777648
0.0003222158541094898
0.00032762341145684297
0.0003388841698976682
0.0003555143656541475
0.0003769353459687132
0.0004024837955970606
0.000431423518901795
0.0004629585880818292
0.0004962476428011658
0.0005304191046535032
0.00056458705192772
0.0005978674863731269
0.0006293947143806464
0.0006583375604012427
0.0006839151306391798
0.0007054118501270566
0.0007221915061690841
0.0007337100457024532
0.0007395268931643061
0.0007393145786756493
0.0007328664933989762
0.0007201026193602712
0.0007010731143524955
0.0006759596682062176
0.0006450745841283996
0.0006088575773418366
0.0005678703222505911
0.0005227888181426861
0.0004743936813508057
0.00042355850816504096
0.00037123648699106493
0.00031844546966720193
0.0002662517399337136
0.00021575274127925287
0.0001680590463286418
0.00012427586520934912
8.548440064576942e-05
5.272336266945888e-05
2.6970955675964872e-05
9.127645072069812e-06
0.0
2.858927477451291e-07
1.0561314696557085e-05
3.1269043343220074e-05
6.270936547125936e-05
0.00010503302841178381
0.00015823655507614907
0.0002221600196619872
0.00029648734027998627
0.00038074910290623355
0.00047432788874247466
0.00057646603498499
0.0006862757178820276
0.0008027512075062561
0.0009247831065647542
0.00105117435145783
0.0011806577232757875
0.0013119145900253038
0.001443594579572112
0.0015743358659648333
0.0017027857402720724
0.0018276211310379277
0.0019475687390626327
0.0020614244564711075
0.002168071750872358
0.0022664987116694157
0.0023558134769924195
0.0024352577859463776
0.0025042184314559095
0.0025622364234422646
0.0026090137098045392
0.002644417343061836
0.002668481022862799
0.002681403988165263
0.0026835472769902737
0.0026754274155095757
0.0026577076410853094
0.0026311868050115134
0.0025967861394047857
0.0025555341082918316
0.002508549594833425
0.0024570237042583765
0.0024022004849821596
0.002345356888157321
0.0022877822982401994
0.002230757973847036
0.0021755367390959937
0.002123323260773181
0.002075255236103294
0.0020323857998302197
0.001995667437996936
0.0019659376696246292
0.0019439067268796802
0.0019301474298132172
0.0019250874139561437
0.0019290038286068928
0.0019420205812577375
0.0019641081600009725
0.001995086021692014
0.00203462748988366
0.002082267063839754
0.002137409999024845
0.002199343981054467
0.0022672526798400406
0.0023402309391801143
0.002417301329875914
0.0024974317720494565
0.002579553915098647
0.002662581951927799
0.002745431537940282
0.002827038484870931
0.0029063769048671066
0.002982476491196981
0.0030544386383707014
0.003121451126009781
0.003182801117107114
0.003237886251917336
0.003286223653062092
0.003327456694921049
0.0033613594303450486
0.0033878386094692253
0.0034069332681871027
0.0034188119069196157
0.003423767322920547
0.003422209200755041
0.0034146546050464405
0.0034017165564190557
0.0033840909051281857
0.003362541746579278
0.003337885648279823
0.0033109749783014498
0.003282680640702933
0.0032538745333140578
0.0032254120476399185
0.003198114929346019
0.0031727548108584714
0.0031500377151904195
0.003130589812412623
0.0031149446875414367
0.0031035323514274245
0.0030966701949770767
0.0030945560522846784
0.003097263500607716
0.0031047394852537994
0.0031168043160646874
0.003133154040013601
0.0031533651522188473
0.003176901566162207
0.0032031237238137125
0.003231299688408536
0.0032606180274603737
0.0032902022618434877
0.0033191266289851517
0.0033464328848639875
0.0033711478510111
0.0033923013993771645
0.0034089445599859835
0.0034201674338739316
0.0034251165969487792
0.003423011689026436
0.0034131608962592055
0.00339497505420035
0.0033679801225144947
0.003331827810416118
0.0032863041637996434
0.0032313359601484496
0.0031669947950550906
0.003093498783885755
0.003011211843079409
0.002920640557067723
0.0028224286781094966
