0.005586116611983506
0.005548135380199335
0.0055198039937949285
0.005500538700126312
0.005489593867116669
0.0054860790540002344
0.005488978162521745
0.005497170321393434
0.005509452131481436
0.005524560880328195
0.005541198322497644
0.005558054617019482
0.005573832014952976
0.00558726789871532
0.005597156790133113
0.0056023709658733906
0.005601879346579502
0.005594764359164631
0.005580236509697639
0.005557646446468455
0.00552649433839186
0.00548643644209278
0.005437288780966793
0.005379027910354318
0.00531178879382363
0.0052358598655493195
0.005151675402041982
0.005059805372209723
0.004960942977139712
0.0048558901293673535
0.004745541155115324
0.004630865031482637
0.0045128864933871886
0.0043926663618574155
0.0042712814557799355
0.004149804453301566
0.0040292840667295856
0.003910725886059137
0.003795074231377548
0.0036831953336540916
0.003575862137222533
0.003473740986097775
0.003377380420715209
0.0032872022723931214
0.003203495200506856
0.0031264107727887406
0.003055962143124904
0.0029920253345247956
0.0029343430884128554
0.0028825311958481656
0.0028360871825078796
0.0027944011780289698
0.0027567687622961985
0.002722405547137338
0.0026904632222121477
0.002660046769151424
0.0026302325286179313
0.002600086791228519
0.0025686845754011147
0.002535128253273169
0.0024985656898762532
0.002458207570637701
0.0024133436078058266
0.0023633573372547124
0.002307739242921196
0.0022460979763803887
0.0021781694732221474
0.0021038238053307074
0.0020230696482211553
0.0019360562845371734
0.0018430731079235071
0.0017445466349985744
0.0016410350763099494
0.0015332205592128807
0.0014218991358481193
0.0013079687471265202
0.0011924153482183696
0.0010762974319195075
0.0009607292129167754
0.0008468627579722881
0.0007358693640440754
0.0006289204981029693
0.0005271686187297135
0.0004317282004135136
0.0003436572768519782
0.00026393980959361603
0.00019346917328156264
0.00013303302885005718
8.329983167421149e-05
4.4807193332002324e-05
1.795228382364981e-05
2.9844263803877405e-06
0.0
8.939726220521995e-06
2.9588377058836074e-05
6.157690117855781e-05
0.00010438692589133424
0.00015735755420172434
0.00021969433941754907
0.00029048028546733214
0.0003686886895498012
0.0004531976155872511
0.0005428057626006184
0.0006362494719346313
0.0007322206015248005
0.0008293849843230929
0.0009264011817108021
0.0010219392412671503
0.0011146991715877347
0.0012034288548340355
0.0012869411301412934
0.0013641297976400987
0.0014339843133133784
0.001495602968809059
0.0015482043772021166
0.001591137115045706
0.0016238874023332419
0.0016460847346512384
0.0016575054152612036
0.0016580739685299521
0.0016478624494590823
0.0016270876964914378
0.0015961066057658152
0.001555409534057757
0.001505611964333415
0.0014474445917557351
0.001381742008774703
0.0013094301853251592
0.001231512953931715
0.0011490577195334734
0.0010631806200147335
0.0009750313657535727
0.0008857779850391981
0.0007965916970873615
0.000708632125789593
0.0006230330555121017
0.0005408889155111138
0.000463242162195262
0.00039107170892186197
0.00032528253167164387
0.0002666965562363871
0.00021604490891880034
0.00017396158863168748
0.0001409785941365177
0.00011752251641063182
0.0001039125831869517
0.00010036012095256596
0.00010696937947018374
0.00012373964550668488
0.00015056855617806867
0.00018725650836288934
0.00023351204915826162
0.00028895812346091615
0.0003531390485038031
0.0004255280815653635
0.0005055354460405132
0.0005925166825161022
0.000685781195279408
0.0007846008706140031
0.0008882186510742515
0.0009958569594172959
0.0011067258767251732
0.0012200309911653915
0.001334980846502823
0.0014507939325690148
0.0015667051731023786
0.0016819718793873787
0.001795879150653372
0.001907744713976115
0.0020169232072173443
0.0021228099181328595
0.002224844001005667
0.002322511198886848
0.0024153461046627278
0.0025029339976662926
0.002584912294409509
0.002660971652270919
0.002730856763709399
0.0027943668759086533
0.0028513560668415178
0.0029017333037628327
0.0029454623043046
0.00298256121388876
0.0030131021063366176
0.0030372103075945287
0.0030550635356691902
0.00306689084342581
0.0030729713450905766
0.003073632702340959
0.003069249341967287
0.0030602403744230526
0.0030470671812937965
0.003030230639914037
0.003010267955118249
0.002987749071453708
0.002963272644096808
0.0029374615531432714
0.0029109579537878348
0.0028844178640316668
0.002858505301778062
0.002833885994287471
0.0028112206947188976
0.002791158152618854
0.002774327797443237
0.0027613322062111003
0.00275273943788352
0.002749075327727181
0.0027508158444590324
0.002758379621087006
0.002772120776794366
0.002792322151720835
0.0028191890788639485
0.0028528438173893653
0.0028933207692724656
0.0029405625963154188
0.0029944173471653703
0.003054636694021451
0.003120875366338687
0.0031926918541425866
0.0032695504367411515
0.003350824573891719
0.0034358016761253307
0.003523689249270469
0.0036136223856077262
0.003704672550913989
0.0037958575933304175
0.003886152876940828
0.003974503420612275
0.004059836901464959
0.004141077362732451
0.004217159448158312
0.004287042969838789
0.004349727603917832
0.00440426749908452
0.004449785576680748
0.004485487298611845
0.004510673680319413
0.004524753330914965
0.00452725331121073
0.004517828612776777
0.004496270077190032
0.0044625105941404845
0.004416629439776618
0.004358854642295875
0.004289563289948129
0.0042092797268985325
0.004118671614321529
0.00401854386716231
0.003909830510665981
0.0037935845344780348
0.003670965855289073
0.003543227531057403
0.003411700400229305
0.003277776347539521
0.003142890423395579
0.0030085020660473426
