0.0
2.84461654801128e-05
6.905449604759691e-05
0.0001219639196932804
0.00018718328001102462
0.00026458546347260287
0.00035390350407727106
0.0004547287910645348
0.0005665114711571331
0.0006885631003024941
0.0008200615617224595
0.0009600582279189209
0.0011074873047995004
0.001261177256979906
0.0014198641752876126
0.0015822069112247793
0.0017468037693139306
0.0019122105174804247
0.0020769594485074345
0.002239579202661185
0.0023986150432884165
0.002552649263920295
0.002700321397479235
0.0028403478957893325
0.0029715409508546554
0.0030928261383117942
0.0032032585780044165
0.0033020373265893518
0.003388517742191066
0.003462221591006207
0.003522844699966995
0.003570261997566327
0.00360452982612138
0.0036258854524376877
0.0036347437493127613
0.0036316910668294893
0.00361747635915123
0.0035929996787468577
0.003559298194850522
0.0035175299357183753
0.003468955494132543
0.003414917971913033
0.0033568214712774392
0.0032961084681494253
0.0032342364244500924
0.0031726540125885114
0.0031127773354703743
0.0030559665291394985
0.0030035031325342403
0.002956568599766709
0.002916224314913808
0.0028833934477512204
0.002858844961476155
0.0028431800506654135
0.0028368212500103
0.0028400044123549407
0.0028527737089123453
0.0028749797559828507
0.002906280921845891
0.0029461478155734105
0.0029938709071831715
0.003048571176687353
0.0031092136390679015
0.0031746235438798428
0.003243505002870187
0.0033144617574796696
0.003386019761084743
0.003456651218983065
0.0035247997029888498
0.003588905937553468
0.0036474338409279525
0.003698896398295954
0.003741880944172843
0.0037750734387177586
0.0037972813368514456
0.003807454670008977
0.0038047049876643348
0.0037883218390169916
0.003757786513900907
0.003712782805442629
0.0036532046045541335
0.0035791601872222118
0.003490973108917269
0.003389179675412119
0.0032745230149695053
0.003147943832303335
0.0030105679790232683
0.002863691027531087
0.002708760084678605
0.0025473531270955004
0.00238115618118679
0.0022119387066932153
0.002041527572797821
0.0018717800395396716
0.0017045561743552003
0.0015416911436165331
0.0013849678218968335
0.0012360901573085568
0.0010966577196948701
0.0009681418398912846
0.0008518637230132992
0.000748974887180014
0.0006604402417688055
0.0005870240768270033
0.0005292791883417457
0.00048753931346266115
0.00046191499631884655
0.0004522929496536038
0.0004583389210322973
0.0004795040157918192
0.0005150343731274525
0.0005639840376726127
0.000625230817508245
0.0006974948715849493
0.0007793597258383517
0.0008692953785395367
0.0009656831222781018
0.0010668416829603244
0.0011710542557527045
0.0012765960043334818
0.0013817615833397632
0.001484892244604362
0.0015844020956337136
0.0016788030936371213
0.0017667283800124997
0.0018469535881484587
0.0019184157912356156
0.00198022979591478
0.002031701531362331
0.002072338331086446
0.0021018559554813934
0.0021201822562133396
0.0021274574379075433
0.0021240309274728445
0.002110454915830402
0.0020874746899165746
0.002056015923738369
0.002017169145148405
0.001972171639103967
0.0019223870877780771
0.0018692832823746966
0.0018144082703297842
0.001759365324316119
0.0017057871357792423
0.0016553096453890488
0.0016095459256847914
0.0015700605273214292
0.0015383446898064657
0.0015157928006732776
0.0015036804639989034
0.00150314451047103
0.001515165247360797
0.0015405512083677653
0.0015799266210444292
0.0016337217641129041
0.0017021663392346943
0.0017852859324976064
0.0018829015908721333
0.0019946324889977074
0.0021199016127119432
0.0022579443385344813
0.002407819743625089
0.0025684244392671536
0.002738508683335227
0.002916694494068643
0.003101495459291584
0.0032913379124024714
0.003484583129317432
0.003679550189307393
0.003874539137429198
0.004067854087027141
0.004257825907478303
0.004442834154781527
0.004621327920456344
0.004791845297148634
0.004953031186874197
0.005103653209438618
0.005242615503657219
0.005368970251915514
0.005481926798672973
0.005580858275006867
0.005665305683489851
0.005734979439864652
0.005789758409402255
0.00582968651581008
0.005854967038433037
0.005865954748648924
0.005863146068242116
0.00584716746065458
0.005818762289941703
0.005778776401664479
0.005728142694575118
0.005667864961635263
0.005599001283569149
0.005522647257813253
0.005439919340482645
0.0053519385690217304
0.005259814918812855
0.00516463252852621
0.005067436006820784
0.004969218007621439
0.004870908233123509
0.0047733639934757766
0.004677362420356515
0.004583594398993953
0.004492660250208299
0.004405067161377371
0.004321228333446866
0.004241463780787514
0.004166002692376027
0.004094987236929991
0.004028477671689869
0.003966458594883036
0.003908846165827156
0.0038554961043624253
0.0038062122729979075
0.003760755640893035
0.003718853428569014
0.0036802082359786367
0.0036445069641039725
0.003611429351376089
0.003580655960631424
0.003551875469687879
0.003524791138541035
0.0034991263482047306
0.0034746291298732718
0.0034510756278632745
0.003428272465184361
0.003406058006068056
0.0033843025348366503
0.0033629073946171914
0.0033418031521233148
0.0033209468755960353
0.0033003186316130978
0.003279917322492336
0.003259755999131998
0.0032398567941141695
0.0032202456265759734
0.003200946833624275
0.003181977882899241
0.0031633443173164906
0.003145035076139511
0.0031270183265236784
0.003109237926760807
0.003091610626927113
0.0030740240948359046
0.003056335835502651
0.0030383730511620187
0.0030199334666817573
0.003000787122461211
0.0029806791140588682
0.002959333235337892
0.0029364564603186556
0.0029117441786296085
0.002884886080874902
0.0028555725737742094
