0.005214670813824692
0.005371680440823083
0.005430380147752933
0.005385469631980924
0.005245268201893658
0.005029780595202709
0.004767436855275321
0.004491059632653182
0.004233685968338414
0.004024839200449452
0.0038877197807790824
0.003837587958493053
0.0038813847866404454
0.004018423627708706
0.004241821594472024
0.004540257377143246
0.004899650394236149
0.005304449212267999
0.005738370632091462
0.006184608536404621
0.006625692718758629
0.007043285576572459
0.007418233616290178
0.007731133326100996
0.007963538525407075
0.00809975745187923
0.008129002774070363
0.008047509791888174
0.007860164593046365
0.007581207747311598
0.007233703124355879
0.006847666917477695
0.006457001559721087
0.006095623801561938
0.005793364612455579
0.005572308133990557
0.005444202820955219
0.005409419162221421
0.0054576692107994405
0.005570389333780626
0.00572437815268581
0.005896037583282254
0.006065436984641618
0.006219438631669421
0.006353289272355432
0.006470370384000068
0.006580156816571341
0.006694792060317424
0.006824977843998046
0.006976036663731451
0.0071450018770261815
0.007319416065421718
0.007478202601923798
0.007594574684707106
0.00764053599210595
0.007592187387765664
0.007434853429090793
0.007167024603642935
0.0068022859231216225
0.006368742503754713
0.005905898207069523
0.005459412617442407
0.0050745663209591325
0.004789526629249195
0.004629573047323363
0.004603297432014114
0.004701461235651739
0.004898730708826141
0.005158004738377965
0.005436592641466809
0.005693175685038381
0.005894356459680642
0.006019688143534308
0.006064363675107796
0.006039177640795649
0.0059678688452787275
0.0058824154304347835
0.005817200325023618
0.005803129724731912
0.005862744001034539
0.0060071225299562735
0.006235002816984251
0.006534088632337495
0.006884101669341568
0.007260819729053535
0.0076402013731105105
0.008001746749938065
0.008330471185382441
0.008617219843661001
0.008857450409616337
0.00904896909593417
0.009189345061740135
0.00927379672674458
0.009294224470557855
0.00923978239464774
0.009098997677895723
0.008863043692342587
0.008529442756849848
0.008105293551458125
0.00760913437981262
0.007070773437655341
0.006528804211588947
0.0060260038989202866
0.005603287903142186
0.005293262851560919
0.005114600136223445
0.005068392804445482
0.005137358506164345
0.005288257008018785
0.005477290993182412
0.005657667459909617
0.0057880316683514305
0.005840244290876467
0.005805013385620564
0.0056942213953974675
0.00553935310188569
0.005386134902186449
0.0052862100147670526
0.005287262837670791
0.005423352628251384
0.005707248148504477
0.006126254680292084
0.00664243881189249
0.007197385607738941
0.007720805361389341
0.008141593164048447
0.008399467937180946
0.00845517072890664
0.00829741771923225
0.007945347672751226
0.007445981514940865
0.006867084142014396
0.006286627688688658
0.005780653977941818
0.005411612400465717
0.005219157044185848
0.005214940530379147
0.00538222362552598
0.005680260874329048
0.006052580006030734
0.006437599505736053
0.00677964505947739
0.0070383977454989075
0.0071951348449678055
0.007254742467106926
0.007243269736592655
0.007201609058746562
0.007176576011203659
0.007211101816226781
0.007335365977895454
0.00756047327965303
0.007875767857274767
0.008250179899805737
0.008637252162391786
0.008982834356564221
0.009233983380950519
0.009347443203037879
0.009296220653063852
0.009073184462187037
0.008691206915415773
0.008180021469947603
0.007580559090955073
0.006937941545311479
0.006294479972759593
0.0056839307365370816
0.005127929756883743
0.004635037957929466
0.004202288852640268
0.0038186455639128624
0.0034694433303330777
0.003140774473783305
0.002822879694425736
0.002511908872123256
0.00220983376073368
0.0019227386863968558
0.0016580859194169151
0.0014217704232931646
0.0012157996294688174
0.0010372569211888278
0.0008788752075530142
0.0007311358001978203
0.0005854115299099389
0.00043738248201498093
0.0002898361630287276
0.00015405216780558974
4.925082657326104e-05
0.0
3.1937309759126446e-05
0.00016657672628527746
0.000416236527530406
0.0007801856374883643
0.001242934479754175
0.001775219650994815
0.0023377177023557326
0.0028869718212422573
0.003382537339869269
0.0037940479714482344
0.0041068432066503095
0.0043250008971596815
0.004471058219592806
0.004582301925203267
0.0047041544612801845
0.004881752967488034
0.0051512012106412815
0.005532091321308817
0.006022712994050052
0.006598918724129104
0.007216972646850617
0.0078199934087823
0.00834694037266429
0.00874261100240069
0.008966907223232085
0.00900173212404995
0.008854279943269894
0.008556110945085791
0.008158145312895139
0.0077224319398743885
0.007312117931296546
0.006981359525113503
0.006766918591214434
0.00668288152121825
0.006719376383519512
0.006845452545812861
0.007015553769031006
0.007178392679278275
0.007286631493392264
0.007305659475850655
0.0072199472084498225
0.007035911719348783
0.006780858517273277
0.00649826029601389
0.006240263013843955
0.006058768271392817
0.005996650492279278
0.006080599140673343
0.006316751344071939
0.00668976498671567
0.0071653741123744955
0.007695877442565648
0.008227539403277435
0.008708607950927864
0.00909661309322162
0.009363799406295852
0.009499919954311306
0.009512102771040348
0.00942200458606408
0.00926090199607768
0.009063667634604311
0.008862696842791977
0.008682781852141554
0.00853770140097521
0.008428955546644244
0.008346694119496775
0.00827253014321145
0.008183653365470786
0.008057501003037922
