0.00892358511188445
0.009349643612178767
0.00965483360710439
0.009821639022747622
0.009843556960374537
0.009725972695334728
0.009485920782603371
0.009150601584705934
0.00875464505377598
0.008336281909231254
0.007932773441430525
0.0075756294592189515
0.007286268059642938
0.0070728030736753236
0.006928560452519923
0.006832719564598832
0.006753170198364457
0.006651315421207487
0.006488195825649962
0.006231029806977276
0.005859118006718464
0.005368088478345789
0.004771672932833282
0.004100579262106451
0.003398504296866881
0.0027158322708581775
0.002101997670089488
0.001597772077103992
0.0012288030448549705
0.0010015653761636873
0.0009025009796025923
0.0009005837683631864
0.0009529437072459479
0.001012627451252998
0.0010371659966716931
0.0009964420588849752
0.0008784410141534438
0.0006918198023059211
0.00046478021325381796
0.00024038952985778583
6.91339423361248e-05
0.0
7.166057935984946e-05
0.00030533930441584926
0.0007006379196334758
0.0012350850114626706
0.0018674965503590324
0.002544551143560018
0.003209402420668147
0.0038107851935351225
0.0043109889470257495
0.004691287267012526
0.0049538847736215925
0.005120085586797837
0.005225079354810749
0.005310353611023649
0.005415161383657009
0.0055686241500636936
0.00578390716267928
0.006055497276350396
0.0063600225008080685
0.006660391193961949
0.006912422471083517
0.007072701064621046
0.007106198725077867
0.006992290918458947
0.006728138906497925
0.006328931715105076
0.005825084680926838
0.005257053230405441
0.0046688349202245565
0.004101423661068877
0.0035874174007175883
0.00314768520750608
0.002790538310633304
0.0025133204664370815
0.002305845563664981
0.0021547631533110905
0.0020477932297136366
0.001976863539694341
0.0019394809803579167
0.001938105575090313
0.001977775092614445
0.0020626464171142602
0.0021923856590830722
0.0023593945204948225
0.0025476920089856445
0.002733912236218726
0.002890405476053155
0.0029899410790068257
0.0030111122138603737
0.0029433217045755403
0.0027902379228932966
0.0025708553674978043
0.002317732995184874
0.0020725305964936743
0.0018795112438485069
0.0017781150809109306
0.0017959451656122793
0.0019434868585509117
0.0022116051681479523
0.0025723774203592923
0.0029832118287928693
0.003393591239519834
0.003753283341538183
0.0040205712394513204
0.0041690389280487385
0.004191700973013014
0.004101747807905314
0.003929796739301207
0.0037181767905342857
0.0035133119819431707
0.003357601382968967
0.003282263476959931
0.003302406452530919
0.003415147361885698
0.00360101844406784
0.0038282822259968117
0.004059246911340247
0.004257330169152303
0.004393524993697651
0.0044510884764935804
0.004427664333115614
0.004334581006363138
0.004193630989980896
0.004032121096193865
0.0038772931515869582
0.003751292106636575
0.003667693559807598
0.003630234124490834
0.003633895450191089
0.0036679796742901585
0.0037203870785453325
0.0037820534003889248
0.0038504757990763102
0.003931457521588688
0.004038589279788043
0.004190479419895778
0.004406242717619884
0.0047001559716855455
0.005076604675763681
0.0055264331205233455
0.006025570695537937
0.006536386281702169
0.007011703290036319
0.007400892643965843
0.007657051383460475
0.007744050865383455
0.007642243846580504
0.0073518517212631095
0.0068934649995569235
0.006305600303801084
0.0056397663883361255
0.0049539028585963655
0.0043052928853522165
0.003744076086885251
0.0033083040581353374
0.003021134392891761
0.002890326190446528
0.002909772175871126
0.003062466115376014
0.0033241228684516054
0.003666670306052532
0.00406100488287647
0.004478696305965098
0.004892666473750272
0.005277170201405272
0.00560759703007967
0.005860648233168327
0.006015311952142524
0.006054792977438576
0.005969216187907376
0.005758597674595486
0.0054353495592050416
0.005025519501897795
0.004568095654964374
0.004112021058291708
0.0037110040894542447
0.0034166962938111623
0.0032712324869930407
0.003300392678237205
0.0035086800882125615
0.003877386678397708
0.004366261211258118
0.0049187786208000454
0.005470344377719002
0.005958181281300488
0.006331258219983932
0.0065585179249203224
0.006633879264296459
0.0065770041476612045
0.006429546168642414
0.0062474097243891465
0.0060902951114102785
0.006010344270401032
0.006041925030381058
0.006194446671651161
0.0064496020083902655
0.006763663348908254
0.007074556822024253
0.007312565366279675
0.007412827099157327
0.007327432449801866
0.007034952741374775
0.006545655497534211
0.005901405394409271
0.005170181998770464
0.004436097610401333
0.003786597093846955
0.003299020381376449
0.00302881601754836
0.0030013914180127893
0.003208928949528065
0.0036126082953928805
0.0041497190836336404
0.004744299272395007
0.005319348790448229
0.005808448665282931
0.006164798061896212
0.006366224464363593
0.00641551757167817
0.006336331050736329
0.006165717290329622
0.0059449540891448405
0.0057105796718967825
0.005487430427142333
0.005285004818707665
0.005097754691401429
0.004909077056104487
0.0046980100400053305
0.004447077883304166
0.004149491321487472
0.003814037764180468
0.0034664646061976674
0.003146876091034345
0.0029034878863453024
0.0027838511328125743
0.002825216718649498
0.003045948346685102
0.00343975882829785
0.003974058970009964
0.004592961403444396
0.005224612866042523
0.0057917023698970845
0.00622336714603752
0.006466414068739866
0.006493852360267337
0.006309183057482503
0.005945631569078235
0.005460406549049146
0.004924956733348645
0.004412914139745386
0.003987825639339656
0.003692809938325034
0.003543927820342109
0.0035283849286163738
