0.0004698633636764436
0.00042233305929700914
0.0003770033530511958
0.00033395804324296225
0.00029327513857029257
0.0002550266532081035
0.0002192784207162182
0.000186089927313381
0.00015551416499164365
0.00012759750487734774
0.00010237959117559057
7.989325596477817e-05
6.016445503684775e-05
4.32122249072566e-05
2.9048661047153266e-05
1.7678917318488885e-05
9.101226521477865e-06
3.306941893024525e-06
2.80599324709507e-07
0.0
2.4363130826585144e-06
7.554198022183831e-06
1.5311945977735655e-05
2.566163979957569e-05
3.8549331946836256e-05
5.3915239662626416e-05
7.169395667224647e-05
9.181468061788059e-05
0.00011420145539365397
0.0001387734274986218
0.0001654451154822164
0.00019412669151706256
0.00022472427409801743
0.00025714023083391524
0.00029127349026990355
0.0003270198616535042
0.0003642723615367603
0.000402921546090024
0.0004428558479901922
0.00048396191673752594
0.0005261249612506078
0.0005692290935884856
0.0006131576726526461
0.0006577936467290757
0.0007030198937423093
0.0007487195581089115
0.0007947763830973044
0.0008410750376240533
0.0008875014364436375
0.0009339430527191978
0.0009802892219956706
0.0010264314366339262
0.0010722636298049141
0.0011176824481861456
0.0011625875125490714
0.001206881665474685
0.0012504712054859806
0.0012932661069393878
0.0013351802250728996
0.0013761314856659329
0.0014160420588250494
0.0014548385164699627
0.001492451973155858
0.0015288182099305006
0.0015638777809877562
0.0015975761029427887
0.001629863526618011
0.0016606953912926853
0.0016900320614326452
0.0017178389459796464
0.0017440865003422574
0.0017687502112915647
0.0017918105650252133
0.0018132529987221742
0.001833067835967847
0.001851250206484572
0.0018677999506560587
0.0018827215093854984
0.0018960237998759998
0.0019077200779683357
0.0019178277877146283
0.0019263683989073836
0.0019333672333210988
0.0019388532804583442
0.0019428590036236833
0.0019454201371769439
0.0019465754758420327
0.0019463666569687502
0.001944837936662697
0.0019420359607124702
0.0019380095312537496
0.0019328093701166849
0.0019264878798061083
0.0019190989030635733
0.0019106974819560667
0.0019013396174284989
0.001891082030245784
0.0018799819242355446
0.0018680967527243296
0.0018554839890387099
0.0018422009019179396
0.0018283043366570497
0.001813850502768467
0.001798894768916628
0.0017834914658437296
0.0017676936979658872
0.0017515531642777662
0.0017351199891602674
0.0017184425636404134
0.001701567397605264
0.0016845389834227685
0.001667399671372053
0.0016501895572340588
0.001632946382340779
0.001615705446327883
0.0015984995327814801
0.0015813588479152976
0.0015643109723599484
0.0015473808260913948
0.0015305906464714058
0.0015139599793189576
0.0014975056828784071
0.0014812419444979851
0.0014651803097810074
0.0014493297239223434
0.0014336965848942712
0.00141828480809917
0.0014030959020616023
0.0013881290546895234
0.0013733812295936515
0.001358847271915742
0.0013445200230806096
0.0013303904438535183
0.0013164477450540253
0.0013026795252496838
0.0012890719147282772
0.0012756097250255186
0.0012622766032665653
0.0012490551905642072
0.0012359272837043846
0.001222873999340663
0.0012098759399136066
0.0011969133605085132
0.001183966335865861
0.0011710149267628882
0.0011580393449920736
0.0011450201161728444
0.0011319382396464725
0.0011187753447209133
0.0011055138425520256
0.0010921370729703333
0.0010786294455878511
0.0010649765745477074
0.0010511654063099529
0.001037184339900109
0.0010230233390824245
0.0010086740359573692
0.0009941298255224638
0.000979385950776872
0.0009644395779932062
0.0009492898618244246
0.0009339379999594546
0.0009183872770879484
0.0009026430979823012
0.0008867130095534354
0.0008706067117856978
0.0008543360575054426
0.0008379150409870353
0.000821359775449182
0.0008046884595433243
0.0007879213329840275
0.0007710806215189736
0.0007541904714827408
0.0007372768742241511
0.0007203675807412092
0.0007034920069004606
0.0006866811296587599
0.0006699673747447565
0.0006533844962948133
0.0006369674489732817
0.0006207522531400931
0.0006047758536591634
0.0005890759729691923
0.0005736909590638994
0.0005586596290513494
0.0005440211089819597
0.0005298146706516861
0.0005160795661008385
0.0005028548605399547
0.0004901792644419732
0.0004780909655447017
0.00046662746150917815
0.00045582539397803507
0.0004457203847732423
0.0004363468749649358
0.0004277379675321038
0.00041992527432208374
0.0004129387679989336
0.0004068066396509839
0.00040155516270525167
0.0003972085637711071
0.0003937889010075504
0.00039131595057800925
0.00038980710172363477
0.0003892772609509316
0.00038973876579227436
0.00039120130855857917
0.0003936718704623647
0.0003971546664466904
0.0004016511010112873
0.0004071597352817023
0.0004136762655206857
0.0004211935132335449
0.00042970142697093387
0.0004391870958837887
0.0004496347750360028
0.0004610259224312194
0.00047333924766092186
0.0004865507720321297
0.0005006338999845603
0.0005155595015593705
0.0005312960056346541
0.0005478095035970746
0.0005650638630743604
0.0005830208513102474
0.0006016402677218426
0.0006208800851396378
0.0006406965991924752
0.0006610445852640758
0.0006818774624141992
0.0007031474636263587
0.0007248058117154732
0.0007468029002028136
0.000769088478442414
0.000791611840262778
0.0008143220153702451
0.0008371679627460119
0.0008600987652574651
0.0008830638246962931
0.0009060130564508531
0.0009288970830184137
0.000951667425564356
0.0009742766927400145
0.0009966787659786676
0.0010188289805002557
0.0010406843012695395
0.0010622034931697271
0.0010833472846738664
0.0011040785243196746
0.0011243623293195615
0.0011441662256665886
0.0011634602791287976
0.001182217216558427
0.0012004125369792593
0.0012180246119542005
0.001235034774776244
