0.00019847229870618727
0.00020462810638135738
0.00021190429877756818
0.00022055890850680823
0.00023083497047363707
0.0002429545524391993
0.00025711319866270847
0.00027347488957657376
0.00029216761042928554
0.0003132796101280209
0.0003368564183518798
0.0003628986746350125
0.0003913608078069965
0.00042215058821345173
0.0004551295588225866
0.000490114334958886
0.0005268787462997726
0.0005651567792257465
0.0006046462629193707
0.0006450132290370643
0.0006858968625822444
0.0007269149510146886
0.0007676697298343116
0.0008077540160389467
0.0008467575160988504
0.0008842731924995931
0.0009199035725225972
0.0009532668847595832
0.0009840029128522785
0.0010117784620293072
0.0010362923420557933
0.0010572797800581482
0.0010745161881424907
0.0010878202235652876
0.0010970560931877473
0.0011021350687783187
0.0011030161951308443
0.0010997061886393444
0.0010922585396085207
0.001080771846877307
0.0010653874279929491
0.0010462862619095832
0.0010236853337301068
0.000997833462118605
0.0009690066994657694
0.000937503402506734
0.0009036390767205721
0.0008677411013729008
0.0008301434434282582
0.0007911814677302011
0.0007511869478404437
0.0007104833768028818
0.0006693816699548319
0.0006281763428872687
0.0005871422369367045
0.0005465318523862138
0.0005065733361048349
0.0004674691559314228
0.0004293954789999616
0.0003925022557120224
0.0003569139955013948
0.00032273120522179305
0.00029003244623376605
0.0002588769523749312
0.0002293077382569946
0.00020135511601077245
0.00017504052893799627
0.00015038060273579452
0.00012739130921085237
0.0001060921338306561
8.651013716201258e-05
6.868380127113619e-05
5.266655550827375e-05
3.8529881730459516e-05
2.636590684021163e-05
1.6289400403152318e-05
8.439106879122365e-06
2.9783554452301585e-06
9.490525649732962e-08
0.0
2.9266224457968285e-06
9.126957056481734e-06
1.886908624659507e-05
3.243296323568196e-05
5.0105721265461794e-05
7.217639490923007e-05
9.893014395903491e-05
0.0001306420836213369
0.00016757083619721577
0.00020995192881233748
0.00025799116887410324
0.0003118581335887281
0.0003716799119341586
0.0004375352368676589
0.0005094491422120849
0.0005873882726255616
0.0006712569663806
0.000760894219476995
0.0008560716260537694
0.0009564923743619582
0.0010617913599690217
0.001171536458682841
0.0012852309812399752
0.0014023173104579204
0.0015221816996871845
0.0016441601894133689
0.0017675455771586535
0.0018915953548235718
0.0020155405076948216
0.002138595050910461
0.0022599661625865826
0.0023788647584071097
0.0024945163405649534
0.002606171944780335
0.0027131190029282045
0.002814691935746862
0.0029102822902868767
0.002999348240247471
0.0030814232741333755
0.0031561239061855878
0.00322315625817205
0.003282321376189329
0.0033335191653889092
0.00337675084671507
0.0034121198629918775
0.0034398311866489463
0.003460189007618423
0.00347359280702916
0.003480531849807417
0.0034815781566922433
0.003477378043008637
0.0034686423373366587
0.0034561354175056047
0.0034406632236853294
0.0034230604283256444
0.003404176959929867
0.0033848640918025556
0.0033659603176969576
0.0033482772434713865
0.00333258572727294
0.003319602500291164
0.0033099774957198323
0.0033042821052547415
0.003302998570330345
0.003306510699515784
0.0033150960842734944
0.003328919962914994
0.0033480308574094864
0.0033723580801044515
0.0034017111778416416
0.003435781349873795
0.0034741448439140864
0.0035162683021115644
0.0035615159962840938
0.003609158859902507
0.003658385193647186
0.0037083128923778453
0.0037580030145720894
0.0038064744911686455
0.0038527197497267183
0.0038957210122647547
0.003934467011395749
0.003967969859696236
0.003995281801830692
0.004015511577929555
0.004027840130143068
0.004031535392144962
0.004025965913546355
0.00401061308753384
0.003985081770328823
0.003949109104972311
0.0039025713891024183
0.0038454888563862364
0.003778028273618489
0.003700503289689538
0.0036133725081042463
0.003517235290925556
0.0034128253383316834
0.0033010021238184186
0.003182740299856891
0.0030591172219562607
0.0029312987700286534
0.0028005236741921917
0.0026680865772022375
0.0025353200871461737
0.00240357609150759
0.002274206616898864
0.0021485445274452538
0.0020278843588200325
0.001913463584197199
0.001806444602902141
0.0017078977323765657
0.0016187854693839056
0.0015399482673931508
0.0014720920540906473
0.0014157776863470335
0.001371412510135028
0.0013392441603330787
0.0013193567005847892
0.00131166916697595
0.0013159365418296256
0.001331753146011842
0.001358558400400599
0.0013956448702112825
0.0014421684702912425
0.0014971606758713
0.0015595425521367765
0.001628140387856956
0.0017017026936427902
0.0017789183045832538
0.001858435310372052
0.001938880523841059
0.0020188791912526542
0.002097074644882217
0.0021721476003780517
0.0022428348080729445
0.0023079467787170105
0.002366384319806218
0.002417153638524071
0.0024593797909575454
0.002492318284291971
0.002515364668679416
0.002528061987909129
0.002530105992347433
0.0025213480532889567
0.002501795754282685
0.002471611171566926
0.002431106891869206
0.00238073985091294
0.0023211031094555615
0.002252915715025438
0.0021770108262281814
0.002094322302105587
0.0020058699811538916
0.0019127438929053865
0.0018160876591773796
0.0017170813519933967
0.001616924080655609
0.0015168165814410588
0.001417944079929744
0.0013214596881460131
0.001228468586675197
0.0011400132259426117
0.0010570597612146598
0.0009804859129628222
0.0009110704184353191
0.0008494842120664962
0.0007962834422170672
0.000751904400202851
0.0007166604051792819
0.0006907406557563932
0.0006742110267773412
0.0006670167580467848
0.0006689869514687346
0.0006798407645447314
0.0006991951619548501
