0.00417951423559247
0.004228674840401173
0.0042790248289118794
0.004327058567901285
0.004370938433559211
0.004410128292230924
0.004444487323513383
0.004473113515215387
0.0044933126192608225
0.004500061885159905
0.004486235917301156
0.004443683929350842
0.004365031244118044
0.004245871505441541
0.004086868507044003
0.0038952362695762075
0.003685132307586669
0.0034766769413203356
0.0032935716017110273
0.003159582459439903
0.0030944232618110895
0.003109755383867747
0.0032060796356604064
0.0033712022856056817
0.003580724564372957
0.003800666547744039
0.003991951405889156
0.004116115402496959
0.004141342568201907
0.004047805965380179
0.0038313595061196027
0.0035048626665904023
0.003096799469845051
0.0026473096865612766
0.002202204694858579
0.0018059109199654775
0.0014945010335756846
0.0012899936268462244
0.0011969166007804641
0.0012017654043595149
0.0012755042832503678
0.0013787389517592992
0.0014687226332086869
0.0015070264106913926
0.001466568974133756
0.0013367865986884083
0.0011260198628323217
0.0008606511684727783
0.0005810702980491552
0.0003350826178761938
0.000169815211514305
0.00012344534925518664
0.0002181271689656295
0.00045531662003039843
0.0008143198801265363
0.0012543778132807985
0.0017200323141429337
0.0021489917247879157
0.0024813072371258874
0.0026684549270103086
0.002680922510227969
0.0025131238930493596
0.0021848710325553635
0.0017391561240911824
0.0012365549376193346
0.0007470675643119515
0.00034058903056958774
7.739386203504733e-05
0.0
0.00012755553092369748
0.0004535043260548736
0.0009467958814509904
0.0015563863879223276
0.00221831041704431
0.002864253887522114
0.003430377720877472
0.003865149885093363
0.0041351344286328
0.00422802554069197
0.004152647237242592
0.003936097097218818
0.003618625695929036
0.003247150683318883
0.0028684621161374066
0.0025231638476685535
0.002241221197563273
0.0020396795974459165
0.0019227342371071993
0.001883930507215995
0.0019099246201516654
0.0019849900325191183
0.002095357429852497
0.002232539290230996
0.002395002931479171
0.002587881801501546
0.0028207973970838826
0.0031042368504700874
0.0034452275993915715
0.003843216044112153
0.004287058457487648
0.004753864201856507
0.005210117779401113
0.005615098262679776
0.005926181844895748
0.006105232556189659
0.006125028625407302
0.005974589797627907
0.005662387569528882
0.005216724875757906
0.004683019382339141
0.004118242809741867
0.0035832693166433986
0.0031342797669327077
0.002814581550090337
0.0026481903477662146
0.0026362739327441117
0.002757112964602013
0.0029696606829344146
0.0032201786530489597
0.0034508946035613636
0.0036092666557627946
0.003656314458693597
0.0035726200075615424
0.0033609904339344334
0.0030453480338613922
0.002666070699587487
0.0022726323497341745
0.001914874405267002
0.0016344860551340222
0.0014582340387051824
0.001394163863414879
0.0014314475092384858
0.0015438746554345087
0.001696298501088754
0.0018527806216447186
0.001984839826508369
0.0020781654981298536
0.002136420700232538
0.0021812913071442806
0.0022486407066907733
0.002381377146121752
0.002620293286601428
0.0029945704337249654
0.0035137669104528084
0.004162900027061203
0.004901715123124828
0.005668501853549627
0.0063879980890882565
0.006982164905402481
0.0073820626313330084
0.007538813100180324
0.007431747057491441
0.00707229268972648
0.006502882637091719
0.005791014343656123
0.005019437705767134
0.004274112504056117
0.0036319543985452035
0.0031504040286810934
0.002860506980135172
0.0027645479198250044
0.002838459810402441
0.0030383810749334455
0.0033100161443800394
0.0035989988493077196
0.0038603445013778892
0.004065321047583573
0.004204620350549754
0.0042874578253109625
0.004337026339060481
0.0043834242487519656
0.004455635036016467
0.004574271598995742
0.004746589765754928
0.004964768469380723
0.005207752248892127
0.005446197319616337
0.005649407479584086
0.005792722770393457
0.005863718208363693
0.00586580487925373
0.005818355959317778
0.005753200928011165
0.005708098295572572
0.005718455527812668
0.005808979129923866
0.005987019407145602
0.0062390994840221675
0.006531533418419988
0.006815252627673744
0.007034124038968583
0.007135320895915006
0.007079842545284515
0.006851169886916331
0.006460318528954007
0.005946168188081824
0.005370794148332447
0.004810448106784901
0.004343658230095693
0.004038484707599278
0.003941166914505294
0.004068188853760809
0.004403204879086566
0.0048994127159598215
0.0054869918733172806
0.006084321281284834
0.006611017635233129
0.007000519809886465
0.007210042809383371
0.007226217759990565
0.007065529613805761
0.006769612788180695
0.006396390440848275
0.006008774553853463
0.005663048204338118
0.0053990575225638104
0.005233953329754005
0.005160519498087969
0.005150243115374549
0.005160388851226519
0.00514360446241892
0.005058141978778205
0.00487670816628355
0.004592265203230517
0.004219723089826372
0.003793275618536305
0.0033599741203885203
0.0029708464606930354
0.0026713189128180414
0.002492804013409989
0.0024470638822460034
0.0025244002132298474
0.0026959709811752385
0.0029197366460915926
0.0031488484040702314
0.0033408379080075326
0.0034658344083339804
0.0035122415321404998
0.003488806883066675
0.0034227129896323076
0.003354072543549708
0.003327880609116775
0.003384936996962803
0.003553421242226851
0.0038426557124474677
0.004240164842693319
0.004712517958076213
0.005209751080828995
0.0056725307056729995
0.006040765271792656
0.006262166233977646
0.0062993375779701825
0.006134303357119746
0.005769893328758128
0.005227992154065367
0.004545203758938925
