0.002710706525264902
0.002689398053571078
0.0026706106857700283
0.0026540019785142614
0.002639194090268677
0.002625783740899338
0.0026133525052839516
0.002601477246675937
0.0025897404946821764
0.0025777405752950553
0.002565101306382084
0.0025514810812521846
0.00253658117520157
0.002520153125056369
0.0025020050493882668
0.002482006796955299
0.0024600938326480555
0.0024362697934074847
0.0024106076708073155
0.0023832496018296534
0.002354405274367059
0.002324348978719158
0.0022934153603855543
0.0022619939523739387
0.002230522586650222
0.0021994798038930054
0.002169376398050204
0.00214074624704478
0.0021141365930986184
0.0020900979453476578
0.0020691737835689954
0.0020518902448479932
0.002038745974852014
0.0020302023220744986
0.002026674047050418
0.002028520709255956
0.002036038882375706
0.0020494553340797955
0.002068921289672858
0.0020945078802646136
0.0021262028558067378
0.002163908621805449
0.0022074416361347357
0.0022565331795325674
0.002310831490457426
0.0023699052324069356
0.0024332482399367166
0.002500285468831239
0.0025703800565122174
0.0026428413811382537
0.0027169339922321735
0.0027918872723122793
0.002866905678100313
0.002941179401587641
0.003013895285669689
0.0030842478262665574
0.003151450092845523
0.0032147444020110905
0.0032734125842455984
0.0033267856918385687
0.0033742530063644964
0.003415270216546953
0.0034493666517381298
0.0034761514722745053
0.0034953187353447546
0.0035066512734106964
0.003510023341328999
0.003505402007797605
0.0034928472862628063
0.003472511019643311
0.00344463455184009
0.0034095452367064547
0.0033676518516741792
0.003319438998318148
0.0032654605855736945
0.0032063325029111993
0.0031427246003720806
0.003075352099867479
0.0030049665674645246
0.00293234657950336
0.0028582882163096157
0.0027835955160390056
0.0027090710178972075
0.0026355065187380565
0.0025636741600066973
0.0024943179533399628
0.002428145843066348
0.002365822392584386
0.002307962169377896
0.0022551238904964517
0.0022078053769412956
0.002166439351803346
0.0021313901034477815
0.0021029510217676502
0.002081343002760837
0.0020667137046274774
0.0020591376274237917
0.002058616978204245
0.002065083274671129
0.0020783996327345
0.002098363677141268
0.0021247110095046953
0.002157119164668872
0.0021952119843607677
0.0022385643364704073
0.0022867071089861077
0.0023391324094999594
0.002395298904171069
0.002454637233953646
0.002516555450612468
0.0025804444203967494
0.0026456831490550927
0.0027116439879762083
0.0027776976874601183
0.002843218269295942
0.0029075876967864294
0.0029702003259702856
0.0030304671269204622
0.0030878196685275167
0.0031417138640205226
0.003191633477564464
0.0032370933945574435
0.0032776426597126785
0.003312867287652937
0.003342392850597571
0.0033658868468358577
0.0033830608521289683
0.003393672454059576
0.0033975269667637707
0.0033944789205595603
0.003384433317865974
0.003367346643630628
0.0033432276153992496
0.003312137655315793
0.00327419106388086
0.0032295548733551472
0.003178448357399286
0.003121142173001897
0.0030579571110571618
0.002989262433183426
0.0029154737745751783
0.002837050595876363
0.002754493171252424
0.0026683391049935543
0.0025791593750474997
0.002487553908775985
0.0023941467038479753
0.0022995805153957047
0.0022045111392149123
0.002109601329718974
0.0020155144003735684
0.0019229075632470974
0.0018324250729089885
0.0017446912479857964
0.0016603034510375703
0.001579825113844139
0.0015037789005021836
0.0014326401047539392
0.0013668303805399414
0.0013067119057575004
0.0012525820785057639
0.0012046688426287666
0.0011631267350837803
0.001128033741550911
0.0010993890387847086
0.0010771116925484868
0.0010610403686627903
0.001050934101871232
0.0010464741530449959
0.0010472669699075291
0.0010528482501890935
0.001062688089167739
0.0010761971761912036
0.0010927339872926
0.0011116129037128802
0.0011321131693327528
0.001153488584004903
0.001174977814868568
0.0011958151942162527
0.0012152418606446642
0.0012325170903148695
0.0012469296573991884
0.0012578090574023096
0.0012645364241726765
0.0012665549711888854
0.0012633797901932938
0.0012546068454841984
0.001239921010154845
0.0012191030012205215
0.0011920350837942894
0.0011587054301011052
0.0011192110369578762
0.0010737591251490908
0.0010226669656115358
0.0009663601001891521
0.0009053689485832156
0.0008403238176314822
0.000771948353812636
0.0007010515044875659
0.0006285180774492454
0.0005552980114536788
0.0004823944921490324
0.0004108510678291627
0.0003417379373536523
0.0002761375980716795
0.0002151300543692422
0.00015977779727697626
0.00011111077222388617
7.01115553455138e-05
3.770095865155906e-05
1.4724280782162091e-05
1.938413045286932e-06
0.0
9.454840158651086e-06
3.072869560841727e-05
6.411965973619174e-05
0.00010979221006694674
0.0001677730488275043
0.00023794880759802858
0.00032006566472065853
0.00041373089543440713
0.0005184163454548816
0.0006334637893865415
0.0007580921064201543
0.0008914061777020217
0.001032407383026728
0.0011800055495462564
0.00133303218242213
0.001490254787159165
0.0016503920760922144
0.0018121298374486135
0.0019741372348252998
0.002135083297988185
0.002293653362753107
0.002448565218408841
0.002598584725695011
0.0027425406766912646
0.002879338679981918
0.003007973869946049
0.003127542257740151
0.003237250563187647
0.0033364243910154485
0.0034245146412863236
0.0035011020720334476
0.003565899961546013
0.0036187548479951395
0.0036596453546260833
0.0036886791390686726
0.0037060880349283677
0.0037122214822218466
0.0037075383699405806
0.0036925974386178605
0.0036680464128296393
0.003634610052710822
0.0035930773294984494
0.003544287942559325
