0.009520109984386856
0.009278373952418296
0.009093183014460226
0.008932130273290222
0.008750418366385914
0.008502209153670153
0.008152280088639592
0.00768566184077785
0.00711334243396232
0.006472878327990509
0.005823707331535621
0.005237935552336834
0.004788195599199749
0.004534703127345107
0.0045137871679495735
0.004729919649618622
0.005152674090959996
0.0057192134723722515
0.006341989949104987
0.006920490967171646
0.007355226373220622
0.00756181766534295
0.007483066916620583
0.007097232920467697
0.006421355992675814
0.005509241878328794
0.0044445118079740435
0.003329825512841688
0.0022738855103172913
0.0013780703388573071
0.0007245026512958906
0.00036706045238390096
0.0003263482218532924
0.0005890449941337913
0.001111433019625645
0.0018263712325934487
0.002652581252251946
0.0035049018165432093
0.004304152033507888
0.004985407982971908
0.005503801821268068
0.005837344104455878
0.005986689709845157
0.005972159729811188
0.005828649976716334
0.0055992692378707635
0.005328641023076097
0.005056770767350328
0.0048142395743488746
0.004619259776537425
0.0044768484835571165
0.004380078443894453
0.004313086920520835
0.004255295888511397
0.004186147603531953
0.00408960643676103
0.003957727608118937
0.003792740304198616
0.003607318207759256
0.00342298505848511
0.003266888820342722
0.0031674342737072463
0.0031494516266122857
0.003229667579300724
0.00341321824105919
0.0036918005258364415
0.004043818400444607
0.004436577114954652
0.004830258285036035
0.005183121894871648
0.005457174768442934
0.005623454046181798
0.005666116039157997
0.005584691492290594
0.0053941425012928625
0.005122691365395821
0.004807734229990991
0.004490447484099296
0.004209895085022781
0.0039975184201081464
0.0038728260337483767
0.0038409102179783575
0.0038921331539122994
0.0040039937364545666
0.004144860672101392
0.004278988603973447
0.0043720616605421835
0.00439645561826583
0.00433547842745592
0.004186022372494541
0.003959307357282442
0.0036796723662894087
0.0033816380784779717
0.0031056804729100414
0.002893296714366805
0.002781998442561634
0.0028008359928180897
0.002966954296394818
0.0032835294149885516
0.003739259032916121
0.004309404348687573
0.00495822330033959
0.005642507969933595
0.006315847992590308
0.006933187705039161
0.007455225985108782
0.007852222326940595
0.008106819748105445
0.00821557475724963
0.008188996718934433
0.008050041042020716
0.007831165492701131
0.007570233095230167
0.0073057086198495165
0.0070717240589826535
0.006893656371371293
0.006784846923190256
0.006744984852297686
0.006760478479456541
0.006806868778212018
0.006853031447210606
0.00686661568360931
0.006819929401528951
0.006695349173457048
0.006489341849834541
0.006214345604332303
0.005898057263059418
0.005580070629301318
0.005306246640571555
0.005121598482191669
0.0050627716764158615
0.00515133267941977
0.005389016630254355
0.005755825079359314
0.006211441735199498
0.006699912713635479
0.007157001934564748
0.007519172791744277
0.007732844904592353
0.007762486098322962
0.00759624599250224
0.0072481999810497695
0.006756794579682035
0.0061796822071722695
0.0055857064785569096
0.005045252135921772
0.004620430847446647
0.004356592582826476
0.004276430218144474
0.004377521512853935
0.004633600573489845
0.004999264051460301
0.005417293353529937
0.0058273977152023095
0.006175011164159741
0.006418829476702895
0.006536032400094908
0.006524548579719386
0.006402209248675328
0.006203116505612451
0.005971944504591217
0.005757139195397773
0.005604056083736318
0.005548980193773221
0.005614741743152144
0.005808329393047378
0.006120573316848467
0.00652768145301455
0.006994207552823053
0.00747693001764548
0.007929122888349568
0.008304780884242325
0.00856248236870546
0.008668697982395437
0.008600446022567878
0.00834724081781092
0.0079122780217267
0.007312768634563892
0.0065793006940730835
0.005754105590612956
0.004888159474541903
0.004037168704644122
0.003256661477301185
0.002596605967689475
0.0020961546701425476
0.0017792265877640762
0.001651641733063509
0.0017003921784617976
0.0018953726605388395
0.002193532339582389
0.0025450041593391335
0.0029003921370876293
0.003218125450714338
0.003470684431270515
0.003648603973616438
0.0037614646224633664
0.0038355515480101117
0.003908423030735143
0.004021186419567551
0.004209728688873876
0.0044964022006717935
0.004883666850629415
0.005350923973709032
0.005855280173460374
0.006336329622115542
0.006724351442608443
0.006950706368159683
0.006958795380114246
0.00671379251640132
0.0062095176850509685
0.005471252223935773
0.004553947998843109
0.003536029101807873
0.0025097038143190465
0.0015692681891167773
0.0007991937028250578
0.0002637977451050181
0.0
1.4126966893525036e-05
0.0002830411272522525
0.00075916502258547
0.0013783690851916796
0.00206929834116874
0.0027625887581444546
0.003398578825773031
0.00393251325143051
0.004336777782758498
0.004600286172798811
0.004725648140025508
0.004725086123027072
0.004616181441450255
0.004418407742715602
0.004151090373401141
0.0038329928880681714
0.003483276938237098
0.0031232109540388483
0.002777797835680144
0.00247649675269453
0.002252427415332165
0.0021398195473944616
0.002169922889502652
0.0023660228958443576
0.0027385165027499375
0.003281116997091894
0.003969143016248244
0.004760517706496138
0.005599619476091664
0.006423579408164638
0.007170121801486134
0.007785696652759473
0.008232531793796457
0.008493370003983713
0.008573034071756833
0.008496513768662967
0.008303890705601901
0.008042991845547081
