0.0009593496005155031
0.000955328599502753
0.0009516072174491511
0.0009482811077978771
0.0009454454635214867
0.0009431946535929963
0.0009416218607375603
0.0009408187217478069
0.0009408749716390279
0.0009418780929090346
0.0009439129711515636
0.0009470615582517685
0.0009514025443675944
0.0009570110398717828
0.0009639582683960343
0.0009723112720815574
0.0009821326300989601
0.000993480191455421
0.0010064068230583754
0.0010209601739528018
0.0010371824565937751
0.0010551102459574395
0.0010747742972321544
0.0010961993827675552
0.001119404148892783
0.0011444009931464909
0.001171195962390645
0.0011997886722078322
0.001230172247908078
0.0012623332873962717
0.0012962518460755074
0.0013319014438852132
0.001369249094496142
0.0014082553566074356
0.0014488744072142703
0.0014910541366383568
0.0015347362650380873
0.0015798564800406083
0.0016263445950648713
0.0016741247278330084
0.0017231154984974533
0.001773230246743334
0.0018243772671600257
0.0018764600621126372
0.0019293776112837987
0.0019830246569986394
0.002037292004391538
0.002092066835422212
0.0021472330357012416
0.0022026715330412915
0.002258260646610324
0.002313876445527059
0.0023693931157070186
0.0024246833337397324
0.0024796186465542848
0.0025340698556112506
0.0025879074043444754
0.0026410017675659657
0.002693223841541534
0.0027444453334436597
0.0027945391488914968
0.0028433797762957673
0.0028908436667387334
0.002936809608136119
0.002981159092449069
0.003023776674739574
0.003064550322892363
0.003103371756859901
0.0031401367763246556
0.0031747455757141505
0.003207103045549299
0.00323711905915493
0.003264708743813163
0.003289792735495114
0.0033122974163641156
0.0033321551343040504
0.003349304403789251
0.0033636900874775173
0.0033752635579748953
0.0033839828392896835
0.0033898127275635006
0.003392724890738809
0.0033926979468948786
0.003389717521057478
0.0033837762803613242
0.0033748739475183195
0.0033630172926184497
0.0033482201033638295
0.0033305031339093266
0.003309894032555314
0.003286427248609126
0.0032601439188014326
0.003231091733711818
0.0031993247847240253
0.003164903392095508
0.0031278939147877218
0.0030883685427629684
0.0030464050725101553
0.003002086666615616
0.0029555015982456762
0.0029067429814550435
0.002855908488279018
0.0028031000536078796
0.0027484235688784676
0.002691988565650831
0.002633907890166721
0.002574297370011646
0.002513275474023019
0.0024509629666036046
0.0023874825576120163
0.002322958549010215
0.0022575164794521306
0.0021912827679972198
0.0021243843581285546
0.002056948363246304
0.0019891017147950075
0.0019209708141661073
0.001852681189496613
0.0017843571584601696
0.0017161214981183406
0.0016480951228679684
0.001580396771484844
0.0015131427042249972
0.001446446410902775
0.0013804183308195968
0.001315165585369249
0.0012507917240947952
0.0011873964849188822
0.0011250755692137876
0.0010639204323198669
0.0010040180900617516
0.0009454509417505205
0.000888296610097749
0.0008326277984037721
0.0007785121653180556
0.0007260122174045215
0.0006751852196791729
0.0006260831242216761
0.0005787525168970591
0.0005332345821583683
0.0004895650858365093
0.00044777437575959213
0.000407887399981252
0.0003699237423359285
0.0003338976749789101
0.00029981822751066925
0.0002676892722285229
0.00023750962499432616
0.00020927316115493147
0.0001829689459025397
0.0001585813784153098
0.00013609034907449008
0.00011547140901331477
9.669595121497164e-05
7.97314023422578e-05
6.454142445020056e-05
5.108612570502277e-05
3.932227920853428e-05
2.920354900624552e-05
2.0680722340502325e-05
1.3701947196538729e-05
8.212974179808066e-06
4.157401757045134e-06
1.4769238914974156e-06
1.115791043841425e-07
0.0
1.0796623010284404e-06
3.287132453167938e-06
6.558312874478862e-06
1.082868394452444e-05
1.603354185136514e-05
2.2108231440841168e-05
2.89883732419421e-05
3.661008387452892e-05
4.491018908095977e-05
5.3826428661146166e-05
6.329765263109752e-05
7.326400796791731e-05
8.366711534925093e-05
9.445023534227805e-05
0.00010555842354618235
0.00011693867424245139
0.0001285400521592458
0.00014031381200898694
0.00015221350551233165
0.0001641950756763261
0.00017621693814974418
0.00018824004953406793
0.00020022796258412404
0.00021214686828773606
0.00022396562486878477
0.00023565577381243577
0.000247191543064887
0.0002585498376125562
0.0002697102176969382
0.0002806548649712825
0.0002913685369534566
0.00030183851017589124
0.0003120545124778905
0.0003220086449279233
0.0003316952939034782
0.00034111103389356255
0.00035025452162377487
0.00035912638213605693
0.00036772908748443334
0.00037606682873439257
0.0003841453819767412
0.0003919719690868404
0.00039955511397701674
0.000406904495103448
0.00041403079499917426
0.0004209455476116951
0.0004276609842272682
0.00043418987876411673
0.00044054539321366376
0.0004467409240023805
0.0004527899500370825
0.00045870588318345606
0.00046450192191150073
0.0004701909088221823
0.0004757851927474187
0.0004812964960902883
0.0004867357880443926
0.0004921131643007072
0.0004974377338170591
0.000502717513189871
0.0005079593291300476
0.0005131687295050146
0.0005183499033672562
0.0005235056103462588
0.0005286371197357447
0.0005337441595619016
0.0005388248758707756
0.000543875802424666
0.0005488918409482936
0.0005538662520158054
0.0005587906566198002
0.0005636550484134714
0.0005684478165670363
0.0005731557791299487
0.0005777642267413499
0.0005822569764827572
0.0005866164356195642
0.0005908236749316513
0.000594858511288345
0.0005986995990794998
0.0006023245300727521
0.0006057099412269932
0.0006088316299543091
0.0006116646762869291
0.000614183571372401
0.0006163623516894066
0.0006181747383483831
0.0006195942808156652
0.0006205945043772562
0.0006211490606386206
