0.001116473687396755
0.0010971660919965
0.0010775579600775056
0.0010576386116051737
0.001037399370581091
0.0010168336473813603
0.0009959370116588294
0.0009747072554873925
0.0009531444464680649
0.0009312509705591511
0.0009090315644363747
0.000886493337233136
0.0008636457815559414
0.0008405007737152851
0.0008170725631577437
0.0007933777511304977
0.0007694352586548135
0.0007452662839299726
0.000720894249333558
0.0006963447382277074
0.0006716454218237816
0.000646825976399626
0.0006219179912041435
0.0005969548674230231
0.0005719717086170148
0.0005470052030800436
0.0005220934985984303
0.0004972760701245373
0.00047259358090804876
0.0004480877376557635
0.00042380114031609914
0.00039977712710735657
0.0003760596154291252
0.0003526929393138855
0.0003297216840908541
0.0003071905189463589
0.0002851440280744334
0.00026362654111789646
0.00024268196360388225
0.00022235360807857925
0.00020268402664385234
0.0001837148455934468
0.0001654866028386133
0.00014803858880232707
0.00013140869144778397
0.00011563324609064479
0.0001007468906256033
8.678242677634981e-05
7.377068795400466e-05
6.174041428264423e-05
5.07181353218201e-05
4.072806098500228e-05
3.1791981119872175e-05
2.3929174181430354e-05
1.715632539209624e-05
1.1487454744583264e-05
6.933855163380846e-06
3.504041099432328e-06
1.2037077901374486e-06
3.570137338190782e-08
0.0
1.0937060441645104e-06
3.311049465796242e-06
6.643402333388147e-06
1.1079304469872268e-05
1.6604500138422355e-05
2.3201985639675167e-05
3.0852067646832846e-05
3.9532432060780925e-05
4.9218223123791757e-05
5.988213248784625e-05
7.149449789220865e-05
8.402341106484353e-05
9.74348344236944e-05
0.0001116927261169548
0.00012675917290635237
0.00014259453036433232
0.00015915756982496504
0.00017640563149956437
0.00019429478314150284
0.00021277998362066058
0.00023181525074644316
0.0002513538326594418
0.0002713483820956802
0.0002917511328140497
0.0003125140774670491
0.00033358914618735434
0.0003549283851581183
0.00037648413443318665
0.00039820920427473955
0.0004200570492801465
0.0004419819395770205
0.00046393912837572305
0.0004858850151816011
0.0005077773039852499
0.000529575155767878
0.000551239334680344
0.0005727323472786558
0.0005940185742254567
0.0006150643938962677
0.0006358382973608497
0.0006563109942438689
0.0006764555090050154
0.0006962472672166469
0.0007156641714567595
0.0007346866664765387
0.0007532977933446747
0.0007714832323149117
0.0007892313342087666
0.0008065331401518108
0.0008233823895491871
0.0008397755162339235
0.0008557116327699655
0.0008711925029404135
0.0008862225025001364
0.0009008085683203826
0.0009149601361012467
0.0009286890668754667
0.0009420095625739687
0.0009549380709696197
0.0009674931803605899
0.0009796955043983964
0.0009915675575079262
0.0010031336213873403
0.0010144196031145725
0.0010254528854240054
0.0010362621697516605
0.001046877312679776
0.0010573291564417709
0.001067649354176197
0.0010778701906433296
0.001088024399140238
0.001098144975369647
0.0011082649890343716
0.0011184173939426103
0.0011286348374198124
0.0011389494698301461
0.0011493927550147534
0.0011599952824549295
0.0011707865819661429
0.0011817949417233424
0.001193047230409364
0.0012045687242664086
0.0012163829398155897
0.0012285114729914547
0.0012409738454172835
0.001253787358522837
0.0012669669561792616
0.001280525096496025
0.0012944716333923164
0.0013088137085202022
0.0013235556540793605
0.0013386989070233086
0.0013542419351150396
0.0013701801752459023
0.001386505984385648
0.001403208603483945
0.0014202741345945328
0.0014376855314427116
0.0014554226036052594
0.0014734620344192958
0.001491777412683287
0.0015103392781595332
0.0015291151808332383
0.001548069753828912
0.001567164799830583
0.00158635939079823
0.001605609980719371
0.0016248705310818756
0.001644092648702098
0.0016632257354916484
0.001682217149696502
0.0017010123780941285
0.0017195552185879561
0.0017377879725939546
0.0017556516465716764
0.0017730861620118643
0.0017900305731548293
0.0018064232916785278
0.0018222023175625494
0.001837305475304434
0.001851670654637844
0.0018652360548782284
0.0018779404320009641
0.001889723347539569
0.0019005254183773973
0.001910288566495602
0.0019189562677329032
0.0019264737986089296
0.001932788480262733
0.001937849918561395
0.0019416102394405467
0.0019440243185490382
0.0019450500042839912
0.0019446483333198357
0.0019427837377558595
0.0019394242430310208
0.0019345416557822739
0.0019281117408534608
0.0019201143866956329
0.0019105337584365096
0.0018993584379365424
0.001886581550191465
0.0018722008754862936
0.00185621894675323
0.0018386431316356707
0.0018194856988124034
0.0017987638681898643
0.0017764998446258033
0.0017527208349047995
0.0017274590477443993
0.0017007516766701424
0.0016726408656581612
0.0016431736575051015
0.0016124019249466556
0.001580382284607812
0.0015471759939297439
0.001512848831279833
0.0014774709595125328
0.0014411167733092824
0.0014038647306853337
0.001365797169109857
0.0013270001067429687
0.0012875630293489799
0.001247578663499126
0.0012071427367290743
0.0011663537253663587
0.001125312590790491
0.0010841225049335107
0.001042888565871136
0.0010017175043942486
0.0009607173824869345
0.0009199972846707899
0.0008796670032053277
0.0008398367181610848
0.0008006166734053532
0.0007621168495601211
0.0007244466350078737
0.0006877144960331874
0.000652027647196537
0.0006174917230414759
0.0005842104522370649
0.0005522853352544218
0.0005218153266693275
0.0004928965231719545
0.0004656218583502028
0.00044008080529466215
0.00041635908805105325
0.00039453840292014587
0.00037469615057572256
0.00035690517993825356
0.00034123354470560097
0.00032774427340254435
0.0003164951537681967
0.00030753853225469734
0.00030092112936206923
