0.0018231229068857333
0.0018158754963077328
0.0017996844934242983
0.0017742862824960588
0.0017395847172069967
0.0016956535347818582
0.0016427359277876009
0.001581241280983492
0.0015117391285721722
0.0014349504342171832
0.0013517363414240803
0.0012630845845567268
0.00117009379014732
0.0010739559335851859
0.0009759372471318964
0.0008773579009847367
0.0007795707993617162
0.0006839398479697274
0.0005918180575054802
0.0005045258498945588
0.0004233299297731136
0.0003494230733431878
0.00028390517037654
0.00022776583309603942
0.00018186885831869516
0.00014693879708116723
0.00012354984955006954
0.00011211726298065083
0.0001128913675243206
0.00012595433954259582
0.00015121973554252269
0.00018843479270884357
0.00023718544508129517
0.00029690395851604155
0.0003668790434627359
0.0004462682630343251
0.0005341125155503106
0.0006293523363423424
0.000730845733701058
0.0008373872489130437
0.0009477279107976837
0.0010605957413217738
0.0011747164609625562
0.0012888340406215573
0.0014017307510724847
0.0015122463710624283
0.0016192962310805342
0.0017218877911679119
0.0018191354775793202
0.0019102735341484467
0.0019946666793038232
0.0020718183982142762
0.0021413767408370392
0.0022031375399797918
0.00225704500811929
0.0023031897168746185
0.0023418040079374097
0.0023732549281477804
0.002398034823527171
0.002416749766725775
0.002430106028846572
0.0024388948393611228
0.0024439757062926777
0.0024462585925443194
0.002446685262812418
0.0024462101286571746
0.002445780926805292
0.002446319567535404
0.0024487034860432516
0.0024537478200975064
0.002462188722270699
0.002474668094846637
0.0024917200105362006
0.002513759052826439
0.0025410707766641075
0.0025738044538156117
0.002611968228284179
0.002655426766274528
0.002703901443076722
0.0027569730666109713
0.0028140870949542856
0.0028745612636697105
0.002937595498869533
0.0030022839543234394
0.0030676289761848215
0.0031325567676141236
0.0031959344982239587
0.0032565885802840954
0.0033133238153535364
0.0033649431017187927
0.0034102673848914493
0.0034481555305455377
0.0034775238016579047
0.003497364629165639
0.003506764378001294
0.0035049198276537394
0.0034911531080984402
0.003464924857643178
0.003425845398479067
0.0033736837579929277
0.0033083743986224686
0.0032300215556224114
0.0031389011199364383
0.003035460041802645
0.0029203132691231096
0.0027942382723751065
0.00265816724432551
0.0025131770974542323
0.002360477414260178
0.002201396535024369
0.002037365993706246
0.0018699035350793203
0.0017005949646671334
0.001531075097288645
0.0013630080799053735
0.0011980673699002724
0.0010379156509043124
0.0008841849648911113
0.0007384573316239981
0.0006022461148738304
0.00047697837940345426
0.0003639784638667441
0.00026445297287864124
0.00017947736700187587
0.00010998430272547363
5.675384616457991e-05
2.0405654692410777e-05
1.3931905324185423e-06
0.0
1.6338062085056136e-05
5.0348180887907056e-05
0.0001018023685119987
0.00017030813879426589
0.0002553146080929872
0.0003561202775821475
0.00047188235239771135
0.0006016274367665749
0.0007442634310879492
0.0008985924469339526
0.0010633245491380615
0.0012370921305330375
0.0014184647244158963
0.0016059640623326907
0.0017980791901186098
0.0019932814630814573
0.002190039251522437
0.0023868322001574264
0.002582164899118133
0.0027745798397395263
0.0029626695449295358
0.0031450877812153125
0.0033205597772163033
0.00348789139096502
0.003645977185855382
0.003793807391740526
0.003930473743548785
0.0040551742044934395
0.004167216594307761
0.004266021154772635
0.004351122094989987
0.004422168167305725
0.004478922331458313
0.004521260569422959
0.00454916991657867
0.004562745776325576
0.004562188585239558
0.0045477998944177065
0.004519977930017256
0.0044792126923199225
0.004426080648177791
0.004361239066642196
0.004285420042174738
0.0041994242443205
0.004104114427312542
0.0040004087279857745
0.0038892737758036647
0.0037717176349155784
0.003648782595113446
0.0035215378264615
0.003391071911316668
0.0032584852674899132
0.003124882477435227
0.0029913645405703453
0.002859021069074666
0.0027289224516822835
0.0026021120149681614
0.0024795982172587656
0.0023623469164060357
0.0022512737590453
0.002147236745395872
0.0020510290299301896
0.001963372024099429
0.001884908872527297
0.001816198378441688
0.0017577094573910461
0.0017098162002906138
0.0016727936273887322
0.001646814213687755
0.0016319452635836804
0.001628147207923929
0.0016352728902846157
0.001653067901037721
0.0016811720077593115
0.001719121718808061
0.0017663540036086318
0.0018222111784761091
0.001885946950924749
0.0019567335985600717
0.0020336702411334904
0.0021157921464443554
0.0022020809928285892
0.0022914759933134396
0.0023828857694904912
0.0024752008471116997
0.0025673066306886212
0.0026580967013028504
0.0027464862707268604
0.002831425616093678
0.0029119133129926174
0.0029870090812206835
0.0030558460566547426
0.0031176423049503093
0.003171711398087906
0.003217471883193433
0.003254455484513074
0.0032823138938281697
0.0033008240217961044
0.0033098916024899326
0.003309553065519313
0.0032999756142371582
0.0032814554743141764
0.0032544143040026388
0.003219393785284485
0.003177048443354512
0.003128136770057777
0.0030735107545017196
0.0030141039506183824
0.0029509182364880196
0.0028850094432971577
0.002817472052460932
0.002749423177294635
0.0026819860603161196
0.002616273328491729
0.0025533702562500187
0.0024943182896861454
0.002440099084936813
0.002391619309159478
0.002349696443909183
0.0023150458180511094
0.002288269080827484
0.0022698443055318767
0.0022601178907190635
0.0022592983993391493
0.002267452447037279
0.0022845027195562448
0.002310228166218204
