0.0030903628285657014
0.003185965270447038
0.003281431113127133
0.003376235668000288
0.0034698939954055028
0.003561963883643667
0.003652047940815319
0.0037397948129554394
0.003824899557687019
0.003907103217248081
0.003986191648016414
0.004061993675344033
0.004134378652435743
0.0042032535100188385
0.004268559389549545
0.004330267956624224
0.004388377493089521
0.004442908866097664
0.004493901470093483
0.004541409233550028
0.004585496776327267
0.004626235795983454
0.004663701752420255
0.004697970910113812
0.004729117786117079
0.004757213040270873
0.004782321831897569
0.004804502654941211
0.004823806651327523
0.004840277390506076
0.004853951091950952
0.004864857257064471
0.00487301966765756
0.0048784577001511654
0.004881187898007133
0.004881225739773867
0.0048785875366073915
0.004873292391252098
0.004865364150251978
0.004854833282590389
0.004841738620968182
0.0048261289064357735
0.004808064082973714
0.0047876162957186125
0.004764870554682669
0.004739925034820125
0.004712890992940519
0.004683892292032667
0.004653064533813173
0.004620553810515474
0.004586515096858635
0.004551110312555881
0.004514506094429683
0.004476871324998386
0.004438374471114641
0.004399180791718475
0.004359449477895078
0.004319330791106489
0.004278963266636442
0.004238471048920257
0.004197961423532442
0.00415752260721174
0.004117221852488024
0.004077103917339124
0.004037189942979048
0.003997476774518372
0.003957936750021878
0.0039185179736155925
0.0038791450779776786
0.003839720471008126
0.0038001260509387307
0.0037602253638469056
0.0037198661676990288
0.0036788833578874627
0.0036371022009429608
0.003594341815885512
0.00355041883668556
0.0035051511846816846
0.0034583618766505374
0.003409882792629432
0.0033595583275982084
0.003307248852748641
0.0032528339152856755
0.0031962151104610666
0.0031373185657489395
0.0030760969846161446
0.0030125312060700626
0.002946631245909413
0.0028784367961628083
0.0028080171703602783
0.002735470693814718
0.0026609235497538357
0.0025845281036935394
0.0025064607396366556
0.0024269192522763257
0.002346119849151807
0.002264293825431217
0.002181683981484823
0.0020985408594926956
0.0020151188798565355
0.0019316724610436956
0.0018484522076005802
0.0017657012503870732
0.0016836518205942458
0.0016025221348417232
0.0015225136626738352
0.0014438088401853752
0.001366569284443566
0.0012909345529998235
0.001217021481299155
0.001144924118418109
0.0010747142685371563
0.0010064426321394293
0.0009401405273967115
0.000875822158832442
0.0008134873874196837
0.0007531249440527062
0.0006947160170888182
0.0006382381346400469
0.0005836692537305357
0.0005309919615271443
0.0004801976887705531
0.0004312908324209453
0.0003842926834885722
0.0003392450571077694
0.0002962135251552943
0.00025529015708964905
0.00021659568213460616
0.0001802809953430646
0.00014652794131157082
0.00011554932218861601
8.758809091278293e-05
6.291570608056747e-05
4.182964120137559e-05
2.4650058049829893e-05
1.171567105742212e-05
3.3788468697128725e-06
0.0
1.941361604998644e-06
9.56021346961572e-06
2.3201693006970423e-05
4.319128716720596e-05
6.982714334016283e-05
0.00010337233339987022
0.00014404721277582258
0.0001920220196896115
0.0002474098603521724
0.0003102602239086691
0.00038055316622582244
0.0004581942942695938
0.0005430106728988866
0.0006347477635309934
0.0007330674894911299
0.0008375475061610299
0.0009476817355496183
0.0010628822049191878
0.0011824822079417618
0.001305740784887142
0.0014318484959316242
0.0015599344392131468
0.001689074443139978
0.0018183003410815902
0.0019466102163190363
0.002072979486382385
0.0021963726790051635
0.0023157557372056803
0.002430108678751143
0.0025384384257243595
0.0026397916132989484
0.0027332671832953448
0.002818028567741392
0.0028933152705478892
0.0029584536615267724
0.0030128668062649774
0.0030560831677035336
0.00308774403048679
0.0031076095170171985
0.0031155630844048724
0.0031116144138218734
0.0030959006278041103
0.0030686857964012217
0.003030358719342191
0.002981428998129001
0.002922521438746192
0.002854368852031823
0.002777803344249054
0.0026937462145928924
0.002603196598848584
0.0025072190187981677
0.00240693001489451
0.002303484054872854
0.002198058923078813
0.0020918408041400494
0.0019860092800325427
0.0018817224614846098
0.0017801024729769996
0.0016822215053496194
0.0015890886412908219
0.0015016376468996748
0.0014207159072687314
0.001347074665883324
0.0012813607068720486
0.0012241095961169912
0.0011757405723253668
0.001136553152794007
0.0011067254912081777
0.0010863144968675429
0.001075257696696874
0.001073376793750583
0.0010803828491258965
0.0010958829887121424
0.0011193885124534833
0.0011503242621898797
0.0011880390850290484
0.0012318172129105976
0.0012808903658225116
0.0013344503762365728
0.001391662125901603
0.0014516765832698424
0.0015136437305681048
0.001576725173834224
0.001640106237031421
0.0017030073524773835
0.0017646945740728962
0.0018244890569232956
0.0018817753666016737
0.0019360085031489879
0.001986719548547543
0.0020335198714157565
0.0020761038486044737
0.0021142500897651105
0.002147821177337176
0.0021767619602983414
0.002201096464976182
0.0022209235097965224
0.002236411132625321
0.0022477899589690986
0.002255345656393284
0.0022594106348056173
0.0022603551634914685
0.0022585780837946993
0.002254497300985658
0.002248540240082883
0.0022411344481958525
0.002232698520393714
0.0022236335173019305
0.0022143150307671862
0.0022050860392478526
0.0021962506773717315
0.00218806902468953
0.0021807529974156143
0.0021744634042948404
0.0021693082040977604
0.0021653419780765016
0.0021625666064687167
0.0021609331142766154
