0.002766245459514999
0.002762599311599774
0.002758327298831829
0.0027534683135952177
0.0027480630729504246
0.0027421539105452843
0.002735784563282255
0.0027289999536406254
0.002721845968564841
0.002714369235839185
0.0027066168988744066
0.002698636390833572
0.0026904752090225097
0.0026821806904645893
0.0026737997895704456
0.0026653788588004855
0.002656963433201838
0.002648598019681762
0.0026403258918565806
0.0026321888912890497
0.0026242272358977955
0.002616479336290173
0.002608981620734834
0.00260176836945246
0.002594871558862793
0.0025883207163833757
0.0025821427863305024
0.0025763620074259657
0.0025709998023644223
0.0025660746798458443
0.0025616021494257206
0.002557594649482683
0.0025540614885491975
0.002551008800196223
0.0025484395116073455
0.0025463533259222257
0.002544746718373376
0.0025436129461845645
0.0025429420721437487
0.0025427210017085677
0.0025429335334483283
0.002543560422573269
0.0025445794572499045
0.002545965547350681
0.0025476908252371156
0.0025497247581283754
0.0025520342715618797
0.002554583883409389
0.0025573358478710403
0.0025602503088314244
0.002563285461925834
0.002566397724631723
0.0025695419136700713
0.0025726714289740545
0.0025757384434580955
0.0025786940977993032
0.0025814886994253786
0.0025840719248884972
0.0025863930247934236
0.0025884010304402186
0.0025900449613374893
0.0025912740327410223
0.002592037862375041
0.002592286675499081
0.0025919715074925655
0.002591044403141648
0.0025894586118285347
0.002587168777842443
0.0025841311250533096
0.0025803036352144097
0.00257564621918795
0.002570120880418434
0.0025636918700119435
0.002556325832815414
0.002547991943928226
0.0025386620351189187
0.002528310710662384
0.002516915452157281
0.0025044567119295114
0.002490917994675203
0.0024762859270455267
0.0024605503149257085
0.00244370418821149
0.0024257438329379063
0.002406668810667362
0.0023864819650963294
0.0023651894158924647
0.0023428005398261962
0.0023193279393127907
0.00229478739853225
0.0022691978273449817
0.002242581193270781
0.002214962441847102
0.0021863694057296223
0.0021568327029436027
0.0021263856247382778
0.0020950640135383274
0.002062906131526185
0.002029952520426441
0.0019962458530986622
0.001961830777577438
0.0019267537542284
0.0018910628867159658
0.001854807747502761
0.00181803919862184
0.0017808092084809234
0.0017431706654728151
0.0017051771891778908
0.0016668829399530331
0.0016283424277065788
0.001589610320660687
0.0015507412549011443
0.0015117896455098365
0.0014728095000670692
0.0014338542352996479
0.0013949764976360873
0.0013562279884126835
0.001317659294453398
0.0012793197247228192
0.0012412571537247855
0.0012035178722898455
0.0011661464463626338
0.0011291855843655856
0.001092676013678415
0.0010566563667334173
0.0010211630771853808
0.0009862302865714975
0.0009518897618316757
0.00091817082401301
0.0008851002884342435
0.0008527024165367947
0.0008209988795989079
0.0007900087344384504
0.0007597484111785278
0.0007302317130981274
0.0007014698285381401
0.0006734713547811267
0.0006462423337715937
0.0006197862994924233
0.0005941043367626471
0.000569195151172255
0.000545055149821319
0.0005216785324836178
0.0004990573927693709
0.0004771818288178359
0.0004560400630084611
0.0004356185701394292
0.00041590221348462375
0.0003968743881048
0.00037851717075585334
0.00036081147570705095
0.0003437372157546524
0.00032727346769204644
0.00031139864147607305
0.00029609065231097514
0.00028132709485636804
0.0002670854187538205
0.0002533431046582073
0.00024007783995489123
0.00022726769334215015
0.00021489128745998077
0.0002029279687516196
0.00019135797375265324
0.0001801625910146298
0.00016932431788535345
0.0001588270113866883
0.00014865603245256976
0.00013879838281492612
0.00012924283385326043
0.00011998004675479036
0.00011100268336578976
0.0001023055071515404
9.388547372138822e-05
8.574181041709136e-05
7.787608450653626e-05
7.029225957091902e-05
6.299673972142046e-05
5.599840133112895e-05
4.930861201915245e-05
4.2941236676518344e-05
3.691263037714767e-05
3.124161807188577e-05
2.594946101898074e-05
2.1059809960273686e-05
1.6598645108547357e-05
1.2594203067726583e-05
9.076890863660841e-06
6.079187318923374e-06
3.635532060075348e-06
1.7822025000940357e-06
5.571791917994076e-07
0.0
1.5160359047913102e-07
1.0541627826266865e-06
2.7509083593492585e-06
5.2859439725844e-06
8.704052825204717e-06
1.3050496850061655e-05
1.8370809144294077e-05
2.4710580451580083e-05
3.211524051668067e-05
4.062983516513164e-05
5.029879998637104e-05
6.116573152056002e-05
7.32731568680253e-05
8.666230265534191e-05
0.00010137286430358114
0.00011744277655213113
0.0001349079861956632
0.0001538022279922249
0.00017415680469711012
0.00019600037217008034
0.0002193587304926087
0.00024425462201727597
0.0002707075372530886
0.00029873352946863823
0.0003283450388693722
0.00035955072717633817
0.0003923553234012648
0.0004267594815770793
0.0004627596511640763
0.0005003479608099812
0.0005395121160971976
0.0005802353118629787
0.0006224961596279716
0.0006662686306160015
0.0007115220147931177
0.0007582208962970138
0.0008063251455693225
0.0008557899284429924
0.0009065657323752124
0.0009585984099536892
0.0010118292397402037
0.001066195004450995
0.0011216280864087256
0.0011780565801355653
0.0012354044218920177
0.0012935915359013012
0.0013525339969348838
0.0014121442088713542
0.0014723310987783136
0.001533000326005863
0.001594054505720556
0.001655393446250656
0.0017169143995576124
0.0017785123240947524
0.0018400801592626966
0.0019015091106221306
0.0019626889449784334
0.0020235082944094723
0.0020838549682678366
0.002143616272152081
0.002202679332808196
0.002260931427892869
0.0023182603195040837
0.002374554590362472
