0.003782042400179239
0.0037026228276997725
0.0036203715849848187
0.003535800120389018
0.003449397376176992
0.0033616270066784393
0.0032729255784817056
0.003183701733460662
0.0030943362740110396
0.003005183109721264
0.0029165709862121634
0.002828805900406267
0.0027421740923444095
0.0026569454921199515
0.0025733774917607644
0.0024917189061104965
0.002412213984038295
0.0023351063316734547
0.0022606426127902614
0.0021890758978699255
0.0021206685425934975
0.0020556944883692472
0.0019944408917160583
0.0019372090056106362
0.0018843142539204296
0.0018360854594122486
0.0017928632061488846
0.0017549973379444484
0.001722843615515632
0.0016967595756106706
0.001677099655297181
0.0016642096633356347
0.001658420697770991
0.0016600426241849546
0.0016693572421462648
0.001686611278000191
0.0017120093500229733
0.0017457070569570257
0.001787804342918804
0.0018383392905722395
0.0018972824902847953
0.001964532125788233
0.0020399099067682286
0.002123157965978557
0.0022139368231418894
0.002311824500334677
0.0024163168540759046
0.002526829168304104
0.0026426990302206256
0.0027631904880098144
0.00288749946614508
0.0030147603907880157
0.003144053955120485
0.0032744159327428926
0.003404846926936096
0.003534322925005681
0.003661806510461073
0.0037862585717457395
0.003906650334902581
0.004021975539155687
0.004131262569088571
0.004233586355015339
0.004328079854333381
0.004413944931111732
0.004490462458847157
0.004557001482090555
0.004613027286333105
0.0046581082419157125
0.004691921306508637
0.004714256091578494
0.00472501742085733
0.004724226332761519
0.004712019503561069
0.004688647093439856
0.0046544690429728
0.0046099498725345
0.004555652061309867
0.004492228105480426
0.004420411376411876
0.004341005918901129
0.0042548753464219415
0.004162931004547423
0.004066119585082526
0.003965410381718507
0.0038617823830882723
0.0037562114008767196
0.003649657429103241
0.003543052425881465
0.003437288700970053
0.0033332080814083556
0.0032315920136863326
0.003133152744481823
0.0030385257033071723
0.0029482631897769737
0.0028628294460073317
0.0027825971712781795
0.0027078455119463347
0.0026387595351106538
0.00257543117012885
0.0025178615781897115
0.002465964887164788
0.002419573207290871
0.0023784428232329078
0.0023422614400786606
0.002310656345114717
0.0022832033340786854
0.0022594362401772844
0.002238856896656239
0.0022209453592042377
0.0022051702130136946
0.0021909987908950283
0.002177907133383622
0.0021653895291722826
0.0021529674842792534
0.0021401979809091997
0.002126680901726069
0.0021120655119396784
0.002096055909888328
0.0020784153763286576
0.0020589695730541327
0.0020376085623763766
0.0020142876400360767
0.0019890269948824556
0.001961910228802236
0.001933081789536765
0.0019027433868694468
0.00187114947889272
0.0018386019294073424
0.001805443949737719
0.0017720534481794718
0.001738835917788779
0.0017062169981841245
0.0016746348494161547
0.001644532475775072
0.0016163501347008424
0.0015905179608393066
0.0015674489278914784
0.0015475322614187097
0.0015311274044152489
0.0015185586244955895
0.0015101103372480074
0.0015060232049791409
0.0015064910540341834
0.0015116586374480173
0.001521620253191595
0.0015364192120475436
0.0015560481334913824
0.0015804500331650078
0.001609520151880104
0.001643108463826413
0.0016810227909965182
0.0017230324419528168
0.0017688722860919861
0.0018182471696049543
0.0018708365764406498
0.0019262994367709322
0.0019842789866901817
0.0020444075860924483
0.0021063114067382573
0.002169614909301312
0.002233945036488268
0.0022989350589387066
0.0023642280212990436
0.0024294797473655297
0.0024943613752361274
0.002558561405719221
0.00262178725953691
0.0026837663508547617
0.002744246696099953
0.002802997087643426
0.002859806871487801
0.0029144853764143798
0.002966861048924574
0.003016780353620234
0.0030641065022981445
0.00310871807691882
0.0031505076117219286
0.0031893801981132523
0.003225252172595024
0.0032580499430455365
0.003287709002204756
0.003314173169454668
0.00333739409309064
0.003357331035484976
0.0033739509530885878
0.0033872288723612535
0.0033971485517353857
0.0034037034088780483
0.0034068976820952907
0.003406747784989109
0.0034032838046842984
0.003396551086325886
0.0033866118403187294
0.0033735467041217976
0.0033574561874694774
0.0033384619287832006
0.003316707691330817
0.0032923600304187017
0.0032656085675496103
0.0032366658139909156
0.003205766494473496
0.003173166331639768
0.0031391402631993103
0.0031039800763158704
0.0030679914572905444
0.0030314904688470592
0.0029947994819671747
0.002958242603952584
0.0029221406588798397
0.0028868057905381194
0.002852535770971673
0.002819608109574519
0.002788274068007016
0.002758752694747573
0.002731224999613211
0.002705828392870171
0.002682651515440407
0.002661729586066596
0.002643040388049769
0.002626501012293207
0.002611965464899373
0.00259922323655166
0.002587998917500752
0.0025779529263482838
0.0025686834032092034
0.0025597292985146086
0.0025505746680061733
0.0025406541627237553
0.00252935968038233
0.0025160481218778927
0.002500050174175517
0.0024806800189458122
0.0024572458454570198
0.002429061026820561
0.0023954558011323383
0.0023557892837311914
0.0023094616240583237
0.002255926110756769
0.002194701021962097
0.002125381014416746
0.0020476478452469346
0.001961280224067573
0.0018661626005594578
0.0017622927037600534
0.001649787663924245
0.0015288885657796594
0.0013999633030923188
0.00126350762838247
0.0011201443180395248
0.0009706204015805366
0.0008158024339333665
0.000656669820920329
0.0004943062400579157
0.00032988923083666476
0.00016467806025495958
0.0
