0.0
2.0057562948604807e-05
4.5817955171047805e-05
7.765939622295494e-05
0.00011588732385012538
0.00016072769978796222
0.00021232151255407895
0.0002707205695391278
0.00033588464954210093
0.00040768006452495125
0.0004858796561667358
0.0005701642291840608
0.0006601253997643353
0.0007552698142435079
0.0008550246707555384
0.0009587444553771601
0.0010657187846571296
0.0011751812286943694
0.0012863189734197429
0.001398283167707124
0.0015101997906113544
0.0016211808665751546
0.0017303358519833822
0.0018367830150366102
0.0019396606325764866
0.0020381378321773867
0.002131424915422262
0.0022187830086526847
0.0022995329004214396
0.0023730629401324146
0.0024388358896372847
0.0024963946385464734
0.002545366714347853
0.002585467539732681
0.002616502411410257
0.002638367196747866
0.0026510477663972314
0.0026546182022652203
0.0026492378403715653
0.002635147226947277
0.0026126630832293044
0.0025821723894989637
0.002544125711732287
0.0024990299045626655
0.002447440331931147
0.0023899527517002197
0.0023271950125688568
0.0022598187108407468
0.002188490951009203
0.0021138863478300297
0.002036679398708183
0.0019575373440242527
0.0018771136197163845
0.0017960419912957878
0.0017149314418272226
0.0016343618685959937
0.0015548806245772216
0.0014769999218031912
0.0014011950946788718
0.0013279037026116196
0.0012575254333781825
0.0011904227518135307
0.0011269222230125575
0.001067316425598158
0.0010118663590027751
0.0009608042393693767
0.0009143365717899888
0.0008726473823040869
0.0008359014914611491
0.0008042477123434597
0.0007778218597232491
0.0007567494634144317
0.0007411480877418234
0.0007311291702071837
0.0007267993056512775
0.0007282609172209198
0.0007356122719376966
0.0007489468162870585
0.0007683518256332872
0.0007939063800298388
0.0008256786977371784
0.0008637228760802981
0.0009080751067788871
0.0009587494491814516
0.001015733259567158
0.0010789823875110621
0.0011484162609389599
0.0012239129896683331
0.0013053046227285386
0.001392372697414914
0.0014848442177508182
0.0015823881967591254
0.0016846128906901946
0.0017910638441854458
0.0019012228534026736
0.0020145079395757597
0.0021302744085665145
0.002247817052979245
0.002366373532683269
0.0024851289474986833
0.0026032215927522273
0.00271974986483396
0.0028337802602306492
0.002944356388234908
0.0030505088950884005
0.0031512661761616953
0.003245665733334795
0.003332766017428064
0.0034116585807161502
0.0034814803525703166
0.0035414258424020604
0.003590759068554047
0.0036288250097760433
0.003655060377543134
0.0036690035127658538
0.003670303219383904
0.0036587263598363584
0.00363416405330466
0.00359663633670793
0.003546295170409632
0.0034834256951296392
0.003408445673253996
0.0033219030761584122
0.0032244718088360316
0.0031169455935402563
0.0030002300647945356
0.0028753331584459568
0.002743353906910059
0.0026054697808397605
0.0024629227436386335
0.0023170042090420156
0.0021690391129585785
0.0020203693284944614
0.0018723366672191025
0.0017262657199817605
0.0015834467967225337
0.0014451192265814495
0.001312455277108699
0.0011865449445086543
0.0010683818556758188
0.0009588505074461403
0.000858715049208549
0.0007686097920885583
0.0006890316016828948
0.0006203343022085504
0.0005627251884019273
0.0005162637080812923
0.00048086234352388824
0.00045628968429107554
0.00044217564846268497
0.00043801877402476906
0.0004431954679999838
0.0004569710684099082
0.0004785125438829217
0.000506902628204346
0.0005411551628385085
0.0005802313998727814
0.0006230570013188829
0.0006685394585653095
0.0007155856482421862
0.000763119237992257
0.000810097657714341
0.000855528358748943
0.0008984840951175915
0.0009381169771313989
0.0009736710681947066
0.0010044933201135704
0.0010300426702731238
0.0010498971552045221
0.0010637589287970839
0.0010714571091525495
0.0010729484152162702
0.0010683155922176454
0.0010577636629556415
0.0010416140794163916
0.0010202968854567725
0.0009943410356963499
0.0009643630477254997
0.000931054193694934
0.0008951664627863179
0.0008574975475194901
0.0008188751239409404
0.0007801407081473011
0.0007421333790932506
0.0007056736600678346
0.0006715478485364
0.0006404930762661902
0.0006131833689008309
0.0005902169566282503
0.0005721050655883506
0.0005592623935609159
0.0005519994437039673
0.0005505168571874786
0.0005549018500536193
0.0005651268221466444
0.0005810501671446092
0.0006024192732682612
0.0006288756648309395
0.0006599621961201178
0.0006951321718493952
0.0007337602332499011
0.0007751548164095538
0.0008185719602988139
0.000863230216569926
0.0009083263921445647
0.0009530518392014888
0.0009966089957498014
0.0010382278737478168
0.0010771821908346709
0.001112804846222109
0.001144502451092986
0.0011717686388243859
0.0011941959002581474
0.0012114857137551609
0.0012234567684846953
0.0012300511118339063
0.0012313380874267236
0.0012275159684084942
0.0012189112307293688
0.0012059754524555207
0.001189279866938774
0.001169507639256356
0.0011474439759684486
0.0011239642172202083
0.0011000200968515122
0.0010766243898239004
0.0010548341963314408
0.0010357331378915773
0.0010204127620441056
0.001009953468629069
0.0010054052816606614
0.0010077687963472443
0.0010179766307044764
0.0010368757054441226
0.0010652106644662544
0.0011036087315061474
0.0011525662765506247
0.0012124373388943822
0.001283424322589549
0.0013655710450643697
0.0014587582814287498
0.001562701906084094
0.0016769536903974936
0.0018009047711070427
0.001933791759540321
0.0020747054174069367
0.0022226017816206287
0.0023763155790550617
0.002534575733048996
0.002696022727520606
0.0028592275623453493
0.00302271200575254
0.0031849698263861454
0.0033444886697589675
0.0034997722314228288
0.003649362372503677
