0.00015183917604685837
0.00015986750612694673
0.00016835205449671506
0.00017730007338871234
0.0001867172321977609
0.00019660751958360532
0.00020697315207420506
0.00021781448968601243
0.00022912995904977146
0.00024091598450039936
0.0002531669275573924
0.00026587503518812905
0.00027903039721052596
0.0002926209131538814
0.00030663226885760614
0.00032104792304695764
0.0003358491040831636
0.0003510148170424616
0.00036652186123488237
0.0003823448582291888
0.00039845629040543065
0.00041482655001129066
0.000431423998652953
0.0004482150371058054
0.00046516418528508134
0.00048223417217174513
0.0004993860354447039
0.0005165792305269767
0.0005337717487109493
0.0005509202439864636
0.0005679801681554124
0.0005849059137778979
0.0006016509644580284
0.0006181680519422343
0.0006344093194697289
0.0006503264907835558
0.0006658710441817136
0.0006809943909612219
0.000695648057583845
0.0007097838708705851
0.0007233541455131655
0.0007363118731745213
0.0007486109124370205
0.0007602061788466899
0.0007710538342942413
0.0007811114749692444
0.000790338317122314
0.0007986953798718225
0.0008061456642962957
0.0008126543280613871
0.0008181888548410907
0.0008227192178066286
0.0008262180364732112
0.0008286607262145273
0.000830025639777371
0.0008302942001541118
0.0008294510241987311
0.0008274840364027667
0.0008243845722805935
0.000820147470848973
0.0008147711557235011
0.000808257704394444
0.0008006129052862526
0.0007918463022486411
0.0007819712261724066
0.0007710048134699045
0.0007589680112081449
0.0007458855687316762
0.0007317860156625276
0.0007167016262153937
0.0007006683698176418
0.0006837258480755719
0.0006659172181802835
0.0006472891028984724
0.0006278914873451519
0.0006077776027865711
0.0005870037977722194
0.0005656293969446122
0.0005437165479243084
0.0005213300567151744
0.000498537212121032
0.00047540759970939766
0.0004520129059007944
0.00042842671280295683
0.00040472428444801204
0.0003809823451271573
0.0003572788505514791
0.00033369275259900895
0.0003103037584370103
0.00028719208483445557
0.00026443820850283
0.00024212261332343273
0.0002203255353363904
0.00019912670638036738
0.00017860509728254148
0.00015883866150564075
0.00013990408016277414
0.0001218765093112989
0.00010482933043412068
8.883390501057242e-05
7.39593340693623e-05
6.0272223603122775e-05
4.7836456707693034e-05
3.671297328974594e-05
2.6959558163455136e-05
1.8630638330979386e-05
1.1777090212472833e-05
6.446057559323206e-06
2.6807807494623904e-06
5.204381259687205e-07
0.0
1.1500958963424086e-06
3.996895574946268e-06
8.562004314560147e-06
1.4862372895485358e-05
2.2910222667445364e-05
3.271298603598979e-05
4.4273262646762576e-05
5.758879149169696e-05
7.265243910478908e-05
8.945220395798663e-05
0.00010797123710980325
0.00012818787910112673
0.00015007571303412822
0.00017360363371183023
0.00019873593265760307
0.00022543239877613475
0.00025364843436026616
0.00028333518609187326
0.000314439690629801
0.0003469050343239854
0.00038067052654253895
0.00041567188604787683
0.0004518414398091803
0.00048910833359176
0.0005273987536194137
0.0005666361585637942
0.0006067415210753945
0.0006476335780339299
0.0006892290886621563
0.0007314430996162048
0.0007741892161379165
0.000817379878330145
0.0008609266415948887
0.0009047404602564677
0.0009487319733777641
0.0009928117917669661
0.0010368907851652704
0.001080880368602677
0.0011246927869093671
0.001168241396374183
0.0012114409425494751
0.0012542078332129193
0.0012964604055119636
0.001338119186335131
0.0013791071449765235
0.0014193499371854517
0.0014587761397220585
0.0014973174745719765
0.0015349090220084937
0.0015714894217290004
0.0016070010613339339
0.001641390251460344
0.001674607386929036
0.0017066070933132195
0.0017373483583880598
0.0017667946479739322
0.0017949140057415597
0.0018216791366042534
0.0018470674733809698
0.0018710612264737797
0.0018936474163641294
0.001914817888794064
0.0019345693125608439
0.0019529031599161701
0.00196982566962406
0.0019853477927942744
0.0019994851216706922
0.002012257801616045
0.002023690426595633
0.002033811918522973
0.0020426553908893105
0.002050257997156665
0.002056660764450032
0.0020619084131385758
0.0020660491629478136
0.0020691345262946366
0.0020712190895845993
0.002072360283255711
0.0020726181413951847
0.00207205505179474
0.0020707354973462594
0.002068725789712465
0.002066093796236959
0.0020629086610840673
0.0020592405216215658
0.0020551602210783365
0.002050739018524257
0.0020460482972311555
0.0020411592724812544
0.002036142699893473
0.0020310685853377674
0.0020260058975038846
0.0020210222841829943
0.0020161837933091098
0.0020115545997916626
0.002007196739151462
0.0020031698489492667
0.001999530918969741
0.0019963340510934387
0.001993630229756038
0.001991467103857198
0.0019898887809414924
0.0019889356344308497
0.0019886441246420397
0.001989046634274155
0.0019901713189998645
0.001992041973740707
0.0019946779151509835
0.001998093880777145
0.002002299945300113
0.0020073014542069997
0.0020130989751763143
0.0020196882673973416
0.002027060268980004
0.0020352011025465463
0.0020440920990309882
0.002053709839646669
0.002064026215916704
0.002075008507596923
0.002086619478256119
0.002098817488214521
0.00211155662447842
0.002124786847247123
0.0021384541525081716
0.0021525007501780515
0.0021668652571889564
0.002181482904867421
0.002196285759898311
0.002211202958117729
0.0022261609503311133
0.0022410837593084256
0.0022558932470668532
0.002270509391513146
0.002284850571482737
0.0022988338591811153
0.002312375319004938
0.0023253903116957977
0.002337793802758936
0.002349500674062165
0.002360426037517253
0.0023704855497367807
0.0023795957265543197
0.00238767425629442
0.0023946403106817056
0.0024004148522849093
