0.000576545851498367
0.0002284070843970188
3.146280204369828e-05
0.0
0.0001247286784324137
0.0003739200728294285
0.0006982757216589522
0.001038824928900213
0.0013366013635263282
0.0015425062118899157
0.0016256918982357192
0.001579016249111514
0.0014205898846679707
0.0011910907568832528
0.0009472372691533976
0.0007524701981986991
0.0006663777508583856
0.0007346216665926274
0.0009810451389637661
0.0014032783257106364
0.0019725679824827086
0.0026378472678049215
0.0033333538163018194
0.0039885211609376895
0.004538509708185209
0.0049336673304177115
0.005146424335776152
0.005174590057022322
0.005040642956567318
0.0047872809179903214
0.004470105348600062
0.004148749211271971
0.0038779556857983137
0.0037000459874737255
0.003639904718682598
0.0037031236669340375
0.003877373599477559
0.004136522556092806
0.004446584179413801
0.0047723311102147795
0.005083379755192414
0.00535873581680614
0.00558913904772934
0.0057769874795153345
0.0059340700987749895
0.0060777108823769415
0.006226163534465963
0.00639416204644459
0.006589428155863374
0.006810695405068266
0.007047486717026109
0.007281545303575124
0.0074895318741694155
0.00764641422842936
0.007728914580867878
0.007718444607769168
0.007603122664597563
0.007378688592991014
0.007048358181292614
0.006621844405305751
0.006113882053079047
0.005542611760894503
0.004928115662130249
0.004291274892369128
0.0036529757126136267
0.00303356507044798
0.002452380323477597
0.0019271698034562432
0.0014732810875843828
0.0011026047417861486
0.0008223920699227181
0.0006341793300886378
0.0005331141833580079
0.0005079701678841579
0.0005420459695342343
0.000614991310887152
0.0007054102022543882
0.0007939055451291017
0.0008660891812364911
0.0009150237270925516
0.0009426068995723623
0.0009595551204288609
0.0009838692966764244
0.0010379323639976724
0.0011446455989947125
0.0013232083221295945
0.0015852423828342601
0.0019319357213024996
0.002352728483935364
0.002825814591323281
0.0033204250358674177
0.003800551963421879
0.0042295214661343195
0.004574675051560123
0.004811403241358592
0.0049258935657573565
0.00491618785098724
0.004791447165654382
0.004569640697781309
0.004274148017670843
0.00392994194867952
0.0035600690198908276
0.0031830578990529315
0.0028116808430941574
0.002453209107865923
0.002110995375630327
0.0017869440107779427
0.001484245993175667
0.0012096956404208641
0.0009749831556817722
0.0007965572106733514
0.0006939383910882419
0.0006866840135063236
0.0007904974612037464
0.0010131850032808038
0.0013512488301317964
0.0017878476176822976
0.002292661783152232
0.0028239006900440053
0.0033323334547984643
0.0037668740905452375
0.00408096574500277
0.004238837524905497
0.004220681728233539
0.004025926109776093
0.0036740369685620265
0.0032026444159964137
0.002663176059784584
0.0021145582713800537
0.0016158375782604484
0.00121874352234332
0.0009612329009902692
0.0008629209554260309
0.0009230380269966212
0.0011211901739724452
0.0014208021738284105
0.001774739421280418
0.0021322964177062
0.0024465477522950634
0.002681009577377191
0.0028146619186861146
0.002844619925387682
0.002786081652159381
0.0026695733275931624
0.002535904871799572
0.002429583202697932
0.0023916606229320847
0.0024530864064702855
0.0026295666329355506
0.0029187267327494435
0.003300040491419378
0.0037375836005931647
0.004185246467302466
0.004593661507459539
0.00491782188376601
0.0051242361606130184
0.005196501318767344
0.005138385204218867
0.004973863285513667
0.004744004958938876
0.004501086133645112
0.0043007444361805565
0.004193321502745547
0.004215698403690216
0.004384894132351891
0.0046944621819326425
0.0051143169968020635
0.005594109021808496
0.0060697223911064585
0.006471978904986691
0.00673627561415302
0.006811721298118878
0.006668399411555677
0.006301665535042886
0.005732843676554871
0.0050062455923546275
0.0041830098220775455
0.0033327481427660355
0.0025243150713200064
0.0018171262205912658
0.0012543258473686051
0.0008587652922527151
0.0006322615613927451
0.0005580451923265662
0.0006057766943648015
0.0007381035760707626
0.0009175154264155164
0.0011122679637243621
0.0013003822605261632
0.0014711359420656964
0.0016239705312535457
0.0017652472229216344
0.0019036964151093899
0.002045646636884782
0.002191141184639243
0.002331852259684875
0.002451321362859285
0.002527564948747549
0.002537580994922151
0.0024628736680176355
0.0022948627112406284
0.002039013146424564
0.001716719381521425
0.00136437189712216
0.0010295524703235657
0.0007648488522944987
0.0006202488792375668
0.0006353770668427604
0.0008329138911202841
0.0012143710459913098
0.001759012375395489
0.0024261779713931715
0.0031606842808539937
0.0039004423101996833
0.004585055766896212
0.005164000025337418
0.005603069327006598
0.00588809605385775
0.006025432484403226
0.006039251685931869
0.005966266165505153
0.005848882797440065
0.005728036980762828
0.005636942403033836
0.00559676351643425
0.0056148156434663405
0.005685403443281756
0.005792918236650014
0.005916420672348766
0.006034708349310756
0.006130844722805007
0.006195301694949608
0.006227200755932407
0.006233554192313558
0.006226822318865235
0.006221431891378626
0.006230081652905107
0.006260662218022082
0.00631444557055993
0.006385895978863073
0.006464086696743228
0.006535354482777759
0.006586560743081617
0.006608207706351636
0.00659670311015546
0.006555264750299398
0.0064932621339836745
0.006424139303800196
0.006362375677635015
0.006320153494450789
0.006304466287091196
0.006315309303375191
0.00634536068755802
0.006381241828733987
0.006406105685673851
0.006403016235054446
