0.0019129355789458775
0.0019378827030354243
0.0019560685409846425
0.0019670086115124927
0.0019703170526138417
0.001965711758597326
0.0019530179714426648
0.0019321702621701027
0.0019032128639104133
0.0018662983453698802
0.0018216846409386768
0.0017697304813134717
0.0017108892957075836
0.0016457016830165579
0.0015747865742145992
0.0014988312313170416
0.0014185802490215755
0.001334823743237401
0.0012483849257703212
0.0011601072761468888
0.0010708415296818647
0.0009814327052320008
0.0008927073965126803
0.0008054615473285323
0.000720448923601636
0.0006383704837597372
0.0005598648340309552
0.0004854999367084993
0.0004157662177919049
0.0003510711959342108
0.00029173572773620853
0.00023799193558721437
0.0001899828539543365
0.0001477637987997507
0.00011130543321072415
8.04984709264849e-05
5.515992880883967e-05
3.5040809991416025e-05
1.983507200028047e-05
9.189709083167342e-06
2.715755795272643e-06
0.0
6.171782315836372e-07
4.142415149825055e-06
1.0163661843250876e-05
1.829388517994709e-05
2.8182762361813295e-05
3.9527641324229104e-05
5.2083538573881316e-05
6.567196132657802e-05
8.018836016836402e-05
9.560804161550928e-05
0.00011199039651830622
0.00012948132980113505
0.0001483138090596467
0.00016880648349726357
0.00019136035998960042
0.00021645355909741867
0.0002446342099677685
0.00027651157862100626
0.00031274555847393736
0.0003540346844655884
0.00040110286222749033
0.00045468503080683476
0.0005155120009876788
0.0005842947307990675
0.000661708314951482
0.0007483759753803697
0.0008448533455534847
0.0009516133415582322
0.0010690319081564014
0.0011973749179968155
0.0013367864871244401
0.0014872789500192498
0.0016487247129304224
0.001820850175614206
0.0020032318791884055
0.002195295002203849
0.0023963142887866093
0.002605417452458952
0.0028215910576785755
0.003043688838950827
0.0032704423752910397
0.0035004739965734948
0.0037323117586209025
0.003964406286465782
0.0041951492507208525
0.0044228932110546345
0.004645972533948486
0.004862725069715364
0.005071514256615207
0.005270751308150254
0.005458917133519899
0.005634583640916355
0.005796434078909784
0.0059432820825636905
0.006074089107997482
0.006187979961633651
0.0062842561579972665
0.006362406872250936
0.00642211729014107
0.006463274198118376
0.006485968699428809
0.006490495987247663
0.0064773521527033435
0.006447228053132906
0.006401000313334813
0.006339719579139914
0.006264596187521907
0.006176983459951433
0.00607835886503716
0.005970303332016746
0.005854479027745371
0.005732605935937149
0.005606437598084188
0.005477736390339173
0.005348248719425757
0.005219680523165536
0.0050936734574139305
0.004971782141120196
0.004855452815016093
0.00474600374734373
0.004644607692407922
0.004552276675027545
0.004469849336697273
0.004397981038067715
0.00433713686788785
0.0042875876615656346
0.004249409083771579
0.004222483779847465
0.0042065065510174995
0.004200992459363787
0.004205287721042857
0.00421858320108057
0.0042399302810456835
0.004268258832672116
0.004302396996717363
0.004341092437575322
0.0043830347208861885
0.004426878443992827
0.004471266737869237
0.004514854754276362
0.0045563327534586225
0.004594448415647644
0.004628028013845347
0.004655996105568169
0.004677393427097845
0.004691392704855213
0.004697312134258233
0.004694626316230489
0.004682974484710757
0.004662165904339769
0.004632182365186126
0.004593177750106777
0.004545474699291674
0.004489558444886091
0.0044260679355011025
0.004355784415120625
0.00427961766264187
0.0041985901363460025
0.004113819301354401
0.00402649844702428
0.00393787632480414
0.0038492359549231175
0.0037618729621502226
0.0036770738065518157
0.0035960942746300867
0.0035201385894792075
0.0034503394857945658
0.0033877395769626732
0.0033332743173930318
0.0032877568341696784
0.003251864868524949
0.003226130030173005
0.003210929526851819
0.0032064804882290694
0.0032128369583889985
0.0032298895852201194
0.0032573679889667763
0.0032948457467892665
0.0033417478861806093
0.003397360738267608
0.0034608439630921346
0.0035312445235843645
0.003607512353696035
0.003688517439575851
0.003773068011174433
0.0038599295256038666
0.003947844113190692
0.004035550152594608
0.0041218016426571155
0.004205387045731388
0.004285147289960559
0.004359992636052099
0.004428918137183267
0.004491017448321731
0.0045454947729342225
0.0045916747701922
0.004629010283717837
0.00465708779295057
0.004675630529624884
0.004684499243884713
0.0046836906464627045
0.004673333594374288
0.004653683126987593
0.004625112496434967
0.004588103370478946
0.004543234416541693
0.004491168502125218
0.0044326387688404
0.004368433854360095
0.00429938254853997
0.004226338176530365
0.004150163002850714
0.004071712946131649
0.003991822884664164
0.003911292818240358
0.0038308751323289517
0.0037512631867893742
0.0036730814235565075
0.0035968771565613312
0.0035231141731853145
0.003452168240424092
0.003384324571338412
0.0033197772690040928
0.003258630726752895
0.003200902925738445
0.003146530534464555
0.0030953756805497164
0.0030472342333034068
0.003001845407238208
0.002958902471955237
0.002918064333367921
0.0028789677353389894
0.002841239819781445
0.0028045107773087925
0.0027684263197114926
0.0027326597098886194
0.0026969230942835492
0.0026609778971739477
0.002624644055073515
0.0025878078926543455
0.002550428468555627
0.002512542249697397
0.0024742660056972818
0.0024357978500741014
0.0023974163914561226
0.0023594779953089048
0.002322412194058687
0.0022867153202124494
0.002252942472476069
0.0022216979582836867
0.002193624386946045
0.0021693906152239996
0.002149678771013146
0.0021351706005345
