0.0008141883861930938
0.0006996105581637225
0.0005914181923175126
0.0004905620170765168
0.00039787208611789435
0.0003140483218655799
0.00023965322048130687
0.00017510680034063487
0.00012068383881256597
7.65134047210831e-05
4.258065677657189e-05
1.8730842135159355e-05
4.67539466242708e-06
0.0
4.174464673020349e-06
1.6564199697167818e-05
3.6443105852407504e-05
6.300762832981408e-05
9.539173310198754e-05
0.0001326825463182598
0.0001739363914094519
0.00021819495645311235
0.0002645013266723399
0.00031191562361747435
0.00035953000343604186
0.00040648278142926646
0.000451971468516985
0.0004952645269228517
0.000535711676934068
0.0005727526135272725
0.0006059240204936029
0.0006348647999244065
0.0006593194660022767
0.000679139683440577
0.0006942839620920189
0.000704815549678915
0.0007108985937809819
0.0007127926716771649
0.0007108458119393041
0.0007054861544249793
0.0006972124151729697
0.0006865833393807975
0.0006742063389136482
0.0006607255204937188
0.0006468093167497915
0.0006331379346349892
0.0006203908343775067
0.0006092344472091497
0.0006003103317749164
0.0005942239575754865
0.0005915342892972361
0.0005927443287518845
0.0005982927517304323
0.0006085467557578189
0.0006237962119249934
0.0006442491901017808
0.0006700289023344481
0.0007011720845461054
0.0007376288122196655
0.000779263721972297
0.0008258585882263103
0.0008771161829159061
0.0009326653266797327
0.0009920670225741811
0.0010548215482560268
0.001120376370032204
0.0011881347323150564
0.0012574647689572733
0.0013277089787224593
0.0013981939057724818
0.0014682398674672739
0.0015371705758728562
0.0016043225060083394
0.0016690538728393446
0.0017307530901119312
0.0017888465970529832
0.0018428059534480899
0.0018921541193328408
0.0019364708521701364
0.0019753971715982194
0.0020086388592839032
0.002035968978769749
0.0020572294171413846
0.0020723314665569027
0.0020812554788929623
0.002084049640717539
0.0020808279282754478
0.0020717673129833445
0.0020571042969281866
0.0020371308649398305
0.0020121899448989574
0.0019826704710226594
0.0019490021459596396
0.0019116499966836545
0.0018711088164939812
0.0018278975810470043
0.0017825539204170146
0.001735628721907969
0.0016876809299254628
0.0016392725999013853
0.0015909642532877044
0.0015433105702522892
0.0014968564461726175
0.001452133427582319
0.0014096565331218529
0.001369921455504618
0.001333402131741603
0.0013005486610556294
0.001271785543218846
0.0012475102045920409
0.0012280917750280467
0.0012138700760857104
0.0012051547797133164
0.0012022246966929212
0.0012053271556481085
0.0012146774362320305
0.0012304582241240468
0.0012528190605378086
0.0012818757649214253
0.0013177098162313321
0.001360367685387705
0.0014098601190614133
0.001466161382583034
0.0015292084772840064
0.0015989003547616375
0.001675097157193983
0.0017576195187211897
0.0018462479678767166
0.0019407224749366948
0.0020407421907251665
0.0021459654247616058
0.002256009910590817
0.002370453404651987
0.002488834662115615
0.0026106548287711953
0.0027353792823450332
0.0028624399496612486
0.0029912381179547365
0.003121147749557628
0.003251519299291036
0.0033816840234047107
0.003510958758040096
0.0036386511341818363
0.00376406518515321
0.0038865072921492987
0.004005292403333928
0.00411975045289112
0.004229232898345757
0.004333119287660527
0.004430823762264795
0.004521801398436571
0.004605554287472897
0.004681637254943856
0.004749663121093375
0.004809307408149525
0.004860312405923143
0.004902490514551563
0.004935726792490651
0.004959980648741475
0.004975286630650917
0.004981754272247706
0.004979566982737333
0.0049689799702251885
0.0049503172116912705
0.004923967496409628
0.004890379586089582
0.004850056550706725
0.004803549353985258
0.0047514497764916215
0.004694382777019188
0.00463299840412012
0.0045679633790340485
0.0044999524786638444
0.004429639852481111
0.004357690410170765
0.0042847514173498
0.004211444434768401
0.004138357732015705
0.004066039299949081
0.00399499057693081
0.003925660992622796
0.0038584434197336415
0.0037936706089502295
0.0037316126655717857
0.0036724756083848977
0.003616401032388668
0.003563466877436542
0.0035136892850597193
0.0034670255060393106
0.0034233778020672824
0.003382598266442159
0.0033444944715368867
0.0033088358350872324
0.003275360583490535
0.0032437831785569133
0.0032138020647628166
0.0031851075872239756
0.003157389926490092
0.0031303468949770413
0.003103691441452521
0.0030771587144837083
0.0030505125430919733
0.0030235512029386296
0.002996112349032321
0.0029680770109988945
0.0029393725641371424
0.002909974608504431
0.002879907708803039
0.0028492449695070652
0.0028181064420909384
0.002786656383985538
0.0027550994115762735
0.0027236756117454512
0.002692654697728813
0.002662329314995094
0.00263300762107914
0.0026050052794417116
0.0025786370211646143
0.002554207939330715
0.0025320046890428645
0.002512286771013634
0.0024952780783732836
0.0024811588847197456
0.0024700584464545676
0.0024620483841575097
0.0024571369962554834
0.002455264643704639
0.0024563003270510696
0.0024600395573435305
0.0024662036002681665
0.0024744401489324055
0.0024843254553528617
0.002495367924341251
0.0025070131465976296
0.0025186503208912275
0.0025296199887225347
0.0025392229793004973
0.0025467304385094827
0.002551394793236725
0.00255246148240852
0.002549181268733723
0.002540822930823412
0.002526686124343968
0.0025061141934093513
0.002478506709708026
0.002443331517008264
0.00240013606274162
0.0023485578063092384
0.002288333505500731
0.002219307197804359
0.002141436712196886
0.0020547985689466294
0.0019595911496992635
0.001856136047246791
0.0017448775334617786
0.00162638011443048
