0.0015415636181184498
0.001690171669812324
0.001838092686652417
0.001983754807365368
0.0021256777138215777
0.0022624904699059365
0.002392947208022784
0.0025159404590994524
0.0026305119642890847
0.002735860851009004
0.00283134910170401
0.0029165042899992532
0.002991019604908659
0.0030547512287106083
0.003107713177237213
0.0031500697519324327
0.0031821257904540152
0.003204314936224734
0.0032171861766522826
0.0032213889242879885
0.0032176569346242163
0.003206791368273988
0.0031896433137661986
0.0031670960900568087
0.003140047645130574
0.0031093933588765255
0.0030760095449848183
0.003040737928243088
0.0030043713506999296
0.0029676409331791114
0.002931204888103742
0.002895639146113365
0.002861429923161685
0.0028289683173337407
0.0027985469862048928
0.002770358916873848
0.002744498262527863
0.002720963182213398
0.00269966058503455
0.0026804126468903547
0.002662964937645989
0.0026469959698090825
0.0026321279567804506
0.0026179385499243805
0.0026039733093337755
0.0025897586534430897
0.0025748150276747304
0.002558670032113627
0.002540871252725031
0.0025209985497145326
0.0024986755700485445
0.0024735802686057596
0.0024454542435446893
0.0024141107158179077
0.0023794410098568943
0.002341419421766275
0.002300106392344515
0.002255649934308813
0.0022082852956536968
0.002158332873523009
0.0021061944247420094
0.0020523476496788653
0.0019973392548523097
0.0019417766261840149
0.0018863182685674284
0.0018316631881024497
0.0017785394106017728
0.0017276918435513873
0.0016798696984162424
0.0016358136959071213
0.0015962432785248024
0.0015618440524044815
0.0015332556743010962
0.0015110603896570669
0.0014957724143152104
0.0014878283358774472
0.001487578691313531
0.0014952808555878938
0.0015110933522291088
0.0015350716713762348
0.0015671656543806553
0.0016072184770124676
0.0016549672362101866
0.00171004511860688
0.0017719851032334069
0.0018402251262840984
0.001914114613042393
0.0019929222613746566
0.002075844942934248
0.002162017572647768
0.0022505237843993726
0.002340407241245574
0.0024306834020810233
0.002520351563472251
0.0026084069953582712
0.0026938529924017077
0.0027757126688231102
0.002853040333373514
0.0029249322924570944
0.002990536943026481
0.0030490640324213796
0.003099792979461202
0.0031420801694680106
0.003175365155106641
0.0031991757145979943
0.0032131317386048007
0.003216947936531353
0.0032104353717615514
0.0031935018531483567
0.003166151226557283
0.0031284816251874277
0.0030806827505159198
0.0030230322668499824
0.0029558914014859803
0.0028796998492762495
0.0027949700849511294
0.002702281188843409
0.002602272291770936
0.002495635742852297
0.0023831101001033665
0.002265473037972275
0.00214353425873198
0.00201812848610793
0.0018901086099389632
0.0017603390403352986
0.0016296893189991011
0.0014990280244048556
0.0013692169966878763
0.001241105897638776
0.0011155271114107505
0.000993290982654044
0.0008751813810082185
0.0007619515743851842
0.0006543203884055969
0.0005529686258085037
0.00045853571769942684
0.0003716165781502969
0.00029275863489022693
0.00022245901155880854
0.00016116184112406748
0.00010925569544733161
6.707112242479419e-05
3.487828943808408e-05
1.2884739766141256e-05
1.2332768909390033e-06
0.0
9.192522171085332e-06
2.8748410441820603e-05
5.853389394688043e-05
9.834289228990425e-05
0.00014789642106642002
0.0002068424347541533
0.00027475616885493386
0.000351141043060377
0.00043543018521456113
0.000526988631896634
0.0006251162555268772
0.0007290514600398378
0.0008379756774449898
0.0009510186861333017
0.0010672647587563673
0.0011857596331173153
0.001305518284021335
0.001425533457726667
0.0015447849138311908
0.0016622493024672424
0.0017769105879153137
0.001887770913555359
0.001993861787821839
0.002094255456881594
0.002188076317464552
0.002274512212976558
0.002352825448016271
0.0024223633509707606
0.0024825682117052064
0.002532986421669096
0.0025732766471427346
0.0026032168729137476
0.0026227101634161394
0.002631789001234371
0.002630618078761718
0.0026194954375330986
0.002598851871096564
0.0025692485309563966
0.002531372700773726
0.002486031731259694
0.002434145156612408
0.002376735042468848
0.0023149146446768357
0.002249875487232984
0.0021828729959638697
0.002115210851434275
0.0020482242496425345
0.001983262281823604
0.0019216696646679437
0.0018647680690608082
0.0018138373086789093
0.0017700966591315686
0.0017346865835442945
0.0017086511413630296
0.00169292135358884
0.001688299789590631
0.0016954466281219997
0.0017148674282978086
0.0017469028252563457
0.0017917203403079584
0.00184930846688769
0.0019194731619919215
0.0020018368384529233
0.002095839916910333
0.0022007449582411957
0.002315643358112706
0.002439464545854044
0.0025709875906513207
0.002708855079803883
0.002851589097085795
0.0029976090947607986
0.0031452514211020785
0.0032927902369285227
0.0034384595301986402
0.0035804759175518015
0.003717061906240132
0.0038464692794601537
0.003967002262901614
0.0040770401305232195
0.004175058913194479
0.004259651884872687
0.004329548517284411
0.004383631615433312
0.004420952372354744
0.004440743111993712
0.004442427523431525
0.004425628227393686
0.004390171556441778
0.004336089472840171
0.004263618592107525
0.004173196324998851
0.004065454195384739
0.003941208435464304
0.0038014480022401423
0.0036473201994907173
0.0034801141269240436
0.0033012422121583593
0.0031122201110777457
0.0029146452874459546
0.0027101746029993892
0.002500501264230446
0.0022873314814556216
0.002072361199373156
0.0018572532560838604
0.0016436153195059984
0.0014329789363893722
0.0012267800099504764
0.0010263409978279333
0.0008328550930016718
0.0006473726170176622
