0.0021688576824972546
0.001967489624737244
0.001708448438297819
0.0014001125199423646
0.0010687708316679356
0.0007550275389457961
0.0005070414472499968
0.00037178370530290515
0.0003859342277435082
0.0005681721197097339
0.0009144114795074892
0.0013970202849468772
0.0019683273478501165
0.0025679069011165867
0.00313238873403999
0.0036060203754627504
0.003950014174331781
0.004148892847402578
0.004212577210879387
0.004173745987621278
0.004080894420384692
0.003988355552459827
0.00394516247338706
0.003984897620183549
0.004118536229613678
0.004331761883193872
0.004587404628990312
0.004832677467167581
0.00500994766524549
0.005069055401389409
0.004978826670841981
0.004735498508421176
0.0043662798639281415
0.003927126626520313
0.0034948626904029085
0.003154838904107141
0.002986191697058565
0.0030472782317090452
0.0033639228782161015
0.0039226908337286395
0.004670575995617149
0.0055213945093571856
0.006368005657176311
0.007098446213771886
0.007613348989119939
0.007841750814764238
0.007752629840651752
0.007360208058924693
0.006722092058257488
0.0059305227116122645
0.005098154790597849
0.004340691910407465
0.003759206907005542
0.003425000241633578
0.0033693917816821637
0.0035799900067813766
0.0040038897252519705
0.004557105804560226
0.005138551607525628
0.005646182230355984
0.005992651655216109
0.006118011838111516
0.00599756443358207
0.00564384846934904
0.005102750535506562
0.004444682697261448
0.0037525273553658416
0.003108480094270225
0.002581974621745898
0.0022205596267394507
0.002044989742742466
0.0020490121466199655
0.0022035197874049678
0.002464041426227771
0.002780059421453268
0.0031044547458047743
0.0034014870597074936
0.003652085111545328
0.0038557668442239317
0.004029122752658074
0.004201370168956378
0.00440792642378866
0.004683192940363174
0.005053767783659608
0.005533128702730445
0.0061185030863108985
0.006790236952691513
0.007513569071701814
0.008242376385300123
0.008924230321467993
0.009506010850529639
0.009939359512594462
0.010185385301140345
0.010218226088516493
0.010027268316138956
0.009618001057963383
0.009011603505390273
0.00824343078450423
0.007360581094909923
0.006418717766381293
0.005478307156645584
0.004600437889010158
0.003842419508626173
0.003253416955342887
0.002870446344275782
0.002715113513454409
0.00279149309270835
0.00308550057708798
0.003565992412600783
0.004187644343079771
0.0048954276369104705
0.005630261412979117
0.006335209825551295
0.006961457468335533
0.007473267884817936
0.007851224781256074
0.008093268586303671
0.008213345828935351
0.008237840668496432
0.008200300998695766
0.008135248467120137
0.008072023643928478
0.00802963302466238
0.008013425655446684
0.008014151598146769
0.008009583136297372
0.007968470379502421
0.007856221143225187
0.007641402920757934
0.007302011283076242
0.006830461473282208
0.006236439464623888
0.00554706987679671
0.004804272660235093
0.0040596247712471455
0.0033674480581447038
0.0027771463091530156
0.0023259639778156252
0.0020333102533249417
0.001897585479248118
0.0018960900804514676
0.001988139997793876
0.0021210239934842936
0.002237990245726621
0.0022871112144012846
0.002229701074478274
0.0020469804436122688
0.0017439019467596771
0.0013494412328753033
0.0009131687314797568
0.0004984753329639832
0.00017334811541648608
0.0
2.488353997477568e-05
0.0002706221752789284
0.0007311623805655696
0.001371012334162481
0.0021288450699999137
0.002925090268050173
0.0036725167334381043
0.004288314724843241
0.004705905555019268
0.004884687957168522
0.004816190112495858
0.004525603188100009
0.004068356241802436
0.003522151536153383
0.002975595412825078
0.002515116788411901
0.002212168196435586
0.0021126961364405505
0.00223054026364021
0.0025458189509541627
0.003008573280126479
0.0035470973380043003
0.004079618197326632
0.004527433149987707
0.004827361936898485
0.004941475802943739
0.004862511983475723
0.004614101565073064
0.004245812035226176
0.0038238857003980472
0.0034192900164666407
0.003095156787614833
0.0028957909531288303
0.0028391545252027302
0.0029141218966020916
0.00308296371180574
0.0032885944400939063
0.0034652768907741547
0.003550865777459364
0.0034984027168204986
0.003284996826099509
0.002916418007783253
0.002426606141837366
0.001872218550437454
0.0013232329832205281
0.0008513301752197228
0.0005181686951253369
0.0003656634400759861
0.0004099878994859394
0.0006403119743577834
0.0010223940576835656
0.0015062358334344147
0.0020362523656026967
0.002561951653921166
0.0030470443345974123
0.0034752302388486463
0.0038515725613639485
0.004199245819873234
0.004552362523279747
0.0049463677712712545
0.005407987513243867
0.005946825646734861
0.00655040211839643
0.007183762894084506
0.007793897422494613
0.008318241422958655
0.008695708489649099
0.00887814804165166
0.008839981260233712
0.008584056975760349
0.008142448440518146
0.0075718561454158565
0.006944314577108297
0.006334825086551245
0.005808173049520145
0.005407407296605581
0.005146212529190942
0.005006728260294001
0.0049433801252736324
0.004892171417426115
0.004783842215024052
0.004558537003777751
0.004179277371332506
0.003641685470664114
0.0029780268495172234
0.002254630071098844
0.0015629186210201211
0.0010054447337730916
0.0006792346301656132
0.0006592716244668796
0.0009849619798769338
0.0016519432288510686
0.0026106923471782032
0.0037722334215246787
0.0050200383561406665
0.006226173946377981
0.007269056473588723
0.008049948086228
0.008505599443102264
0.008615152379672844
0.008400429096639987
0.00791986372959502
0.007257375433218274
