0.0025106852080996975
0.002515182081417949
0.002518345046267504
0.002520967362695912
0.0025238714649306903
0.0025278925136086776
0.0025338616471447238
0.0025425892250684214
0.0025548483564150383
0.002571359001471518
0.0025927729254344276
0.0026196597680038826
0.002652494473868192
0.002691646305758926
0.0027373696346784716
0.0027897966714907217
0.0028489322708461556
0.002914650902959572
0.0029866958516844232
0.0030646806592718795
0.0031480927998219117
0.003236299525388897
0.0033285557916504886
0.0034240141346226173
0.0035217363367135825
0.0036207066900248138
0.003719846637744476
0.0038180305512035924
0.003914102381067885
0.004006892906543781
0.004095237296627748
0.004177992692484917
0.004254055520081664
0.004322378247206539
0.0043819853088975635
0.004431987939870485
0.004471597671549567
0.004500138274401558
0.004517055953055833
0.004521927631687546
0.0045144671998197765
0.0044945296234932194
0.004462112863051178
0.004417357575961894
0.004360544620504385
0.004292090413130946
0.004212540228250796
0.0041225595634373155
0.0040229237250586705
0.003914505818522656
0.00379826335321593
0.0036752236943693763
0.0035464686121254724
0.003413118191723733
0.0032763143777375077
0.0031372044295526922
0.0029969245647221768
0.0028565840614902522
0.0027172500817726247
0.002579933461396044
0.002445575695719665
0.002315037326224358
0.0021890879076777825
0.0020683977065334078
0.001953531249821796
0.0018449428105044555
0.0017429738806778808
0.0016478526487511938
0.0015596954613985895
0.001478510216328873
0.0014042015983281658
0.0013365780392042893
0.0012753602527450876
0.0012201911691076125
0.0011706470696383363
0.0011262497033843132
0.0010864791508226697
0.001050787188870054
0.0010186109042170995
0.0009893862995685003
0.0009625616394787837
0.0009376102890980799
0.0009140428101419241
0.000891418093558298
0.0008693533273947138
0.0008475326209113503
0.0008257141316258072
0.0008037355702397236
0.0007815179887719994
0.0007590677891563071
0.0007364769224755899
0.0007139212823115023
0.0006916573287858718
0.0006700170121740304
0.0006494010959024507
0.0006302710077583508
0.0006131393747261023
0.0005985594205586344
0.0005871134255795967
0.0005794004649419175
0.0005760236543556484
0.0005775771409287579
0.0005846330811000813
0.0005977288476221728
0.000617354703189662
0.000643942169699329
0.0006778533094404695
0.0007193711179892528
0.0007686912085269539
0.0008259149440897665
0.0008910441483120095
0.0009639774970174698
0.0010445086630558955
0.0011323262556130387
0.001227015563402697
0.0013280620792463149
0.0014348567521281195
0.0015467028824381326
0.0016628245473180427
0.0017823764163115566
0.0019044547933579378
0.002028109699974194
0.0021523577966121345
0.0022761959249545187
0.0023986150435673396
0.00251861432301949
0.002635215164411452
0.0027474749072408985
0.0028544999986212433
0.002955458405932241
0.0030495910688220504
0.003136222203834217
0.003214768295475238
0.0032847456308881034
0.003345776261025851
0.0033975922988569406
0.003440038494180642
0.0034730730545618265
0.0034967667121736405
0.003511300066423904
0.00351695926160233
0.0035141300869034474
0.003503290612561137
0.003485002500016378
0.003459901145612892
0.003428684835908216
0.003392103107988124
0.003350944519929083
0.003306024044580513
0.0032581703040183204
0.003208212862305539
0.0031569697906077858
0.003105235711342855
0.0030537705170554175
0.0030032889453237926
0.002954451173511065
0.002907854576906182
0.0028640267711499212
0.002823420035233642
0.0027864071852570253
0.0027532789420197574
0.0027242428079026705
0.0026994234408731052
0.0026788644863315904
0.002662531801394184
0.002650317981548096
0.002642048076868711
0.0026374863645477415
0.002636344026714283
0.002638287567741298
0.0026429477936710574
0.0026499291682559266
0.002658819355522327
0.0026691987577872928
0.0026806498606829553
0.0026927662029028556
0.0027051607979379734
0.0027174738478217978
0.002729379604594853
0.0027405922535208758
0.002750870712681208
0.00276002226604395
0.0027679049710189183
0.002774428806412706
0.0027795555521183627
0.0027832974173307365
0.0027857144590929927
0.00278691085708262
0.0027870301332860265
0.0027862494261653116
0.0027847729476996796
0.0027828247679384786
0.0027806410851330754
0.0027784621498727906
0.0027765240187462596
0.0027750503167545066
0.002774244187949831
0.0027742806105630954
0.002775299246273304
0.002777397983392044
0.002780627320766416
0.002784985723389294
0.0027904160623388042
0.0027968032310910296
0.002803973007841518
0.0028116922096474532
0.0028196701594032365
0.002827561461345821
0.0028349700554198905
0.002841454495885131
0.0028465343754785896
0.0028496977936993332
0.0028504097467803614
0.0028481212980427106
0.0028422793709392243
0.002832336993495186
0.0028177638122951552
0.002798056686849323
0.0027727501712400916
0.0027414266894811067
0.002703726214034417
0.0026593552633834483
0.0026080950443435127
0.002549808577743239
0.002484446662007219
0.002412052547738724
0.0023327652173195544
0.0022468211864494826
0.0021545547690413665
0.002056396772544707
0.0019528716171435725
0.0018445928989057286
0.0017322574433867445
0.0016166379219565198
0.0014985741277702175
0.00137896303142516
0.0012587477575304758
0.0011389056423034677
0.0010204355485722392
0.000904344627930457
0.0007916347300315533
0.0006832886659538543
0.000580256536101583
0.00048344233317410695
0.00039369102734226067
0.00031177633398040945
0.0002383893542388651
0.00017412826558101872
0.00011948922338344279
7.48586160834795e-05
4.050679547770958e-05
1.6583380983865035e-05
3.114212366121241e-06
0.0
7.016695645774588e-06
2.3817580343787545e-05
