0.0
3.159412994655983e-05
6.449624053688407e-05
9.863048335474506e-05
0.00013391837947954784
0.0001702790510447116
0.0002076294607634612
0.00024588465864606134
0.0002849580351049605
0.00032476157961952535
0.0003652061441101217
0.00040620171015231317
0.00044765765914600293
0.0004894830445414688
0.0005315868652145468
0.0005738783390766894
0.0006162671760023324
0.0006586638491559427
0.000700979863804342
0.000743128022706337
0.0007850226871813853
0.0008265800329719199
0.0008677183000300291
0.0009083580353783708
0.0009484223282174509
0.0009878370364766293
0.0010265310040343484
0.0010644362678640194
0.0011014882543956463
0.0011376259644194956
0.0011727921458968035
0.0012069334540835413
0.0012400005984164447
0.001271948475655763
0.0013027362888262872
0.0013323276515470252
0.001360690677390265
0.0013877980539624636
0.0014136271014522951
0.0014381598154450683
0.0014613828938573833
0.0014832877479011763
0.0015038704970419686
0.0015231319479720093
0.0015410775576748844
0.0015577173807138308
0.0015730660009312858
0.0015871424478018806
0.00159997009773497
0.0016115765606756923
0.0016219935524052714
0.0016312567529916165
0.001639405651890076
0.0016464833802412799
0.0016525365309581622
0.001657614967237381
0.0016617716201712297
0.0016650622761746597
0.0016675453549780497
0.0016692816789697093
0.001670334234702731
0.001670767927408513
0.0016706493293840398
0.0016700464231416752
0.0016690283402287685
0.0016676650966396538
0.0016660273257547075
0.0016641860097497737
0.0016622122104246882
0.0016601768004015582
0.0016581501956420843
0.0016562020902283936
0.0016544011943437093
0.0016528149763776752
0.001651509410066352
0.0016505487275588657
0.0016499951792814254
0.0016499088014451208
0.0016503471920164977
0.001651365295939651
0.0016530152003654314
0.0016553459406075616
0.0016584033175070644
0.0016622297268455751
0.0016668640014050149
0.0016723412662258393
0.0016786928075688658
0.0016859459560366634
0.0016941239842598443
0.0017032460195015083
0.0017133269714797459
0.00172437747565369
0.0017364038521633502
0.0017494080805574887
0.0017633877903874117
0.0017783362676878508
0.00179424247730938
0.0018110911010102242
0.0018288625911590558
0.0018475332398446907
0.00186707526313365
0.0018874569001625476
0.0019086425266994303
0.0019305927827566486
0.001953264713787876
0.001976611924953549
0.00200058474789261
0.0020251304193940087
0.0020501932713192597
0.0020757149310874786
0.0021016345319969983
0.002127888932622903
0.002154412944497898
0.0021811395672547483
0.002208000230382462
0.002234925040725215
0.002261843034833156
0.0022886824352574553
0.002315370909868485
0.0023418358332659497
0.002368004549342882
0.0023938046340621216
0.002419164157503759
0.0024440119442454417
0.0024682778311441163
0.0024918929215978565
0.0025147898353797627
0.0025369029531525497
0.0025581686547922087
0.0025785255506720543
0.0025979147050843956
0.0026162798510059367
0.002633567595444718
0.0026497276146407816
0.0026647128384297697
0.002678479623118038
0.0026909879122596373
0.00270220138476936
0.002712087589851932
0.002720618068275064
0.0027277684595634617
0.002733518594741599
0.0027378525743051944
0.002740758831154422
0.002742230178275977
0.0027422638410158195
0.002740861473839696
0.0027380291615340673
0.0027337774048556895
0.002728121090693677
0.0027210794468630582
0.0027126759817035903
0.0027029384087116195
0.002691898556485897
0.0026795922643203024
0.002666059263827208
0.0026513430470245076
0.002635490721367038
0.0026185528522489777
0.0026005832935477318
0.0025816390068216072
0.00256177986981307
0.0025410684749465535
0.0025195699185442716
0.0024973515815154743
0.0024744829023036893
0.0024510351429027524
0.0024270811487757554
0.002402695103531279
0.002377952279228438
0.0023529287831962594
0.002327701302263653
0.002302346845303807
0.002276942485001065
0.0022515650997493417
0.002226291116588851
0.002201196256082381
0.002176355280023557
0.0021518417428575947
0.002127727747679919
0.002104083707659855
0.0020809781137153672
0.002058477309240762
0.002036645272662243
0.0020155434085666088
0.0019952303481160305
0.001975761759427117
0.0019571901685553105
0.0019395647916863271
0.001922931379094919
0.0019073320713879384
0.0018928052685035703
0.0018793855118919493
0.001867103380254356
0.0018559853991688086
0.0018460539648795966
0.0018373272824770935
0.0018298193186422511
0.0018235397690779225
0.0018184940406964561
0.001814683248580265
0.0018121042276795125
0.0018107495591585879
0.0018106076112513162
0.0018116625944335323
0.0018138946306713655
0.0018172798364542529
0.0018217904192736113
0.0018273947871613372
0.001834057670857217
0.0018417402581307925
0.0018504003397417084
0.0018599924664829339
0.0018704681167138629
0.0018817758737551386
0.0018938616124843017
0.0019066686944411199
0.0019201381707238778
0.0019342089919329756
0.0019488182243960683
0.001963901271889762
0.001979392102056536
0.001995223476702218
0.0020113271851490166
0.002027634279811821
0.0020440753131612133
0.002060580575235542
0.0020770803308661798
0.0020935050557851134
0.0021097856707918885
0.0021258537731677924
0.002141641864539081
0.00215708357440759
0.0021721138785866048
0.0021866693118019857
0.0022006881737432794
0.0022141107278768227
0.0022268793923624955
0.0022389389224476853
0.0022502365837461192
0.0022607223158452793
0.002270348885724083
0.002279072030502179
0.0022868505890834296
0.002293646622298817
0.002299425521197874
0.002304156103182694
0.002307810695724446
0.002310365207448865
0.0023117991864243514
0.0023120958655337724
0.002311242194858752
0.0023092288610529334
0.002306050293728211
0.0023017046589250967
0.0022961938397850577
