0.0005223048739899979
0.0005027775194703461
0.0004799022496341566
0.00045393192427177487
0.0004251880882104285
0.00039405527308888086
0.00036097428491462576
0.00032643460311857506
0.00029096603009835494
0.00025512974091991157
0.0002195088907830222
0.00018469894295545294
0.00015129788210043208
0.00011989647727203134
9.106875539318174e-05
6.536283987012594e-05
4.32923002903437e-05
2.532814809604782e-05
1.1891599958321723e-05
3.3477155673942993e-06
0.0
2.0860430450858267e-06
9.774249199930377e-06
2.3161692835497148e-05
4.2273113621017766e-05
6.706104803861105e-05
9.740707404500091e-05
0.0001331241279692568
0.00017395983587214104
0.00021960078610716713
0.0002696776559579792
0.0003237710931889555
0.00038141824330589595
0.00044211980541094685
0.0005053474938385969
0.0005705517793229565
0.0006371697822734319
0.000704633191787425
0.0007723760872258825
0.0008398425444034133
0.0009064939155479467
0.0009718156809827131
0.0010353237807660962
0.0010965703460607571
0.0011551487625428346
0.001210698011443641
0.00126290624757149
0.0013115135876204478
0.001356314095969599
0.0013971569687539947
0.0014339469300033182
0.0014666438658714998
0.0014952617342174263
0.0015198667968664467
0.0015405752306367712
0.0015575501805367058
0.0015709983243439112
0.0015811660220154968
0.001588335126030886
0.0015928185298543906
0.001594955531269752
0.001595107085463507
0.0015936510195246494
0.001590977275616589
0.00158748324461713
0.0015835692456842984
0.0015796342001749518
0.0015760715408131435
0.0015732653891748095
0.001571587026623334
0.0015713916759913234
0.0015730156037436398
0.0015767735452483556
0.0015829564492829433
0.0015918295321495242
0.0016036306268801012
0.001618568809069786
0.001636823277946169
0.0016585424694011695
0.0016838433768849301
0.0017128110562681191
0.0017454982919710078
0.0017819254037600295
0.0018220801765270658
0.0018659178989731589
0.0019133615012789126
0.0019643017864047706
0.0020185977544618576
0.0020760770244562543
0.002136536362462383
0.0021997423297516984
0.002265432068423876
0.0023333142455021884
0.002403070179119272
0.002474355172208562
0.0025468000799256665
0.0026200131367720386
0.002693582068026213
0.002767076507579012
0.002840050740621743
0.0029120467848831604
0.002982597818314489
0.003051231954374045
0.003117476358482781
0.0031808616909547306
0.00324092685291924
0.0032972240026324616
0.003349323800327424
0.0033968208305899484
0.0034393391423945684
0.0034765378386154046
0.0035081166392646936
0.003533821336122081
0.0035534490510044526
0.0035668532058759344
0.0035739481104760462
0.0035747130722909434
0.0035691959346188444
0.003557515951264342
0.0035398659110805926
0.0035165134321693565
0.003487801354014301
0.0034541471660919265
0.0034160414234670495
0.0033740451133889744
0.0033287859517770898
0.0032809536045044574
0.0032312938453088356
0.0031806016797101396
0.003129713482197825
0.0030794982118606757
0.00303084778924381
0.0029846667342066004
0.002941861180595135
0.0029033273983147733
0.002869939966586862
0.0028425397535121015
0.0028219218662798983
0.0028088237432272543
0.0028039135632665184
0.0028077791498130086
0.002820917545138779
0.002843725426992463
0.002876490532340586
0.002919384243237152
0.0029724554772004377
0.0030356260092044
0.0031086873346612308
0.0031912991628131326
0.0032829896080403295
0.0033831571230438493
0.0034910741930256773
0.003605892784244706
0.0037266515140779027
0.0038522844833812726
0.003981631685954195
0.004113450884695417
0.004246430820025628
0.004379205593754639
0.004510370051184775
0.004638495966233022
0.004762148819056414
0.004879904943370678
0.004990368811609219
0.00509219022047437
0.005184081137427746
0.0052648319703355335
0.00533332702785167
0.005388558947149793
0.005429641878204757
0.005455823229817853
0.005466493801758227
0.005461196149484329
0.005439631052588602
0.0054016619850059695
0.005347317513730471
0.0052767915828499535
0.005190441670664146
0.005088784839006222
0.004972491725140853
0.004842378557258945
0.004699397304133559
0.004544624097460164
0.0043792460913178195
0.004204546946627004
0.004021891149055352
0.0038327073861887107
0.00363847122364875
0.003440687329963617
0.0032408715062087704
0.003040532778620371
0.002841155810499361
0.0026441838837932613
0.0024510026908565914
0.00226292516320571
0.002081177546822525
0.0019068869130042466
0.001741070270241015
0.0015846254165180931
0.001438323643214672
0.0013028043718761617
0.0011785717740668792
0.001065993392782624
0.0009653007520452784
0.0008765919098447745
0.0007998358790612637
0.000734878811899591
0.0006814518161824092
0.0006391802470278847
0.0006075942953924671
0.0005861406760500924
0.0005741952021145482
0.0005710760214394362
0.000576057282334757
0.0005883829921381485
0.0006072808323206204
0.0006319756979698498
0.0006617027375878785
0.0006957196810056265
0.0007333182586301821
0.0007738345339173463
0.0008166579925605111
0.0008612392560161412
0.0009070963132118714
0.0009538191921354367
0.0010010730219841126
0.0010485994661495817
0.001096216535996991
0.0011438168246445074
0.0011913642282448502
0.001238889249115587
0.0012864829999901049
0.001334290051230592
0.0013825002826667885
0.0014313399184572107
0.0014810619367274366
0.0015319360554980504
0.0015842385024132065
0.001638241777927525
0.0016942046198816154
0.0017523623718421748
0.0018129179483171037
0.001876033577162023
0.001941823483417998
0.0020103476597655647
0.0020816068471054545
0.002155538824886524
0.0022320160851401517
0.002310844937224089
0.0023917660625249336
0.0024744565103300554
0.0025585330982734007
0.0026435571536966517
0.002729040506446226
0.002814452619521626
0.0028992287220449293
