0.0
2.163174158839674e-05
4.578856688376503e-05
7.241676661811996e-05
0.00010145490754747669
0.00013283403469822473
0.00016647789801411093
0.00020230320260309026
0.0002402198817035053
0.0002801313914125512
0.00032193502614695713
0.0003655222537365491
0.00041077906898611245
0.0004575863644799403
0.0005058203173468566
0.0005553527906515468
0.000606051748030853
0.0006577816801515198
0.0007104040415287534
0.0007637776962131115
0.0008177593708266865
0.0008722041134084053
0.0009269657565126157
0.0009818973829949576
0.0010368517929149417
0.0010916819699855233
0.0011462415460064595
0.0012003852617301324
0.001253969422625881
0.001306852348031596
0.0013588948122092766
0.001409960475854342
0.0014599163066465917
0.0015086329874736495
0.0015559853110053731
0.0016018525593498216
0.0016461188675778158
0.0016886735699636443
0.0017294115278538012
0.0017682334381436409
0.0018050461214131315
0.0018397627888472965
0.001872303287144134
0.0019025943206925403
0.0019305696503846724
0.0019561702685110694
0.001979344549272306
0.0020000483745277044
0.00201824523448936
0.0020339063031581234
0.002047010488386905
0.0020575444565453485
0.0020655026318484038
0.0020708871704990125
0.0020737079098820427
0.0020739822931321065
0.002071735269481935
0.0020669991708801164
0.002059813565446986
0.0020502250884150107
0.002038287251274832
0.002024060229920031
0.0020076106326522886
0.0019890112489738257
0.0019683407801555325
0.0019456835526267839
0.0019211292152865184
0.0018947724218844049
0.0018667124996658334
0.001837053105514701
0.001805901870863645
0.0017733700366721144
0.0017395720797986616
0.0017046253321147233
0.0016686495937231613
0.0016317667416556954
0.0015941003354292037
0.001555775220841615
0.0015169171333838868
0.0014776523026352449
0.0014381070589947072
0.0013984074440828
0.0013586788261236034
0.0013190455215887245
0.0012796304243518609
0.0012405546435651932
0.0012019371514273153
0.0011638944419667485
0.0011265402019156844
0.0010899849946954725
0.0010543359584788959
0.001019696519234579
0.0009861661195962326
0.0009538399643341648
0.0009228087831386711
0.0008931586113550728
0.0008649705892383175
0.0008383207802217288
0.0008132800086196992
0.0007899137171084635
0.0007682818442525552
0.0007484387222676957
0.0007304329951337894
0.0007143075570948273
0.0007000995115060457
0.000687840149912982
0.0006775549511723921
0.0006692636003516029
0.0006629800270710603
0.0006587124628848957
0.0006564635172264341
0.0006562302713801033
0.0006580043898782504
0.0006617722486612768
0.0006675150792824801
0.0006752091283850945
0.0006848258316287166
0.0006963320011954224
0.000709690025962948
0.0007248580833931276
0.0007417903621487651
0.0007604372944211697
0.0007807457969239875
0.0008026595194865578
0.0008261191001621903
0.0008510624257532168
0.0008774248966456803
0.0009051396948420152
0.0009341380540799576
0.000964349530930411
0.0009957022757756651
0.0010281233025826308
0.0010615387564030724
0.0010958741775544453
0.0011310547614606047
0.0011670056131612148
0.001203651995532129
0.0012409195702959967
0.0012787346309429443
0.0013170243267249225
0.0013557168769343076
0.001394741774727099
0.001434029979803608
0.001473514099314456
0.001513128556416886
0.0015528097459655524
0.0015924961768828
0.0016321286008158463
0.0016716501267517439
0.0017110063213256095
0.0017501452946226573
0.0017890177713402585
0.0018275771472418493
0.0018657795309001582
0.0019035837707923556
0.0019409514678741828
0.001977846973823726
0.0020142373752078052
0.002050092463884857
0.002085384694017447
0.0021200891261247278
0.00215418335866036
0.00218764744765407
0.002220463815005167
0.0022526171460636713
0.0022840942771790106
0.0023148840739374774
0.002344977300847423
0.0023743664832656395
0.0024030457623890203
0.0024310107441628402
0.0024582583429800025
0.002484786621065079
0.002510594624452224
0.002535682216477297
0.002560049909711817
0.002583698697269356
0.0026066298844140794
0.0026288449213959547
0.0026503452384280275
0.0026711320837079383
0.002691206365368741
0.0027105684982230145
0.0027292182561394302
0.0027471546308624937
0.002764375698054057
0.0027808784912997527
0.002796658884784788
0.0028117114853016554
0.0028260295342076003
0.002839604819902193
0.0028524276013453262
0.002864486543083672
0.0028757686621991596
0.0028862592875368042
0.002895942031511258
0.002904798774732202
0.002912809663628228
0.0029199531211875967
0.0029262058708722986
0.0029315429736995677
0.0029359378784226406
0.0029393624846802938
0.0029417872189229505
0.002943181122862029
0.0029435119541290555
0.0029427462987721286
0.0029408496951598504
0.002937786768806974
0.002933521377582279
0.0029280167667073494
0.0029212357329057572
0.002913140797015341
0.0029036943843324075
0.0028928590119157824
0.0028805974820408187
0.002866873080959132
0.002851649782088857
0.002834892452732912
0.0028165670633992384
0.0027966408987772666
0.0027750827694090936
0.0027518632230822083
0.0027269547549629014
0.002700332015486079
0.002671972015017848
0.0026418543243120567
0.00260996126979112
0.00257627812269448
0.00254079328115543
0.0025034984442883924
0.002464388777393924
0.0024234630674180822
0.002380723867835701
0.0023361776321637576
0.00228983483535129
0.0022417100823358357
0.002191822203103159
0.0021401943336369043
0.002086853982197438
0.002031833080424531
0.0019751680188162582
0.0019168996661964722
0.0018570733728452016
0.0017957389570299634
0.001732950674741187
0.0016687671725013654
0.0016032514231849146
0.001536470644853784
0.0014684962026824257
0.0013994034941143688
0.0013292718174611868
0.001258184224222868
0.0011862273554760561
0.0011134912627432305
0.0010400692138212136
