0.0034112580215936907
0.0033162206724925074
0.0032066786139501756
0.0030839601820775975
0.002949527063794556
0.0028049535565048793
0.0026519043208799668
0.0024921109771236386
0.0023273479130765757
0.002159407684438186
0.001990076393034479
0.0018211094283450684
0.001654207950430911
0.0014909964790945532
0.0013330019347799738
0.001181634451704932
0.0010381702534369608
0.0009037368460863349
0.0007793007450874149
0.0006656579088368191
0.0005634270069750869
0.0004730456036073753
0.0003947692870617445
0.00032867372870439156
0.0002746596046997996
0.00023246026724201376
0.00020165200649100812
0.00018166670198946854
0.00017180662342552587
0.00017126110590015412
0.0001791247949361151
0.00019441713182799135
0.0002161027309891476
0.0002431122880124125
0.0002743636504352186
0.000308782682788538
0.000345323563405685
0.00038298816255746544
0.0004208441695437974
0.00045804166008625124
0.0004938278243120547
0.0005275596092898212
0.0005587140678821477
0.0005868962469617225
0.000611844492078339
0.0006334330917005684
0.0006516722313910344
0.0006667052758919968
0.0006788034442767816
0.0006883579892498068
0.0006958700355634751
0.0007019382736106371
0.0007072447418421378
0.0007125389651073423
0.0007186207447505933
0.0007263219198298012
0.0007364874367562259
0.00074995607668575
0.000767541195922133
0.0007900118343279706
0.0008180745402919214
0.0008523562482904841
0.000893388526732206
0.0009415934899050424
0.0009972716388812557
0.00106059186267322
0.0011315837933606088
0.0012101326679752212
0.0012959768063414649
0.00138870776857993
0.001487773209371514
0.0015924823991509875
0.0017020143359567097
0.0018154283265022974
0.001931676871928317
0.002049620653372425
0.0021680453756509083
0.002285680194598427
0.002401217425520065
0.0025133332072436267
0.002620708778805634
0.002722052014151589
0.002816118854570354
0.002901734279002149
0.00297781245884405
0.0030433757563075097
0.0030975722435400265
0.0031396914432917974
0.0031691780204813986
0.0031856431871018502
0.0031888736199448507
0.0031788377309760855
0.0031556891731845177
0.0031197675096268414
0.003071596019439435
0.0030118766610214382
0.002941482258628703
0.002861446023493165
0.002772948563553067
0.0026773025762384947
0.0025759354558438745
0.0024703700802320458
0.0023622040704192357
0.002253087840529704
0.002144701774309598
0.002038732877568737
0.0019368512633876245
0.0018406868285928604
0.00175180647587306
0.0016716922260819984
0.0016017205499533906
0.0015431432279205063
0.001497070021366495
0.0014644534088793255
0.0014460756074692969
0.001442538061808869
0.001454253545005555
0.0014814409728893625
0.0015241229909848083
0.0015821263499566165
0.0016550850420840742
0.0017424461289382185
0.001843478149594218
0.001957281960061268
0.002082803818763756
0.0022188505004161734
0.002364106191994437
0.0025171509001415708
0.002676480079603215
0.0028405251774343008
0.003007674777932295
0.003176296028628318
0.0033447560282101226
0.0035114428628783634
0.0036747859881843615
0.0038332756686155645
0.003985481206763256
0.004130067717433726
0.004265811229097353
0.004391611925104997
0.004506505369589627
0.004609671597332262
0.004700441982501397
0.004778303837458473
0.004842902729142632
0.004894042536298682
0.004931683305407094
0.004955936996057042
0.004967061237156326
0.004965451243326005
0.004951630065668796
0.004926237372476514
0.004890016973066989
0.004843803311600726
0.004788507167279941
0.004725100802710946
0.004654602803422352
0.004578062848656869
0.004496546646744352
0.004411121257835148
0.004322841012804379
0.0042327342200623634
0.004141790832206201
0.004050951222343299
0.0039610961959638015
0.003873038338910989
0.003787514775787884
0.0037051813865383735
0.0036266085024431374
0.0035522780768507236
0.0034825823010761654
0.0034178236124689917
0.003358216020064745
0.0033038876538328864
0.003254884426612069
0.0032111746836204387
0.0031726547031253553
0.003139154903575769
0.0031104466073019065
0.003086249208771036
0.0030662375962950137
0.003050049679897876
0.0030372938845986954
0.0030275564774257645
0.0030204086077875014
0.0030154129540804118
0.003012129884279836
0.0030101230543760956
0.003008964385511136
0.0030082383781541177
0.0030075457392426037
0.0030065063155304064
0.0030047613430585185
0.0030019750383588188
0.0029978355713962514
0.002992055473072394
0.0029843715411102074
0.0029745443171181325
0.002962357214440159
0.0029476153809361314
0.0029301443830526777
0.00290978879744074
0.0028864107940029735
0.002859888789713792
0.0028301162459940573
0.00279700067403171
0.002760462902447418
0.0027204366503724552
0.0026768684366239217
0.0026297178425402044
0.002578958132502082
0.0025245772225439018
0.0024665789740872775
0.0024049847770320006
0.0023398353745270753
0.0022711928710104305
0.002199142855813836
0.0021237965670124633
0.0020452930144528488
0.0019638009771729267
0.0018795207888441358
0.0017926858254816483
0.0017035636125002918
0.0016124564732070792
0.001519701647935283
0.0014256708221120668
0.0013307690124392914
0.0012354327728434848
0.0011401276956662938
0.001045345198441402
0.0009515986022311596
0.0008594185235502958
0.0007693476180464993
0.0006819347299927734
0.0005977285169306052
0.0005172706331494763
0.00044108856877579303
0.00036968825277274193
0.000303546537849539
0.00024310369290534697
0.00018875603398890847
0.0001408488276827811
9.966960120933181e-05
6.544199134278397e-05
3.8320259386051374e-05
1.8384592073135723e-05
5.6372983789963835e-06
0.0
1.3118988981498589e-06
9.32918901466978e-06
2.3725661325968645e-05
4.4094532146724636e-05
6.995150431887307e-05
0.0001007390500234065
0.00013583188279293998
0.00017454356527470713
