0.0003667190895443592
0.0003906522724610264
0.0004167010883052973
0.00044474964004864617
0.00047467095770633433
0.0005063296981532726
0.000539584999754189
0.0005742934258636338
0.0006103119281326401
0.0006475007589465467
0.0006857262622725971
0.0007248634737437533
0.0007647984639401834
0.0008054303635113057
0.0008466730149346915
0.0008884562032265449
0.0009307264266638535
0.0009734471783845
0.0010165987204069696
0.001060177342942498
0.0011041941136286525
0.001148673133250502
0.0011936493263814043
0.0012391658069147255
0.0012852708694170972
0.001332014667367102
0.0013794456484169436
0.0014276068246124607
0.0014765319618348035
0.0015262417774175206
0.0015767402378084132
0.0016280110491826262
0.0016800144330045795
0.0017326842756524346
0.001785925736370222
0.0018396133910499647
0.0018935899807594287
0.0019476658236493444
0.0020016189370628207
0.0020551959035292186
0.002108113500085675
0.0021600610952895965
0.0022107038026447454
0.002259686363259362
0.0023066377146960257
0.002351176187474725
0.002392915255867623
0.002431469755784916
0.002466462469992264
0.002497530969899584
0.0025243345939724533
0.0025465614356657736
0.002563935208855068
0.0025762218561959653
0.002583235765786864
0.002584845464008405
0.0025809786574841655
0.0025716265047192126
0.002556847008048145
0.0025367674289345178
0.002511585644235771
0.002481570377564045
0.002447060258074985
0.002408461678608331
0.0023662454457584513
0.0023209422358159244
0.002273136892218773
0.002223461621795641
0.002172588168278141
0.002121219061910956
0.0020700780631084954
0.0020198999356235096
0.0019714197002548024
0.0019253615334059446
0.001882427485526765
0.0018432862023778115
0.0018085618369536932
0.0017788233416335206
0.0017545743285986269
0.0017362436817285585
0.001724177095073768
0.0017186297016833713
0.001719759942173273
0.0017276248051450358
0.0017421765516543782
0.0017632610136761634
0.0017906175322624557
0.0018238805752245934
0.0018625830471070298
0.0019061612764051444
0.001953961636877229
0.0020052487318901547
0.0020592150435012153
0.0021149919218930507
0.002171661766309481
0.0022282712262316445
0.0022838452316008865
0.002337401643815639
0.002387966305338354
0.002434588255329644
0.002476354872008446
0.0025124066995872605
0.0025419517187540673
0.0025642788248047953
0.0025787702866409343
0.002584912972837412
0.002582308147688805
0.002570679660326207
0.0025498803733681285
0.002519896703775496
0.0024808511772194466
0.0024330029278916347
0.002376746107802471
0.002312606202704499
0.002241234285305638
0.002163399269847192
0.002079978264857224
0.001991945152400576
0.001900357551897004
0.0018063423540574898
0.0017110800352192993
0.0016157879839069464
0.0015217030894241717
0.0014300638563623693
0.0013420923188279276
0.001258976033746665
0.0011818504336713986
0.001111781816046535
0.0010497512378951706
0.0009966395724884782
0.0009532139679084928
0.0009201159267695905
0.0008978512020355742
0.0008867816762363656
0.0008871193608861755
0.0008989226200196166
0.0009220946870217681
0.0009563845078947764
0.0010013899073634902
0.0010565630373770704
0.0011212180312177706
0.0011945407511821798
0.0012756004842378803
0.0013633634087379359
0.0014567076267195983
0.0015544395310005915
0.001655311254642167
0.0017580389327390435
0.0018613214932216172
0.0019638596846444202
0.0020643750449383493
0.0021616285158978996
0.0022544384137522
0.002341697476445072
0.0024223887230603643
0.002495599879934491
0.0025605361510863366
0.0026165311372865086
0.002663055737943797
0.002699724902514064
0.002726302132797687
0.002742701673713023
0.0027489883673152554
0.00274537518235683
0.0027322184689361926
0.0027100110241394977
0.002679373089444173
0.0026410414334485685
0.002595856703678078
0.0025447492582997065
0.0024887237121112315
0.002428842450775407
0.0023662083826287775
0.002301947208264707
0.0022371894943041806
0.0021730528392370574
0.0021106244159328842
0.0020509441674557366
0.001994988920323472
0.0019436576625549507
0.001897758213048891
0.0018579954844012412
0.0018249615136209825
0.001799127404827009
0.0017808372954252773
0.0017703044230362528
0.001767609335153068
0.0017727002477629001
0.0017853955235641963
0.001805388205562994
0.0018322525083183765
0.0018654521374916375
0.0019043502791612438
0.0019482210740783912
0.0019962623690853985
0.002047609518671379
0.00210134999440165
0.002156538548963049
0.0022122126749762306
0.0022674080966216233
0.0023211740345121844
0.002372587991051416
0.002420769814589745
0.0024648948158148085
0.002504205728690147
0.002538023330537446
0.0025657555611287765
0.002586905008454855
0.002601074658661214
0.0026079718389610414
0.002607410314583039
0.0025993105334247025
0.0025836980444817518
0.002560700147747026
0.0025305408635675143
0.002493534337894145
0.002450076825968817
0.002400637420324744
0.0023457477091391667
0.002285990567639773
0.002221988298160501
0.0021543903433686997
0.002083860802017404
0.0020110659772587846
0.0019366621841085938
0.001861284035170148
0.001785533412374966
0.0017099693175093114
0.0016350987759678193
0.0015613689468624136
0.001489160568722737
0.0014187828440031616
0.0013504698379470086
0.0012843784385625791
0.0012205878950677304
0.001159100922697217
0.0010998463327750064
0.0010426831189560043
0.000987405904040804
0.0009337516272359245
0.0008814073296051328
0.0008300188761230522
0.0007792004365362063
0.000728544534436195
0.0006776324647677515
0.0006260448745784811
0.0005733723002440189
0.0005192254566787207
0.0004632450801050768
0.00040511113567158073
0.00034455121438112355
0.00028134796015846916
0.00021534538712855212
0.00014645396892716306
7.465440570859254e-05
0.0
