0.00375884457211091
0.0037697238060842428
0.00377835613990341
0.0037836889853951235
0.003784770469397134
0.0037807651056436242
0.0037709671122383927
0.003754811184946231
0.0037318805828761258
0.003701912431301338
0.003664800195514713
0.0036205933288988783
0.0035694941469530243
0.0035118520260351456
0.003448155070260715
0.003379019431604682
0.003305176506103353
0.003227458262538791
0.0031467809885856813
0.003064127762674715
0.0029805299774403136
0.0028970482523390105
0.002814753078718415
0.0027347055402622347
0.002657938445416995
0.0025854381963067797
0.002518127701048388
0.0024568506136684906
0.0024023571584598402
0.002355291764134551
0.0023161826981444016
0.0022854338537007506
0.0022633188020424744
0.0022499771811010307
0.0022454134496454206
0.002249497994007521
0.002261970533330209
0.0022824457296641153
0.0023104208718444613
0.002345285467540613
0.0023863325467625832
0.0024327714529373866
0.002483741874864475
0.002538328854770579
0.0025955784945691706
0.00265451407445484
0.0027141522952010633
0.0027735193579592633
0.0028316666028631297
0.002887685440120661
0.0029407213242376223
0.002989986543191941
0.0030347716193290177
0.003074455146970639
0.003108511922669966
0.0031365192571042033
0.0031581613921468884
0.0031732319820555657
0.0031816346332931445
0.003183381532622785
0.0031785902271430325
0.0031674786522570843
0.0031503585336305167
0.003127627316467554
0.003099758799466456
0.003067292671204344
0.003030823163127686
0.002990987045539776
0.002948451200815501
0.0029039000114529684
0.0028580227994918616
0.0028115015483722136
0.0027649991286375843
0.0027191482352423666
0.002674541226913721
0.0026317210374188814
0.0025911733051289347
0.002553319841429682
0.002518513530826476
0.002487034726569139
0.0024590891758496667
0.002434807478670935
0.0024142460549177475
0.0023973895655362786
0.002384154706574976
0.0023743952696551464
0.002367908339676604
0.0023644414806251804
0.0023637007435793667
0.0023653593176932277
0.0023690666352743925
0.0023744577362193723
0.0023811626950800803
0.002388815915907414
0.0023970651056682358
0.002405579746308702
0.0024140588982186706
0.0024222381836558563
0.002429895817273806
0.002436857571874555
0.002443000590442302
0.002448255979942914
0.0024526101478051744
0.0024561048679282707
0.0024588360889763166
0.0024609515231192028
0.002462647077769014
0.0024641622157755907
0.002465774350548354
0.002467792401270699
0.0024705496494207115
0.002474396050916158
0.0024796901681284414
0.002486790892590473
0.0024960491323528307
0.0025077996375850245
0.0025223531342063376
0.0025399889281614986
0.0025609481325939766
0.0025854276568374485
0.002613575080124696
0.0026454845145329866
0.002681193541320992
0.0027206812828749127
0.0027638676494100905
0.0028106137758276252
0.00286072364017252
0.002913946831452019
0.0029699824116126597
0.0030284837946898103
0.003089064545955215
0.003151304985685828
0.0032147594663089634
0.00327896417844655
0.0033434453310339333
0.0034077275434183027
0.00347134228328013
0.0035338361834365488
0.0035947790730832836
0.0036537715647528045
0.003710452047089614
0.0037645029452880725
0.0038156561254671494
0.0038636973360816214
0.003908469598357106
0.003949875478314244
0.003987878194811242
0.004022501540756073
0.004053828617776823
0.004081999407740864
0.004107207227133029
0.004129694132002156
0.00414974536154578
0.004167682927033215
0.0041838584693103305
0.0041986455222695436
0.004212431331137016
0.004225608383009718
0.0042385658126072815
0.004251680848587132
0.004265310464965666
0.004279783398215584
0.0042953926835519315
0.004312388853919622
0.004330973932451123
0.004351296333925734
0.0043734467733298745
0.00439745526033089
0.0044232892377105175
0.004450852899960489
0.004479987705745322
0.0045104740752196434
0.004542034240687748
0.0045743361972438775
0.004606998679252033
0.004639597069211734
0.004671670128079515
0.004702727420807644
0.004732257298011158
0.004759735284524264
0.004784632718345992
0.004806425479236881
0.004824602645087127
0.004838674916147107
0.004848182652248068
0.004852703376139006
0.004851858606864113
0.004845319900487659
0.004832813991175036
0.004814126943350036
0.004789107245021688
0.00475766779302931
0.004719786742488397
0.004675507214712238
0.004624935879906637
0.00456824045255923
0.004505646158251111
0.004437431250202889
0.004363921671851143
0.0042854849777867
0.004202523639163917
0.0041154678709453595
0.004024768126863224
0.003930887413595481
0.0038342935782655213
0.0037354517229327214
0.0036348168962599785
0.003532827206096027
0.0034298974874243894
0.0033264136481934636
0.0032227278011902256
0.003119154273638231
0.003015966567914945
0.0029133953270557445
0.002811627337931834
0.0027108055835676453
0.002611030334423904
0.002512361247042543
0.0024148204176548003
0.0023183963186052727
0.0022230485271358263
0.002128713139567575
0.0020353087495481696
0.0019427428570821014
0.0018509185657768095
0.0017597414193061124
0.0016691262246493269
0.0015790037092860468
0.0014893268622282038
0.0014000768145095589
0.0013112681234243987
0.0012229533362496437
0.0011352267231834476
0.0010482270855203708
0.0009621395633465746
0.0008771963869267508
0.0007936765370813777
0.0007119043018088715
0.0006322467387633525
0.0005551100755172892
0.0004809351013805082
0.00041019162548144297
0.0003433720954275094
0.0002809844887576656
0.00022354460522142593
0.00017156790134364172
0.00012556101948712085
8.601317147967314e-05
5.33875416582571e-05
2.811287578848758e-05
1.0575420691804824e-05
1.111374566918101e-06
0.0
7.457540654648431e-06
2.3632068811564946e-05
4.8599374537936554e-05
