0.0005515500188914991
0.0006765254237963789
0.0008147912021197797
0.0009647869500933398
0.0011247853929374785
0.0012929179436692994
0.001467202290699398
0.0016455715883149737
0.0018259047999450747
0.0020060577270796984
0.002183894247137603
0.0023573172815954183
0.0025242990213257136
0.0026829099492417206
0.0028313462207857592
0.0029679549901820527
0.003091257304243869
0.003199968225315269
0.0032930138899785128
0.0033695452597233308
0.0034289483730354257
0.0034708509644413178
0.0034951253740237204
0.00350188772984597
0.003491493444633019
0.003464529125990822
0.003421801055465872
0.003364320444947222
0.003293285728440042
0.0032100621923019826
0.003116159286918078
0.0030132059968723326
0.0029029246744289106
0.0027871037621452393
0.0026675698443992613
0.0025461594743382255
0.0024246912221828425
0.0023049383830058595
0.002188602767226185
0.0020772899754131994
0.0019724865309864825
0.001875539210533435
0.0017876368723551788
0.0017097950401777137
0.001642843451490402
0.0015874167295158866
0.0015439482852373065
0.0015126675021026406
0.0014936002018987016
0.0014865723367443384
0.001491216800082453
0.0015069831998111476
0.0015331503900967872
0.0015688415157082852
0.001613041284582607
0.0016646151513735115
0.0017223300674539055
0.001784876431640778
0.0018508908610884141
0.0019189793935367038
0.0019877407304800957
0.002055789135798541
0.0021217766158114896
0.0021844140243181247
0.002242490759606345
0.0022948927491880586
0.0023406184516000035
0.002378792642370944
0.002408677792505113
0.0024296828918218276
0.002441369615436108
0.0024434557787519247
0.002435816073744057
0.0024184801262039438
0.0023916279592141707
0.002355582991620108
0.0023108027409548394
0.0022578674374695673
0.0021974667890188957
0.0021303851650183356
0.002057485491086172
0.0019796921639523976
0.001897973308511035
0.00181332270535832
0.0017267417177508316
0.0016392215416914234
0.0015517260919650716
0.0014651758206579324
0.001380432743350096
0.001298286922210125
0.0012194446251498972
0.0011445183466004712
0.0010740188389801854
0.0010083492652257888
0.0009478015425596459
0.0008925549067040643
0.000842676684766919
0.0007981252247435994
0.0007587548907216572
0.000724322996117224
0.0006944985132524113
0.0006688723668825339
0.0006469690924172978
0.0006282596169946348
0.0006121749036217291
0.0005981201855712007
0.0005854895102964067
0.0005736803094005991
0.0005621077136584349
0.0005502183396498637
0.0005375032870403632
0.0005235101026555998
0.0005078534889000627
0.0004902245593313322
0.00047039847283223725
0.00044824030927399
0.00042370908324039524
0.0003968598276578828
0.00036784371539665627
0.00033690622341170005
0.0003043833801169983
0.0002706961717827837
0.00023634321718897988
0.00020189185096924044
0.00016796778449476384
0.00013524353828736537
0.0001044258613914612
7.624237052020156e-05
5.142765484347214e-05
3.070910080722744e-05
1.4792695250130487e-05
4.349064285623979e-06
0.0
2.3057171180370165e-06
1.1753067624623546e-05
2.874492319575794e-05
5.359091354691309e-05
8.649968387366242e-05
0.00012757280691569166
0.00017680045534113954
0.00023405890867984327
0.00029910993651025854
0.00037160206661936363
0.00045107371400238106
0.0005369581144376182
0.0006285899755285236
0.000725213729089957
0.0008259932420688768
0.0009300228192843326
0.0010363393105463539
0.0011439351175036314
0.001251771882145782
0.0013587946294438206
0.0014639461312764188
0.0015661812576059262
0.0016644810838086007
0.0017578665300247197
0.0018454113192004308
0.001926254054901663
0.0019996092376843378
0.0020647770594427167
0.002121151838316606
0.0021682289819659707
0.0022056103938331312
0.002233008264900206
0.002250247221891414
0.0022572648313420205
0.002254110486939016
0.002240942734531073
0.002218025114728994
0.0021857206266287336
0.002144484937485023
0.002094858481790154
0.0020374576088707224
0.0019729649505649777
0.0019021191896086552
0.0018257044149271174
0.0017445392520633474
0.0016594659554886595
0.0015713396446363998
0.00148101785732164
0.0013893505829761514
0.0012971709241061929
0.0012052865178892001
0.0011144718312253207
0.0010254614222473795
0.0009389442396918546
0.0008555590090864413
0.000775890731870129
0.0007004683007829054
0.000629763212591841
0.0005641893378887405
0.0005041036877085881
0.00044980809845276536
0.0004015517403919645
0.00035953434116285437
0.00032391000439996125
0.00029479149514709604
0.0002722548580998349
0.0002563442321113034
0.00024707672475750807
0.00024444721405422797
0.0002484329505364395
0.00025899784168755815
0.00027609631192294145
0.00029967664472522787
0.00032968372879172477
0.00036606114684509423
0.00040875256370764726
0.00045770238895597674
0.0005128557085532408
0.000574157498892638
0.0006415511552729744
0.0007149763845725626
0.0007943665284172923
0.0008796453981055302
0.0009707237156432568
0.001067495266183926
0.0011698328757301152
0.0012775843339594356
0.0013905683853587412
0.0015085709124182034
0.0016313414324350983
0.0017585900245496676
0.0018899847960796336
0.0020251499871879993
0.0021636648006136596
0.002305063028864204
0.002448833535206889
0.002594421627322159
0.002741231343960212
0.0028886286557427525
0.0030359455617699933
0.003182485044327186
0.003327526825132249
0.003470333848614735
0.0036101594010386224
0.0037462547592240912
0.003877877249503295
0.004004298586640499
0.004124813353994372
0.004238747480387183
0.004345466566109253
0.004444383910308785
0.004534968094724112
0.004616749984275963
0.004689329013364861
0.0047523786376716965
0.004805650844643548
0.0048489796314198155
0.004882283376429208
0.004905566049941346
0.004918917229130732
0.004922510904322783
0.004916603084641457
0.00490152823285424
