0.0038390357026240962
0.003796615167189906
0.0037505313266671917
0.0037015423396139988
0.003650417511301882
0.00359792502979821
0.003544819979178105
0.0034918328169657896
0.003439658491764006
0.003388946363066386
0.0033402910687511944
0.0032942244670570667
0.0032512087593087567
0.0032116308776883955
0.0031757981993500856
0.0031439356245807526
0.0031161840329498487
0.003092600107893452
0.003073157497361535
0.0030577492564185216
0.0030461914973986155
0.003038228154717507
0.003033536755031049
0.0030317350693656914
0.0030323885123329478
0.003035018144737729
0.003039109129901268
0.0030441194908917913
0.0030494890155836054
0.0030546481589869352
0.0030590267974939843
0.0030620626974090727
0.003063209570164902
0.003061944598724687
0.003057775333547565
0.0030502458718393967
0.0030389422502871822
0.003023496998731337
0.003003592819905736
0.002978965378109176
0.0029494051971076574
0.00291475868436164
0.002874928314502283
0.0028298720195477248
0.0027796018463878717
0.0027241819533436497
0.0026637260269342837
0.0025983942072180443
0.0025283896151083647
0.0024539545778564935
0.0023753666494305643
0.0022929345208534432
0.0022069939117789032
0.0021179035288225027
0.0020260411685956116
0.0019318000342309414
0.0018355853236798345
0.0017378111364765064
0.0016388977332936023
0.0015392691697626252
0.0014393513130150182
0.001339570236529245
0.0012403509764541722
0.0011421166209152878
0.0010452876931749738
0.0009502817801633214
0.0008575133500446984
0.0007673936963246211
0.0006803309416807052
0.0005967300323272632
0.0005169926533580443
0.0004415169971726902
0.00037069732075012884
0.00030492323311161955
0.0002445786616981061
0.00019004045541004197
0.00014167659252342386
9.984397336936131e-05
6.488579028268932e-05
3.712848060012609e-05
1.6878282114445205e-05
4.417424050598938e-06
0.0
3.847582009487661e-06
1.6144646859799503e-05
3.703389618773937e-05
6.661156123193446e-05
0.00010492279036696472
0.00015195722302116174
0.00020764485687432463
0.0002718523162701474
0.00034437962846734036
0.0004249576106546587
0.0005132459645791111
0.0006088321672448832
0.0007112312355436342
0.0008198864300336013
0.0009341709485999683
0.0010533906446482972
0.0011767877870908392
0.0013035458609986302
0.001432795388753356
0.0015636207322056196
0.0016950678171063242
0.0018261527023077382
0.0019558708983107367
0.0020832073230355247
0.00220714676756954
0.0023266847314278166
0.002440838475847566
0.0025486581350919863
0.0026492377198770707
0.0027417258440312355
0.0028253360054692873
0.0028993562555745186
0.0029631580971419802
0.0030162044600915566
0.003058056616101999
0.0030883799079809656
0.00310694818675113
0.0031136468688273723
0.003108474546967442
0.0030915431115395194
0.0030630763626712017
0.0030234071186042654
0.0029729728506364085
0.0029123098999312563
0.002842046355763603
0.0027628936979857354
0.002675637328213137
0.0025811261340169434
0.002480261247888766
0.0023739841775613723
0.002263264496121593
0.0021490872889856124
0.0020324405600245913
0.001914302800793581
0.0017956309248564285
0.0016773487636082545
0.0015603363108354345
0.0014454198906493358
0.00133336340757723
0.001224860818747291
0.0011205299465788191
0.0010209077265504176
0.0009264469588826454
0.0008375146057914137
0.0007543916478301924
0.0006772744842524286
0.0006062778338132733
0.000541439064520124
0.00048272385405664984
0.0004300330574526592
0.00038321063553539616
0.00034205247722555077
0.00030631593124037337
0.000275729848592739
0.0002500049267274659
0.00022884413944937324
0.00021195303413699767
0.00019904967919519593
0.0001898740502962017
0.00018419665363418646
0.0001818261980376032
0.00018261614513753765
0.00018646998759789526
0.00019334512932617665
0.00020325526819240086
0.00021627121062358832
0.00023252007800108015
0.00025218289651846395
0.00027549059448130856
0.00030271846335095656
0.0003341791705497824
0.0003702144425557325
0.00041118556553460515
0.0004574628771299473
0.0005094144465298738
0.0005673941600796719
0.0006317294460868714
0.0007027088847132469
0.0007805699566774214
0.0008654871876925228
0.0009575609440054295
0.0010568071280440893
0.0011631480120588478
0.0012764044318927194
0.001396289542848851
0.0015224043153390567
0.0016542349199718423
0.0017911521204206143
0.0019324127583173725
0.0020771633781153528
0.002224446001974675
0.002373206025903851
0.002522302169317674
0.002670518371544019
0.0028165774913247845
0.0029591566296944295
0.0030969038634466655
0.0032284561463418494
0.0033524581088457774
0.0034675814650467172
0.003572544717927646
0.0036661328417536138
0.003747216613264777
0.003814771261849908
0.0038678941130234094
0.0039058209093542394
0.00392794050841265
0.003933807678125525
0.003923153735884024
0.003895894808454934
0.003852137524750718
0.0037921819922733862
0.00371652194995368
0.0036258420344881803
0.003521012143410579
0.003403078925259575
0.0032732544745386494
0.0031329023559045093
0.00298352112737443
0.0028267255755270774
0.0026642259159336554
0.0024978052486855765
0.0023292955912255888
0.0021605528381505967
0.0019934310197240123
0.0018297562470855932
0.00167130074224584
0.0015197573546677182
0.001376714963444444
0.0012436351547613605
0.0011218305485732713
0.0010124451264374424
0.0009164368845236024
0.0008345631023841083
0.0007673684796146083
0.000715176349659659
0.0006780831333892767
0.0006559561454286024
0.0006484348143567359
0.0006549353246375841
0.000674658634368739
0.0007066017695117914
0.0007495722430759728
0.0008022053976283901
0.0008629844223297064
0.0009302627522317151
0.0010022885185525
0.0010772306847256752
0.0011532064747809953
0.0012283096785411095
0.0013006394026001528
0.0013683288273644615
0.00142957352875135
