0.005336839175030951
0.005308725810802114
0.0052815525392792845
0.005254990325734385
0.005228689436821177
0.005202286506380105
0.005175412124193405
0.005147698817065386
0.005118789278946491
0.005088344696634963
0.005056053010149465
0.005021636942394284
0.004984861631406262
0.004945541700391654
0.004903547605982182
0.004858811113649499
0.004811329760937834
0.004761170183963215
0.0047084702002783895
0.004653439561449554
0.004596359311211549
0.004537579709488984
0.004477516708473017
0.004416646993870869
0.00435550163191146
0.004294658390188419
0.00423473282743208
0.004176368273303591
0.004120224843783348
0.004066967660186468
0.004017254459811069
0.003971722803278345
0.003930977097369864
0.003895575662273538
0.003866018078342425
0.003842733049543839
0.0038260670185959007
0.003816273762296254
0.003813505184762648
0.003817803511326279
0.0038290950668235634
0.003847185799274731
0.003871758683745976
0.0039023731119624833
0.0039384663414316675
0.003979357043964032
0.004024250958104683
0.004072248613710824
0.004122355060355803
0.004173491495051109
0.0042245086496020285
0.004274201764391322
0.004321326944141512
0.004364618662833124
0.004402808160006092
0.0044346424496454675
0.004458903646190692
0.004474428300280073
0.004480126429941513
0.004474999931275819
0.004458160056370231
0.004428843655255166
0.004386427893110598
0.004330443173479907
0.004260584022706163
0.004176717719826169
0.004078890489315407
0.003967331110867198
0.003842451840237312
0.003704846577455006
0.0035552862627061892
0.003394711525208388
0.0032242226556671097
0.003045067017661808
0.002858624056788719
0.0026663881078309052
0.0024699492389031307
0.002270972406738348
0.0020711752284036686
0.0018723047011784126
0.001676113223591506
0.0014843342862785654
0.001298658211050995
0.0011207083201380014
0.0009520179148390117
0.0007940084337851616
0.0006479691457395788
0.0005150387105586967
0.0003961889148878738
0.00029221085677167986
0.00020370381611474649
0.0001310670064129469
7.44943580442102e-05
3.3972435388829325e-05
9.28153992104351e-06
0.0
5.51159624097991e-06
2.5016019932848008e-05
5.754221185123951e-05
0.00010196438084934898
0.00015702045661033365
0.00022133268969350486
0.0002934300752198476
0.0003717722448687705
0.0004547744458640369
0.0005408332057861747
0.0006283522687344366
0.0007157683818383668
0.0008015765115391578
0.0008843540764591554
0.0009627837979719663
0.001035674790575476
0.001101981541542172
0.0011608204626517948
0.001211483735573794
0.0012534502160405116
0.0012863932096308867
0.0013101849829903404
0.0013248979278071438
0.0013308023499648196
0.0013283609120786667
0.001318219813171258
0.0013011968436161142
0.0012782665057656383
0.0012505424399955802
0.0012192574414072433
0.0011857413933548506
0.0011513974796079742
0.0011176770667034788
0.0010860536713712342
0.001057996444422408
0.0010349436118720057
0.0010182763161510244
0.0010092932949930088
0.001009186823024145
0.0010190203214363873
0.001039708014691549
0.0010719969804169416
0.001116451900044414
0.0011734427739478167
0.0012431358165706937
0.0013254876951045605
0.001420243220539249
0.0015269365432699251
0.0016448958478528764
0.0017732514839132723
0.001910947413583058
0.0020567558011306704
0.0022092945185492306
0.002367047292662709
0.0025283861755940533
0.00269159598194492
0.002854900303403707
0.00301648868527036
0.003174544529996671
0.003327273280609169
0.0034729304320071895
0.0036098489206858324
0.0037364654533725505
0.003851345352212727
0.003953205518198742
0.004040935145098
0.004113613852678252
0.004170526949934764
0.0042111775855845504
0.004235295593523981
0.004242842894398659
0.004234015370012478
0.004209241184075663
0.004169175579811944
0.004114692241264579
0.004046871359825326
0.003966984599657496
0.0038764772044368153
0.0037769475323958164
0.0036701243463071738
0.0035578422191423972
0.0034420154441550796
0.0033246108596292
0.003207620013180333
0.003093031098097942
0.002982801094686147
0.0028788285429367476
0.002782927359309705
0.0026968020901777193
0.002622024967999808
0.00256001510401456
0.002512020113773197
0.002479100429837409
0.002462116510190196
0.0024617191021533927
0.0024783426707215054
0.0025122020480868503
0.0025632923086391785
0.002631391821767395
0.0027160683842478556
0.0028166882857189107
0.0029324281155140956
0.0030622890776966956
0.0032051135441744758
0.0033596035438596223
0.0035243408594677313
0.0036978083831115203
0.0038784123676241567
0.004064505202716724
0.00425440834369301
0.0044464350254586685
0.00463891240580478
0.0048302027991425685
0.0050187236846407565
0.005202966200596952
0.005381511869302445
0.005553047333001979
0.005716376921110393
0.005870432910879196
0.006014283387423823
0.006147137653620403
0.006268349185045244
0.006377416169053004
0.006473979709485111
0.006557819818617852
0.006628849355097697
0.006687106100129033
0.00673274319350842
0.006766018175753001
0.00678728090215287
0.006796960608788855
0.006795552419201056
0.006783603583376656
0.006761699738060808
0.0067304514691998805
0.0066904814438208116
0.006642412360151036
0.006586855941697804
0.006524403173823254
0.006455615950636902
0.006381020266404608
0.006301101049819664
0.0062162987021105315
0.006127007361809123
0.006033574880821188
0.005936304458971158
0.005835457848164378
0.005731260003416321
0.005623905026892922
0.005513563223385013
0.005400389061832524
0.005284529818073237
0.005166134659284563
0.005045363920892344
0.004922398322217656
0.0047974478679020304
0.004670760188173893
0.004542628082173
0.004413396044617798
0.004283465576770416
