0.007630304182088779
0.007848092532993584
0.007911510449377544
0.00783603069465472
0.007656939531239769
0.007424189072002606
0.007194923732620598
0.0070248345543529505
0.006959715162161379
0.007028579083868065
0.007239447170812284
0.007578466808282377
0.00801245951102263
0.00849441156482798
0.008970929209036001
0.009390365474813445
0.009710247270938934
0.009902801501477217
0.009957763705471022
0.009882176929112307
0.00969745078073239
0.009434442523638157
0.009127649592439994
0.008809704897486673
0.008507226594787514
0.00823872494221012
0.00801478485697529
0.00784022558364259
0.007717497103658738
0.007650299997246866
0.007646370358131911
0.007718565985378194
0.007883786158024816
0.00815977337214107
0.008560372797644983
0.009090249840390023
0.009740292101083733
0.010484891631530355
0.011282010527445117
0.012076425685189449
0.012805921346532682
0.013409573813850132
0.013836779049615711
0.014055417465607362
0.014057594667041508
0.013861748561030483
0.013510517855588655
0.013064518492658573
0.012592934202026224
0.012162449787111642
0.011826417172453876
0.011616167085949257
0.011536048437082742
0.01156314492727046
0.01165179480707258
0.0117421744098622
0.011771459648572933
0.011685593247110694
0.011449553741541784
0.0110542746130824
0.010518955915064927
0.009888339398251034
0.00922542932709407
0.008600966149982393
0.008081545358392587
0.007718510061517901
0.007539589175090959
0.0075447337620872905
0.007706820470212308
0.007976991476393422
0.008293554724735773
0.008592735516474036
0.008819268394087514
0.008934900703675138
0.008923326166977889
0.008790788240878464
0.008562446599202146
0.008275418684662118
0.007970032730027483
0.007681138539181525
0.007431259507596266
0.007226949267735798
0.007059024900870423
0.006906525458668439
0.006743455443583082
0.006546777390177213
0.0063038373648246345
0.006017501532928383
0.005707736104919796
0.005409090152055737
0.005164398618543655
0.005015840880801476
0.004995103023414261
0.005114671792800053
0.005362170212957013
0.005699140968001969
0.006064881183565024
0.006384978198859398
0.006583269677301006
0.0065952308055047485
0.006380418817162376
0.005931660200156754
0.005279149561659636
0.004488462322851345
0.003652521398111733
0.0028786163975245767
0.0022724624642806966
0.0019218435033638414
0.001882508814830825
0.0021686579281265947
0.002749612481519005
0.0035532643152374204
0.004475781353564311
0.005396038981350328
0.0061924974959207905
0.00675988964284887
0.0070231696264257334
0.0069466812481762995
0.00653733067055904
0.005841548322012396
0.004936819313397333
0.003919383990531497
0.0028902279609641086
0.0019416206508040728
0.0011462188387875126
0.0005501892111582233
0.0001710369195884534
0.0
8.128970783930281e-06
0.00015463925996957346
0.00039587864510896766
0.0006933137751766131
0.0010192737808962515
0.0013597133908277602
0.0017138631186681833
0.0020912042784081413
0.0025066420087811805
0.0029749835753756365
0.003505838466039582
0.0040998616799962535
0.004746918996793076
0.005426342113735667
0.0061090466583094225
0.0067609797365063996
0.00734719349465947
0.007835822866234321
0.008201363103530068
0.008426854430598757
0.008504831715499109
0.008437130076524402
0.008233807704510362
0.007911529662461449
0.007491749062795703
0.006998944019579366
0.0064590536459341735
0.005898142303226899
0.005341241115743707
0.004811288814567121
0.004328121984631185
0.003907532309283089
0.003560487749672667
0.003292673891660025
0.003104524017230017
0.0029918577441816066
0.0029471418062705017
0.0029612439679264917
0.003025406791822712
0.0031330618426256016
0.003281071995039789
0.0034700506378612453
0.0037035616032720636
0.003986229425727855
0.004321043062870976
0.004706362867533875
0.005133285641603612
0.005584043626430723
0.006031990877928836
0.006443474564878631
0.006781538961882604
0.007011029601434891
0.007104329636793027
0.007046742582253844
0.006840489764565954
0.006506440953005136
0.006083029106646322
0.005622264170633755
0.005183276308534827
0.004824290831153508
0.004594273321056903
0.004525613217893434
0.0046291026191739755
0.0048921238262530226
0.005280438097080162
0.005743358620987847
0.0062215020308046725
0.006655853361062074
0.006996636524045012
0.007210504992305947
0.007284855810872348
0.00722857513801714
0.007069154973878473
0.00684676371152584
0.006606389559203823
0.00638950673158991
0.0062267785185105545
0.006133097534397588
0.006105812296416923
0.0061263858960557815
0.006165090392192959
0.00618777994166763
0.0061634108337565744
0.006070855969420991
0.005903714791696668
0.00567221506132143
0.005401862545650666
0.0051291108061300595
0.004894878723896402
0.004737134350373392
0.004683919247614404
0.0047480829162504555
0.004924657516467274
0.005191298515625995
0.00551164682479371
0.005840942225175132
0.0061328348483007805
0.0063461692951451475
0.006450579956851646
0.006430014846515779
0.00628373617145024
0.006024838706079005
0.0056767825934031235
0.005268767528242653
0.004830920948580689
0.004390214219494879
0.003967780736149255
0.003577947881864033
0.0032288935291601224
0.002924485201024555
0.002666630627140445
0.002457407782931623
0.0023003579919003347
0.00220058560690286
0.0021636487680163656
0.0021935668169004
0.002290530501150711
0.002449018601062403
0.0026569685439989743
0.002896427495646597
0.003145770605661492
0.0033831889790264676
0.0035908083601701923
0.003758580890109965
0.003887052913122424
0.003988270815875478
0.004084420924973076
0.00420424626889069
