0.0013516191919711559
0.0012888810516909336
0.0012195445277545193
0.0011445171116215864
0.0010647861147328845
0.000981403490325574
0.0008954696519283842
0.0008081165480260923
0.0007204902649063912
0.00063373343773924
0.0005489677533454436
0.00046727682682176706
0.0003896897282179067
0.0003171654248988855
0.0002505783902453688
0.00019070561018964924
0.00013821519607299044
9.365678582279953e-05
5.7453885927094984e-05
2.98982746219879e-05
1.1146552642045046e-05
1.218892384308905e-06
0.0
7.242268363558775e-06
2.2571062690973382e-05
4.549204539610772e-05
7.540041317625448e-05
0.00011159188787079693
0.00015327527386772908
0.00019958636922449242
0.00024960299565117677
0.00030236089444366323
0.00035687022165263376
0.00041213236646009594
0.0004671568120605098
0.0005209777583823583
0.0005726702307316807
0.0006213654078054808
0.000666264916345532
0.0007066538577419727
0.000741912353840059
0.0007715254246753478
0.0007950910394260616
0.0008123262130379474
0.0008230710542148697
0.0008272907052115084
0.000825075149522011
0.0008166368995251365
0.000802306611812804
0.0007825267126919651
0.0007578431496227707
0.0007288954155791551
0.0006964050219671404
0.0006611626213327356
0.0006240140032088899
0.0005858452047243922
0.000547566991727098
0.000510098975931601
0.00047435363883435873
0.0004412205337717351
0.0004115509335314237
0.00038614318244658565
0.0003657289990627109
0.0003509609585014362
0.0003424013628547096
0.0003405126836923452
0.0003456497334795711
0.00035805369285232987
0.0003778480888027417
0.00040503678543425507
0.0004395040146280638
0.00048101643930589094
0.0005292272075689863
0.0005836819224228168
0.0006438264196284686
0.0007090162159962098
0.0007785274626597586
0.0008515692130035358
0.000927296793369991
0.0010048260468021857
0.0010832482061661308
0.0011616451432672344
0.0012391047351725869
0.0013147360879482975
0.00138768436141588
0.001457144946246197
0.001522376756592562
0.0015827144172951759
0.0016375791441795293
0.001686488138773437
0.0017290623444779264
0.0017650324393957604
0.0017942429711580964
0.0018166545706736362
0.001832344214213261
0.001841503536081422
0.001844435226755908
0.0018415475832490806
0.0018333473090216693
0.001820430689555363
0.0018034732961871754
0.0017832183945934398
0.0017604642549993205
0.0017360505784517976
0.0017108442670611844
0.0016857247757841845
0.001661569288954305
0.0016392379662960193
0.0016195595005916578
0.0016033172225774935
0.0015912359781697567
0.0015839699889683462
0.0015820918894235486
0.0015860831134021187
0.0015963257795269276
0.0016130961990052503
0.0016365601021563559
0.0016667696509787737
0.001703662275359398
0.0017470613404294338
0.0017966786226253167
0.0018521185427193612
0.0019128840759308112
0.001978384232676034
0.0020479429789966265
0.0021208094436077044
0.0021961692391811163
0.002273156709214647
0.0023508678988775145
0.0024283740387447666
0.002504735324456911
0.002579014773121777
0.0026502919387053916
0.0027176762736671
0.002780319932550965
0.0028374298249616075
0.002888278740087027
0.002932215382392188
0.002968673177961999
0.002997177732849997
0.0030173528482894457
0.0030289250223236785
0.0030317263928751406
0.003025696103052967
0.0030108800951539564
0.0029874293649065904
0.002955596731624044
0.002915732202675008
0.002868277031685777
0.002813756588824755
0.0027527721781039046
0.002685991950619501
0.002614141073854855
0.0025379913254408243
0.002458350285030145
0.0023760503001580948
0.0022919374011573946
0.0022068603364464954
0.0021216598929443926
0.002037158657156928
0.0019541513608481564
0.0018733959414137255
0.0017956054314037157
0.0017214407744195117
0.0016515046461754307
0.0015863363402275812
0.0015264077580952318
0.0014721205236007382
0.001423804221594238
0.0013817157421589343
0.0013460396932430702
0.0013168898277439002
0.0012943114156551054
0.0012782844782269684
0.001268727789384695
0.00126550354007013
0.0012684225538374587
0.0012772499370213386
0.0012917110441372757
0.0013114976388542321
0.0013362741328399447
0.00136568378891809
0.0013993547811523182
0.0014369060125070034
0.0014779526004182206
0.001522110951702645
0.0015690033604760754
0.001618262075869095
0.0016695328000254455
0.0017224775908540723
0.0017767771579837149
0.0018321325540507924
0.001888266276560682
0.0019449228078393032
0.0020018686317994465
0.002058891776172815
0.0021158009373244834
0.002172424251624354
0.002228607782489222
0.002284213795557342
0.0023391188959802287
0.0023932121015200493
0.002446392923068927
0.002498569520440223
0.002549656995937951
0.002599575881437741
0.002648250866689077
0.0026956098074772516
0.002741583042387883
0.00278610303643677
0.0028291043590134486
0.002870523992693827
0.002910301958761345
0.0029483822349878723
0.0029847139316048774
0.0030192526826667964
0.003051962202376305
0.0030828159495854984
0.0031117988387594797
0.0031389089323105228
0.00316415904746869
0.003187578210799856
0.00320921289512996
0.003229127976961997
0.0032474073574221777
0.003264154196248862
0.0032794907162155187
0.003293557544497787
0.003306512567668994
0.0033185292880271245
0.0033297946805891133
0.003340506562089879
0.0033508704954375067
0.0033610962650415816
0.003371393969988066
0.003381969792925479
0.0033930215125093054
0.0034047338360951498
0.0034172736368676604
0.0034307851855581674
0.003445385471183898
0.003461159707712826
0.003478157124132076
0.0034963871340230133
0.003515815977409161
0.003536363922369278
0.003557903106761076
0.003580256091482854
0.0036031951861482843
0.0036264425960349693
0.003649671425892167
0.003672507561886376
0.0036945324378770163
0.0037152866766185606
0.003734274580663597
0.0037509694319848037
