0.003011670866234671
0.0030337752519314465
0.003054013268016122
0.0030723606983904745
0.003088799307882575
0.0031033168639537484
0.0031159071368784593
0.0031265698784849662
0.0031353107796218125
0.003142141406591587
0.003147079116868724
0.003150146954492015
0.003151373525594792
0.003150792854606165
0.003148444221724914
0.0031443719823335096
0.003138625369082956
0.0031312582774395397
0.0031223290355418395
0.0031119001592704587
0.0031000380934834543
0.003086812940417449
0.003072298176297534
0.0030565703572382934
0.003039708815553417
0.0030217953476223045
0.0030029138944887104
0.002983150216388724
0.002962591562423208
0.00294132633660309
0.002919443761504679
0.0028970335407763432
0.002874185521737561
0.0028509893593063654
0.0028275341824818287
0.0028039082645942596
0.0027801986985175006
0.0027564910780150473
0.002732869186364813
0.0027094146933763926
0.002686206861879643
0.0026633222647245783
0.0026408345132900132
0.002618813998452308
0.0025973276449161604
0.0025764386797567833
0.002556206415967298
0.002536686051746875
0.002517928486204396
0.002499980152089333
0.0024828828660964307
0.0024666736972239053
0.0024513848535964054
0.002437043588094309
0.0024236721230601575
0.0024112875942815816
0.002399902014378094
0.002389522255646943
0.002380150052351109
0.0023717820223607233
0.0023644097079879725
0.002358019635785199
0.0023525933950066568
0.0023481077343665167
0.002344534676659414
0.002341841650745473
0.0023399916403393584
0.002338943348982966
0.0023386513805238366
0.002339066434366679
0.0023401355147135627
0.002341802152959675
0.0023440066423661286
0.0023466862840893616
0.002349775643608311
0.002353206816555914
0.00235690970293069
0.002360812288637308
0.0023648409332822167
0.00236892066313171
0.0023729754681251977
0.002376928601826127
0.00238070288318681
0.0023842209990015137
0.002387405805924464
0.0023901806309358964
0.0023924695691499498
0.0023941977778729516
0.0023952917658394157
0.0023956796765757997
0.0023952915648686596
0.0023940596653441214
0.002391918652199491
0.0023888058891652145
0.0023846616688160296
0.002379429440393995
0.0023730560253528337
0.0023654918198825745
0.002356690983725599
0.0023466116146496872
0.002335215908000288
0.002322470300812818
0.0023083456000260382
0.0022928170943993277
0.0022758646497995595
0.0022574727875872775
0.002237630745896493
0.0022163325236675734
0.002193576907358062
0.002169367480321625
0.002143712614910409
0.002116625447420637
0.002088123836065118
0.0020582303022190942
0.0020269719552474677
0.0019943804012815037
0.0019604916363715323
0.0019253459244986317
0.0018889876609826921
0.0018514652218762338
0.0018128307999829758
0.0017731402281868994
0.0017324527908216232
0.0016908310238507988
0.0016483405046680607
0.0016050496323595765
0.0015610293993033044
0.0015163531550066059
0.0014710963631078633
0.001425336352487932
0.0013791520634537924
0.0013326237899694488
0.0012858329189179276
0.001238861667383317
0.0011917928189427813
0.001144709459955923
0.0010976947168321758
0.0010508314952467341
0.0010042022222613502
0.00095788859228876
0.0009119713178181121
0.0008665298857941571
0.0008216423205147481
0.0007773849538799677
0.0007338322037917016
0.0006910563614651419
0.0006491273883735126
0.0006081127235045237
0.0005680771015618582
0.0005290823826974438
0.0004911873943108378
0.0004544477854005228
0.0004189158938990381
0.0003846406273692786
0.00035166735738376316
0.00032003782785196093
0.0002897900775034677
0.00026095837667688623
0.00023357317850615728
0.00020766108453781863
0.00018324482475473103
0.00016034325192411554
0.00013897135013088684
0.00011914025730108734
0.00010085730146534139
8.41260504584856e-05
6.894637469945578e-05
5.531452264503304e-05
4.322320846258487e-05
3.266171142057134e-05
2.3615986451442066e-05
1.6068785300002702e-05
9.999787631277375e-06
5.385741435684878e-06
2.2006120360650028e-06
4.157389707783697e-07
0.0
9.199814584854964e-07
3.1401541574879906e-06
6.623054021478569e-06
1.1329466631595586e-05
1.7218614837659135e-05
2.4248348594001256e-05
3.237533617134929e-05
4.155525589752342e-05
5.1742987583865835e-05
6.289280280189153e-05
7.495855318584758e-05
8.78938559513479e-05
0.00010165227583822925
0.00011618750270695312
0.000131453524042278
0.00014740479164538885
0.0001639963818261044
0.00018118414844005173
0.0001989248681516214
0.000217176377341969
0.00023589770012221898
0.00025504916695498004
0.00027459252343234146
0.00029449102880537716
0.0003147095439086239
0.00033521460817289173
0.00035597450547083175
0.0003769593185917971
0.0003981409721952932
0.00041949326414581726
0.0004409918851854752
0.0004626144269546877
0.00048434037842490316
0.0005061511108606196
0.000528029851480748
0.0005499616460413376
0.0005719333106126055
0.0005939333728729559
0.0006159520032909751
0.0006379809366129573
0.0006600133841184247
0.0006820439371488261
0.0007040684624551915
0.000726083989948683
0.0007480885934737494
0.0007700812652563869
0.000792061784710332
0.0008140305823109973
0.0008359885992712136
0.0008579371437736282
0.0008798777445322909
0.0009018120024702095
0.0009237414413105254
0.0009456673578862897
0.0009675906729777299
0.0009895117834862017
0.001011430416750787
0.0010333454878068095
0.0010552549603751865
0.0010771557123578758
0.0010990434065974125
0.001120912367638053
0.0011427554652021386
0.0011645640050682825
0.0011863276280078068
0.001208034217402795
0.0012296698161330273
0.0012512185532804897
0.0012726625811588527
0.001293982023131605
0.0013151549326367565
0.001336157263788028
0.0013569628538727127
0.0013775434180149603
0.001397868556220386
0.0014179057729637977
0.0014376205094267414
0.0014569761884356456
0.001475934272094924
