0.004930326425832198
0.004438143968078477
0.00395956575281656
0.0035387727302849787
0.0032036359127602786
0.0029634053995199854
0.00280998548768846
0.002722338199035264
0.0026729916382192617
0.0026352753263193408
0.002589824030552465
0.0025290931420408297
0.0024590664758947613
0.0023979209057024362
0.00237202443279579
0.002410164756427794
0.0025372340438141712
0.002768671890090795
0.0031067828415604144
0.003539639878139764
0.0040427464181983916
0.004583067595212354
0.005124570531893807
0.005634126925581074
0.006086584674757148
0.006468014373758005
0.006776537031445826
0.007020656359428452
0.0072155443108962896
0.007378153169554728
0.007522263699588508
0.007654578276141409
0.0077727313066590815
0.007865666433278823
0.00791630961371547
0.007905958513266177
0.007819419190925998
0.007649734284926598
0.007401404797014063
0.007091301632956999
0.0067469354973235425
0.006402308855319382
0.006092097068169161
0.005845287684878199
0.005679564667241576
0.00559762006794628
0.005586224505719868
0.005618355727163526
0.005658075978283282
0.0056672859607316915
0.0056130812272800175
0.00547428114658652
0.005245828178665663
0.004940146871415407
0.004585134856738553
0.00421911941556813
0.003883722106706504
0.003616007602480113
0.0034414609539593047
0.003369200993846604
0.0033904174425926532
0.0034803933946108805
0.003603763574646174
0.00372200176146189
0.003801659773239205
0.0038216928898587525
0.0037783459655073193
0.003686520563380041
0.0035772152524113417
0.003491401825189569
0.003471420822540175
0.003551508403854726
0.0037492959250750068
0.004060002286799253
0.004454582801217648
0.004882387495272102
0.005278047198788148
0.005571504026041145
0.005699486556120585
0.005616418520863325
0.005302806084187782
0.004769566870790677
0.004057469448244298
0.003231715968586368
0.002372563617596507
0.001563582499081465
0.0008795585877197638
0.00037609494323884553
8.2635826371023e-05
0.0
0.00010268244275973273
0.0003453236863205202
0.0006720136818126441
0.0010266275728400718
0.0013622679601406145
0.0016481294302149127
0.0018726540741652422
0.002042600362904511
0.0021784539465882053
0.0023073113449052192
0.0024548316833168105
0.0026379909204282525
0.0028601648125418863
0.0031095565580700163
0.0033612767114540114
0.0035826186516797077
0.003740404875717358
0.003808840306184924
0.003776185887769753
0.003648783915516172
0.0034514836381158674
0.0032242307666811355
0.003015357523675462
0.002872788812645098
0.0028348305979595144
0.002922337954137595
0.0031338431008347952
0.0034446958660603543
0.0038105282877594518
0.004174540837744479
0.0044773743650342954
0.004667819238086864
0.004712420238324506
0.0046022016441296595
0.00435523353667974
0.004014497595503832
0.003641353449379715
0.0033057002236438204
0.0030745266857513066
0.003000837943455576
0.0031148838755228328
0.0034192069800125973
0.003888350608678356
0.004473246556556117
0.005109482829803558
0.00572798485928296
0.006266244027398334
0.006678163522283696
0.006940868997927596
0.007057394506179897
0.007054896636922977
0.006978835744851992
0.006884251873475147
0.00682573471746787
0.006847863912200785
0.006977755251294996
0.007220924753061943
0.007561060005290024
0.007963583915322429
0.00838223755424546
0.008767411215529623
0.009074698206326774
0.009272169899433125
0.009345157771670982
0.009297816855248383
0.009151340272208857
0.008939286529705694
0.008700965757781792
0.008474127727038703
0.008288260096877664
0.008159639750903409
0.008088923960831856
0.008061593595793832
0.008051056626264083
0.008023775800058242
0.007945472895856995
0.007787328941643647
0.007531156758833752
0.007172746933562816
0.006722931134652353
0.006206301208543371
0.005657898563985528
0.005118484770847632
0.004629178664213397
0.004226279811161804
0.0039370006377902325
0.0037766290949380176
0.0037473839710962095
0.0038389544262395154
0.004030478594356701
0.004293546421001891
0.004595726785730445
0.004904119272981785
0.005188503170894869
0.00542377709864609
0.005591524794372572
0.005680680363423292
0.005687379995698029
0.005614165493594007
0.005468745216037552
0.005262524575485088
0.005009099626256683
0.0047228733477923815
0.004417913361570007
0.004107127538255259
0.0038017926611984562
0.0035114312494917647
0.0032439924805329023
0.003006255659205766
0.00280434183284801
0.0026441962470294
0.002531898011619955
0.002473669686597857
0.0024755017646065436
0.002542373652874125
0.0026771362553025925
0.0028792085290393083
0.0031433145658263197
0.0034585313070633985
0.0038079156031182917
0.004168925508021842
0.004514746551064373
0.004816491819231044
0.005046086843689164
0.0051795042475078525
0.005199907597324187
0.005100222981182866
0.004884694744853801
0.004569099310708992
0.004179474094593061
0.003749440080706879
0.0033164205477209407
0.0029172460084277967
0.0025837522760147275
0.0023390013393718304
0.002194675836786014
0.0021500275535657294
0.0021925252085044523
0.002300085571180803
0.0024445286751566364
0.002595713935215351
0.002725720537574229
0.002812447835585321
0.002842126201796321
0.002810424332676119
0.0027220797865476704
0.002589222536573196
0.002428764056738342
0.0022593527845209726
0.002098431050383204
0.0019598668636688315
0.001852492137415309
0.0017796871218041014
0.001739947268314008
0.0017281923891790635
0.0017374609250454288
0.00176059372756225
0.0017915552282694652
0.0018261521966878957
0.001862065319779927
0.0018982728003326963
0.001934083651183951
0.0019680831681790968
0.001997307742684318
0.002016909045806361
0.002020451816383619
