0.0030711346458415665
0.003128663283008135
0.003176412607802455
0.0032149237845286024
0.003244879711889031
0.0032670913596008965
0.00328248209792801
0.0032920702734166325
0.003296950313136428
0.003298272664234935
0.003297222895191271
0.0032950002994590406
0.0032927963509625994
0.0032917733639890997
0.0032930437073296305
0.003297649914090525
0.003306546014540828
0.003320580399898264
0.0033404805003891622
0.003366839531638895
0.0034001055299296415
0.003440572859644819
0.0034883763359105672
0.0035434880627038755
0.00360571704222568
0.0036747115658678684
0.0037499643513859066
0.0038308203456797287
0.003916487068633769
0.004006047331501816
0.004098474124041264
0.004192647428658013
0.004287372687816747
0.004381400623435547
0.0044734480843790034
0.004562219580868244
0.004646429152929874
0.0047248222141054
0.004796197011638741
0.004859425350253842
0.004913472238330966
0.00495741413259566
0.004990455480062285
0.005011943283548718
0.005021379449142795
0.005018430710021839
0.005002935960405941
0.004974910875510117
0.004934549737451431
0.004882224432434099
0.004818480630426537
0.004744031204200611
0.0046597469892702675
0.004566645029208314
0.004465874491329612
0.004358700475142077
0.004246485969672262
0.004130672245221574
0.004012757989826822
0.003894277520288784
0.0037767784117862828
0.0036617988985932813
0.0035508454011406745
0.003445370531587501
0.0033467519212599063
0.0032562721989474884
0.003175100429375604
0.0031042752965457342
0.003044690287483264
0.002997081098755712
0.002962015451492573
0.0029398854611739278
0.0029309026668266486
0.002935095781175466
0.002952311179463281
0.002982216100811766
0.0030243044928664063
0.0030779053887708715
0.0031421936659267935
0.00321620299916042
0.0032988407874303587
0.0033889048036042186
0.00348510129157089
0.0035860642144278526
0.003690375341994944
0.003796584855676408
0.003903232143849631
0.00400886646153843
0.004112067134074781
0.004211462995619509
0.004305750769565573
0.0043937121186705995
0.004474229117864816
0.004546297931593102
0.00460904050975155
0.0046617141511934475
0.004703718820789715
0.004734602144486483
0.004754062046040928
0.0047619470284608525
0.004758254141954053
0.004743124717755497
0.004716837982916607
0.004679802704421761
0.004632547041300308
0.0045757068102426305
0.0045100123931851
0.0044362745340516836
0.004355369286057144
0.004268222380496206
0.00417579329265744
0.004079059280386321
0.003978999665940824
0.003876580622279022
0.0037727407110151297
0.0036683774012768295
0.003564334776959893
0.003461392614835449
0.003360256988103832
0.0032615525198343128
0.0031658163788454794
0.0030734940775535417
0.002984937097747635
0.0029004023367468204
0.002820053333550739
0.0027439632029941036
0.002672119176105749
0.0026044286173692623
0.0025407263648514356
0.0024807832176189175
0.0024243153768538223
0.002370994632889257
0.0023204590802278205
0.0022723241366175034
0.0022261936405003112
0.002181670803603232
0.0021383688020155207
0.002095920799624754
0.002053989212029432
0.002012274036706323
0.001970520095924481
0.001928523062251586
0.0018861341620332794
0.0018432634794492736
0.0017998818121402818
0.0017560210584204833
0.001711773145197138
0.0016672875343709125
0.001622767373159407
0.0015784643799662827
0.001534672581634912
0.00149172103974363
0.0014499657226327213
0.0014097806957673108
0.0013715488155629871
0.001335652120722375
0.00130246212031069
0.0012723301791645394
0.0012455781987806415
0.0012224897856389825
0.0012033020891164057
0.0011881984779448425
0.001177302207828444
0.0011706712136761444
0.0011682941383016488
0.0011700876858046151
0.0011758953626230337
0.001185487642912598
0.0011985635679559953
0.001214753762234782
0.0012336248221087999
0.0012546850072332062
0.0012773911403727457
0.001301156598591127
0.0013253602583093386
0.001349356238807129
0.0013724842737041828
0.001394080528065271
0.0014134886702308852
0.0014300710024238697
0.00144321945270076
0.0014523662329160034
0.0014569939729945497
0.0014566451508462792
0.001450930649525398
0.00143953728850285
0.0014222341938900653
0.0013988778927909048
0.0013694160392867451
0.0013338897034654736
0.0012924341799496488
0.0012452782981063888
0.0011927422420646944
0.001135233914358829
0.001073243901998266
0.00100733912759277
0.00093815529041475
0.0008663882225716474
0.0007927843034385791
0.0007181300908590061
0.0006432413401030253
0.0005689515909757946
0.0004961005096475795
0.0004255221746461025
0.00035803349598587434
0.00029442295264358004
0.00023543982661850872
0.0001817841017942069
0.00013409718294920756
9.295357480666733e-05
5.885364326639912e-05
3.2217561268358796e-05
1.3380520466715201e-05
2.5892674458405374e-06
0.0
5.677635452313538e-06
1.9596439534041304e-05
4.1641981403682526e-05
7.161435836569368e-05
0.00010923261313791838
0.00015414024747447048
0.00020591171890225676
0.0002640597925591228
0.0003280436078703039
0.00039727731025798177
0.000471139091385494
0.0005489804776774973
0.0006301357060593316
0.0007139310279970802
0.0007996937879134556
0.0008867611297708243
0.0009744881958694616
0.0010622556944777414
0.001149476727523531
0.0012356027859280966
0.001320128837921515
0.0014025974544863713
0.0014826019355616167
0.0015597884204206882
0.0016338569853347308
0.0017045617508674815
0.0017717100395594216
0.0018351606420023933
0.001894821265064583
0.0019506452500151904
0.002002627660270045
0.002050800848228223
0.0020952296180347806
0.0021360061059732304
0.002173244502500683
0.002207075739676564
0.0022376422649409023
0.0022650930169578476
0.002289578711689917
0.0023112475371871934
0.0023302413439840915
