0.0025264430365870487
0.002511416654160379
0.0024959164849038865
0.002479953858569017
0.002463538810373752
0.002446680055507999
0.002429384973722428
0.0024116596040347996
0.0023935086495400293
0.0023749354922625644
0.0023559422179423375
0.0023365296505988013
0.002316697396671511
0.002296443898490658
0.002275766496786967
0.0022546615019077335
0.002233124273364619
0.0022111493072992767
0.0021887303314152527
0.002165860406888867
0.0021425320367382374
0.0021187372800983034
0.002094467871820845
0.002069715346792117
0.0020444711683370036
0.0020187268600576442
0.0019924741404363077
0.0019657050595170682
0.0019384121369685828
0.0019105885008210027
0.0018822280261639227
0.0018533254730891723
0.0018238766231623163
0.001793878413709894
0.0017633290692156919
0.0017322282291287218
0.0017005770713979765
0.0016683784310644613
0.0016356369132593746
0.00160235899997854
0.0015685531500272405
0.0015342298915563379
0.0014994019066398795
0.0014640841073762026
0.0014282937030286977
0.0013920502577587598
0.001355375738541869
0.0013182945528981164
0.0012808335761105582
0.0012430221676484748
0.0012048921765576792
0.001166477935626334
0.0011278162441820568
0.0010889463394243065
0.0010499098562448171
0.0010107507755381716
0.000971515361054101
0.0009322520848926543
0.000893011541792805
0.00085384635241409
0.0008148110558593488
0.0007759619917343541
0.0007373571720868661
0.0006990561436132181
0.0006611198405648247
0.0006236104288296609
0.0005865911417048087
0.0005501261079152444
0.0005142801724711305
0.00047911871099070766
0.00044470743814839053
0.00041111221093766614
0.0003783988274657429
0.00034663282202153454
0.00031587925718028665
0.00028620251372697193
0.00025766607919627967
0.00023033233583969175
0.00020426234883949958
0.00017951565559586827
0.0001561500569159024
0.00013422141093330986
0.00011378343058353075
9.488748545216381e-05
7.758240880421235e-05
6.191431058802377e-05
4.792639719101684e-05
3.5658798704183564e-05
2.5148404429291282e-05
1.642870733645869e-05
9.52965815070395e-06
4.477529714030145e-06
1.2947922349510269e-06
0.0
6.076900819960117e-07
3.1282935376948304e-06
7.5680595431862514e-06
1.39289928690659e-05
2.2208805049296013e-05
3.240087954786133e-05
4.4494251176061244e-05
5.847359996075975e-05
7.431925961029137e-05
9.200724067023837e-05
0.0001115092684061598
0.00013279283539476992
0.00015582126874919737
0.00018055381184815854
0.00020694572038318848
0.00023494837248284276
0.0002645093926181893
0.0002955727889401112
0.0003280791036462628
0.00036196557592402994
0.00039716631696590926
0.00043361249650534215
0.00047123254027463366
0.0005099523377421352
0.0005496954594436795
0.0005903833831834876
0.0006319357283424813
0.0006742704974974573
0.0007173043245228873
0.0007609527283184109
0.000805130371279557
0.000849751321606844
0.0008947293185293873
0.0009399780395035523
0.0009854113684349868
0.0010309436639638228
0.001076490026847773
0.0011219665654764771
0.0011672906585526949
0.0012123812139817865
0.001257158923020522
0.0013015465087493202
0.001345468967948778
0.0013888538054816024
0.0014316312603047405
0.0014737345222636286
0.0015150999388508835
0.001555667211145344
0.0015953795781840615
0.0016341839890594756
0.0016720312620764639
0.0017088762303490543
0.001744677873264244
0.0017793994332902922
0.0018130085176589928
0.0018454771845054984
0.0018767820131051086
0.0019069041579038843
0.001935829386098655
0.0019635480985819593
0.0019900553341282465
0.0020153507567591826
0.0020394386262878998
0.002062327752104226
0.0020840314303251467
0.002104567364496737
0.002123957570095277
0.002142228263136131
0.002159409733258771
0.0021755362017151433
0.0021906456647458176
0.002204779722884182
0.0022179833967828177
0.002230304930208131
0.0022417955808989743
0.0022525094000322675
0.0022625030010833174
0.002271835318910382
0.0022805673599320337
0.0022887619443016957
0.002296483441016364
0.0023037974969257785
0.002310770760634076
0.002317470602308095
0.0023239648304250377
0.0023303214065068236
0.002336608158899416
0.0023428924966623376
0.0023492411246366614
0.002355719760758874
0.002362392856683165
0.0023693233227658666
0.002376572258453083
0.0023841986890958673
0.002392259310196883
0.0024008082400681983
0.002409896781851945
0.0024195731958239703
0.0024298824828655934
0.0024408661799501185
0.0024525621684490465
0.0024650044960181786
0.0024782232127760102
0.002492244222436344
0.002507089149003907
0.0025227752195862247
0.002539315163817299
0.0025567171303288398
0.0025749846206433525
0.002594116440800179
0.0026141066709612438
0.0026349446531777087
0.0026566149974322473
0.0026790976060047534
0.002702367716141814
0.002726395960942741
0.0027511484483075926
0.002776586857725528
0.0028026685546154164
0.00282934672186507
0.0028565705081509615
0.0028842851925572352
0.0029124323649511816
0.002940950121512711
0.0029697732747575997
0.0029988335773388545
0.0030280599588575225
0.0030573787748640283
0.0030867140671835148
0.003115987834654326
0.003145120313327471
0.003174030265137023
0.003202635274017063
0.0032308520484099984
0.003258596729084148
0.003285785201155368
0.0033123334091883353
0.003338157674238053
0.0033631750116810905
0.0033873034486792894
0.003410462340115986
0.0034325726818463746
0.0034535574201094233
0.0034733417559587223
0.0034918534435837752
0.003509023081411592
0.0035247843949006946
0.003539074509966115
0.0035518342160041627
0.0035630082175198124
0.0035725453733974153
0.003580398922896681
0.00358652669750072
0.0035908913177909096
0.003593460374574511
0.0035942065935449913
0.003593107982811805
0.0035901479626956516
0.003585315477246894
0.0035786050870085144
0.0035700170426105947
0.003559557338850514
