0.0
0.0002663200524260518
0.0007067849845132663
0.0012671539512023895
0.0018786441829971323
0.002467348472187417
0.002964183955785704
0.0033140435713390672
0.0034830040879424047
0.0034627613377908296
0.0032718551407026845
0.002953652547373212
0.0025714259768962054
0.0022011554051113344
0.001922881591011216
0.0018115372520641172
0.0019281935914706675
0.0023125948321495397
0.002977727909276051
0.003906999559287193
0.005054376264099655
0.006347589660550601
0.007694229001843156
0.008990247227378931
0.010130121443498452
0.011017664680956694
0.011576322206187612
0.011757740476293597
0.011547499091319646
0.010967157131922017
0.01007217193396552
0.00894576030134007
0.007689324428044881
0.006410575948407959
0.005210876391843688
0.004173497245137135
0.003354440604395443
0.002777142701957525
0.002431841361748733
0.002279699547768179
0.0022610461916751563
0.002306441882248067
0.002348813571126965
0.002334714684049639
0.002232896308904005
0.002038809201432746
0.0017743291886502433
0.0014828001557806642
0.0012202834269362485
0.0010445521156137354
0.0010037586791413
0.001126762148056174
0.0014168147219310728
0.0018497232459254447
0.0023768206649905604
0.0029322429576146484
0.0034432567665431454
0.003841855022568165
0.004075625649700232
0.0041160384750590865
0.003962760731926287
0.0036433164784982408
0.003208221568408643
0.0027225061914011753
0.002255142276530864
0.001868217674950874
0.0016076901748771038
0.0014972209814775798
0.0015359974619027989
0.0017007224391361164
0.0019512094356940166
0.0022384148213316964
0.0025133658964282854
0.0027353684253702748
0.0028781005502382
0.0029326685479092976
0.0029073151658409553
0.002824110443215189
0.002713495059733173
0.0026078881395989505
0.002535658198962348
0.0025165828968863758
0.002559537318958118
0.002662639267845343
0.0028155530188375398
0.003003219082060978
0.003210022811095717
0.003423385593489595
0.0036359569291911707
0.0038459551637079962
0.004055664379312199
0.004268542761935119
0.004485735519401158
0.004702939631912566
0.004908504788867246
0.005083388018007293
0.005203165836565999
0.005241836170990039
0.005176714862224173
0.004993442038388348
0.004690027624766941
0.00427900625555637
0.0037871158335360286
0.0032523938945072032
0.0027191050921127322
0.00223136488495966
0.0018266141924131911
0.0015301643280715227
0.0013518528854684474
0.0012854607467123235
0.001311012942484213
0.0013995255837578476
0.001519279591060082
0.0016423971234588953
0.0017504317473032364
0.0018378742153140025
0.001912886715750707
0.0019951294160013232
0.002111124929279569
0.0022881025776382595
0.0025475747069136617
0.0028999579642495148
0.003341349143992123
0.0038531366757174413
0.004404559478275725
0.004957728282318474
0.005474120762597424
0.00592125354697704
0.006278185692075387
0.0065387322020380705
0.006711720534838781
0.006818218797547593
0.006886282896543269
0.00694428654293937
0.007014206751921441
0.007106272588111351
0.007216134591179858
0.007325221784572534
0.007404316453746093
0.007419718797631257
0.007340825357914406
0.007147618550438294
0.006836529463343458
0.006423405786884903
0.005942844868510578
0.005443840360740735
0.00498240847297114
0.004612467170299049
0.004376618552677053
0.004298553578526295
0.004378540085246496
0.004592913324972001
0.0048977617500486495
0.005236225084708554
0.005548143450798017
0.00578034520780392
0.005895725043226876
0.00587947147874685
0.005741318111636004
0.005513420811828576
0.00524426808792823
0.00498976294581178
0.004803134086790774
0.004725543966758693
0.004779121005134546
0.004963678998017005
0.005257685687507013
0.0056232364843520205
0.0060140305657004015
0.00638477834467066
0.00670019928209536
0.006941848776790362
0.0071114281954549295
0.007229905542092305
0.007332579655145011
0.007461006893815372
0.0076533279644025315
0.007934866630605093
0.008310857052781583
0.008762792635956912
0.009249241442261316
0.009711159011146542
0.010080897360805866
0.010293411189961153
0.010297726819274907
0.0100666466794165
0.009602930699574883
0.0089407792832992
0.008142237897531936
0.007289010407412014
0.006470954849898756
0.005773104216803888
0.005263308233463776
0.004982488459743412
0.004939059406711163
0.005108371883192839
0.005437203755774465
0.005852501017845107
0.006272897445521284
0.006621124737604719
0.0068353306814320485
0.006877557816471725
0.006738150391117053
0.006435558203448573
0.006011769004063465
0.005524297131953671
0.005036171685678734
0.00460562435383483
0.004277143376528504
0.0040752545289074495
0.0040018759244679885
0.004037466320769646
0.004145556343498984
0.00427972356514256
0.004391728170297849
0.004439413247175577
0.0043930984185612315
0.004239523277717452
0.0039828614914802565
0.0036428419026905963
0.003250490314572579
0.0028423672926728085
0.002454369693418854
0.002116164734647095
0.0018471466905493495
0.0016544886572088771
0.0015334671169350165
0.0014698363439271571
0.0014436910076593666
0.0014340323057758907
0.0014231768436551873
0.001400223195500158
0.0013629978890295656
0.00131819888307424
0.0012797860272016734
0.0012659768371523139
0.0012954409013572836
0.0013834105282682849
0.0015384218437301108
0.0017602741843636771
0.002039571153672688
0.0023589243278411744
0.0026956089162628615
0.0030252086252749474
0.0033256159541044245
0.0035806916192381287
0.0037829421350246114
0.003934737870932901
0.004047837789311502
0.004141271219661737
0.004237904673701298
0.004360247112390953
0.004526182863762609
0.00474534457584249
0.005016744384311205
0.005328084230019477
