0.003880667422039857
0.0034765242072083563
0.0030533419277560254
0.0026460488416794256
0.002277921355305086
0.001958762744136412
0.001685868288635956
0.0014474105144533463
0.0012274380455008168
0.0010114052342433317
0.0007910836810309705
0.000567857839121486
0.0003537421254774624
0.00016991047589977977
4.301516664859551e-05
0.0
6.240593983674594e-05
0.0002412732914515675
0.0005336465064689185
0.0009214055264199108
0.0013727336714001604
0.0018460613976005696
0.0022958816103089046
0.0026794934360925013
0.0029635558132056067
0.003129349233570046
0.0031758492405448346
0.003120072580991308
0.002994604758983803
0.0028426803855956025
0.0027115881057065516
0.00264544446884926
0.00267848241751021
0.00282991528912688
0.003101181993941266
0.0034759961896884484
0.003923174426589758
0.00440177734144245
0.004867733785454024
0.005280886914164921
0.005611338710737858
0.005844083443383857
0.005981191998887635
0.006041194659110965
0.006055749387318204
0.006064108079243288
0.0061062392283693975
0.006215679297290003
0.0064132343678769774
0.006702531026432319
0.007068139635296286
0.007476606012293079
0.007880287783560494
0.008223466012496258
0.008449855840171338
0.008510424701640956
0.008370376223501591
0.008014280133633568
0.0074486049459757744
0.006701298513735024
0.005818501971423898
0.004858906966419614
0.003886608544095109
0.0029635134398012784
0.0021424040038058854
0.0014616263465713766
0.0009420901009207995
0.0005868833524102853
0.0003833835240768875
0.00030735343947108995
0.00032821622278572486
0.0004145515641412593
0.00053887283145126
0.0006809241061811401
0.0008290446094035052
0.0009795285940144374
0.0011342921240389526
0.0012974741452906687
0.0014717898095572952
0.0016554838360220924
0.0018405950152598697
0.0020129650921381385
0.0021540584219203527
0.0022442728649205005
0.002267092181056131
0.0022132214699399013
0.0020838040544408185
0.0018919541253795877
0.0016621339861721568
0.0014273063467865439
0.0012242271156981345
0.0010876299385382438
0.0010443142277084098
0.0011082286022280293
0.0012775186543750306
0.0015341964308544466
0.0018466395825110834
0.00217461905727054
0.002476077635706869
0.0027145268437878097
0.002865766618454053
0.0029226973457456844
0.0028972836201040303
0.0028191982780529897
0.0027312450356012192
0.002682229199750661
0.0027184165204322966
0.0028750041166748556
0.0031690699730877146
0.0035952561622768497
0.004125007976964818
0.004709608484664361
0.005286614810136923
0.005788727658579876
0.006153708656868168
0.006333773286647809
0.0063029628217553604
0.006061323484406617
0.005635238682777653
0.005073881552607847
0.004442374128320339
0.0038127523065066937
0.0032541584613408467
0.0028237666577940073
0.0025597816774053017
0.0024774777279896166
0.002568725960206918
0.0028048935363013203
0.00314247748745399
0.0035304480864052005
0.0039180765053563205
0.004262032266675762
0.004531742095357454
0.004712355256128377
0.004805091129092684
0.004825174211389461
0.004797917833984135
0.004753747395513625
0.004723030578048087
0.004731509087355962
0.004796933516260092
0.004927237848866524
0.005120308271824029
0.005365153829744632
0.005644112123386511
0.005935640398778229
0.006217248956039924
0.006468210121432203
0.0066717913392770134
0.006816881855919472
0.0068989810851195245
0.006920576741821663
0.006890960190107785
0.006825516353761197
0.006744505889803125
0.006671350131355055
0.0066304516220095635
0.006644641329489061
0.0067324308484399435
0.006905344472179956
0.007165684072666744
0.007505110126376733
0.007904382451044835
0.008334485391394418
0.00875917331108833
0.009138740488829084
0.009434586188285243
0.00961395845277124
0.009654163128372927
0.009545548081148915
0.009292725183099163
0.00891375741399218
0.0084373740347429
0.007898624125117385
0.007333671751596765
0.006774614574027533
0.006245230397432206
0.005758409842983312
0.0053157373632446315
0.004909287246352161
0.004525278255637297
0.004148861307750129
0.0037690735014460582
0.0033829313757278716
0.0029977756940447174
0.00263129994852604
0.0023091394359412458
0.002060384658467259
0.0019118178824009742
0.0018819674513786007
0.001976167450959019
0.002183674502770613
0.0024775465813717517
0.0028174903544938104
0.0031553247244908013
0.003442194798689527
0.003636302794447954
0.003709775620987943
0.003653397877228886
0.0034782903289690137
0.003214147305754894
0.0029042653174737106
0.0025981844991305432
0.0023432125411259877
0.0021763207397058277
0.0021178489306847214
0.002168136889094086
0.0023076716306683234
0.0025007007151201274
0.002701630990610432
0.0028630293261427803
0.0029437621011861254
0.0029158065582252733
0.002768539673594467
0.002509805819515834
0.0021636868197476527
0.001765526030060501
0.0013552696538710444
0.000970484265471222
0.0006404324941299143
0.0003823358864855214
0.00020047670997047455
8.818532316653884e-05
3.2149149215842786e-05
1.798750092805784e-05
3.576483409451934e-05
8.412133847035758e-05
0.00017198648304410152
0.00031735383899599836
0.0005432331185666241
0.0008715295231648771
0.001316100689847714
0.001876501100941173
0.0025338816520119635
0.003250165667894527
0.003971029962842949
0.004632488933950527
0.005170149908325051
0.005529621826460343
0.005676236067303718
0.00560224992680853
0.005330060072491724
0.004910600071448914
0.004416921568622337
0.00393381543938727
0.0035450607053304044
0.003320358636219528
0.0033041263987634495
0.003508061049445478
0.003908781627072683
0.004451017454852048
0.005055880793428691
0.00563290490039436
0.0060938948834786035
0.006366339143687236
0.006404214679720493
