0.0
8.347154315565142e-05
0.00017938524980423308
0.0002868726135152361
0.00040493697355893556
0.000532465436014991
0.0006682424637938366
0.0008109649520956471
0.0009592585814024793
0.0011116952187034297
0.0012668111196693643
0.0014231256702491497
0.0015791603959205407
0.0017334579607992525
0.0018846008771245331
0.0020312296483631018
0.0021720600762975837
0.002305899473909205
0.002431661541474266
0.0025483796828459824
0.0026552185620971527
0.002751483727201497
0.0028366291568221865
0.0029102626180941846
0.0029721487570285327
0.0030222098782927984
0.003060524407067508
0.0030873230618617908
0.0031029828030039097
0.0031080186564178807
0.0031030735456827785
0.0030889062966956305
0.003066378008003123
0.0030364370055530904
0.003000102622814567
0.002958448065551837
0.002912582634703091
0.002863633590566063
0.002812727946662058
0.0027609744821424686
0.0027094462574024786
0.0026591639087371562
0.002611079984555292
0.002566064568070769
0.002524892409806587
0.0024882317680265265
0.002456635126768971
0.0024305319299660587
0.0024102234367053207
0.0023958797675846257
0.0023875391759074238
0.0023851095407661552
0.002388372042477788
0.0023969869449762086
0.0024105013752289037
0.002428358957105562
0.0024499111269275756
0.0024744299306727006
0.002501122078951594
0.0025291440158084232
0.0025576177414584227
0.0025856471175231327
0.002612334376347513
0.0026367965536927118
0.0026581815665255174
0.002675683664722205
0.002688557997143024
0.002696134048510058
0.0026978277235580215
0.002693151878678653
0.0026817251283361267
0.0026632787834289053
0.002637661811000615
0.00260484373870794
0.0025649154626566266
0.002518087953017472
0.0024646888876233082
0.0024051572789173014
0.0023400361935756943
0.002269963696289617
0.0021956621790172894
0.0021179262640075025
0.002037609492594375
0.0019556100317761247
0.001872855646584634
0.001790288197965035
0.0017088479331264182
0.0016294578379838034
0.0015530083193543906
0.001480342478043542
0.0014122422229818378
0.001349415461354051
0.0012924845804659596
0.001241976414265921
0.001198313861376032
0.0011618092926488177
0.001132659855152162
0.0011109447466379568
0.0010966245005375342
0.0010895422869367562
0.0010894272004111773
0.0010958994716411476
0.0011084775069593695
0.0011265866289690743
0.0011495693626372666
0.00117669708530148
0.0012071828362679353
0.0012401950625055339
0.0012748720616719692
0.0013103368725955829
0.001345712356557342
0.0013801362103736698
0.0014127756543985657
0.0014428415450911706
0.001469601672605001
0.0014923930187469977
0.001510632769357203
0.0015238278973382807
0.0015315831578230493
0.0015336073648622407
0.0015297178490527546
0.001519843027183808
0.0015040230477023357
0.0014824085090221332
0.001455257280848395
0.0014229294911894878
0.0013858807730230426
0.0013446538941384754
0.0012998689209904187
0.0012522120920046194
0.001202423597266525
0.001151284479534725
0.001099602885760393
0.0010481999085300093
0.0009978952629219162
0.0009494930460908885
0.0009037678244555214
0.0008614512867214121
0.0008232196902620366
0.0007896823138014719
0.00076137111116784
0.0007387317394429579
0.000722116110507406
0.0007117765882036376
0.0007078619245862508
0.0007104149985032629
0.0007193723885830265
0.0007345657811305734
0.0007557251820100109
0.0007824838708474983
0.0008143850063576886
0.0008508897637780153
0.0008913868597594259
0.0009352032970388199
0.0009816161411892598
0.0010298651250370294
0.0010791658632182725
0.0011287234500268531
0.0011777462083173845
0.0012254593558415332
0.001271118358011239
0.001314021742629048
0.0013535231624654943
0.0013890425054939837
0.001420075869851207
0.001446204240856468
0.0014671007303270623
0.0014825362635565165
0.001492383626229818
0.0014966198117588138
0.0014953266385371471
0.0014886896359315505
0.001476995226938956
0.0014606262638469755
0.001440056000455971
0.0014158406099954004
0.001388610381369146
0.001359059747406992
0.0013279363170419923
0.001296029098486386
0.0012641561123095267
0.00123315160165669
0.0012038530515772583
0.0011770882305078662
0.0011536624643982425
0.0011343463478554845
0.0011198640871585052
0.0011108826572588835
0.0011080019391920821
0.0011117459859778243
0.0011225555444377938
0.0011407819377871225
0.0011666823897772084
0.0012004168460176172
0.0012420463223344305
0.001291532784087807
0.0013487405347270764
0.0014134390669515626
0.0014853073060953979
0.0015639391531660847
0.0016488502147073343
0.0017394855886572738
0.0018352285599187842
0.0019354100466869978
0.0020393186288744512
0.0021462109833663766
0.002255322547399794
0.002365878231105209
0.002477103003136306
0.002588232179242732
0.002698521252461879
0.002807255115115626
0.002913756536748632
0.0030173937782475226
0.0031175872403105404
0.0032138150638414374
0.0033056176203444384
0.003392600851608282
0.00347443843948809
0.003550872808025661
0.003621714981099781
0.0036868433388906378
0.0037462013353195393
0.003799794255957202
0.003847685111384532
0.0038899897743802803
0.00392687148038463
0.003958534819276532
0.003985219352484623
0.0040071929927557965
0.004024745284512854
0.004038180720674566
0.004047812227169363
0.0040539549392775084
0.004056920384559619
0.0040570111756881065
0.00405451630324399
0.004049707103758749
0.004042833962279068
0.004034123791840673
0.004023778314799114
0.0040119731533293625
0.003998857718922358
0.003984555873717554
0.003969167320345972
0.003952769661928656
0.003935421060265594
0.003917163408315684
0.0038980259230283897
0.0038780290566240187
0.003857188618670661
0.003835519997866306
0.003813042371353423
0.00378978279067196
0.0037657800370516047
0.0037410881445657635
