0.003284609472574234
0.0032984389126893784
0.0033057728820277284
0.0033064401348977305
0.0033003707418187986
0.0032875991301717913
0.0032682653664971146
0.003242614637646522
0.003210994920608057
0.003173852863880553
0.00313172793616256
0.0030852449302275617
0.0030351049405803613
0.0029820749622476083
0.0029269762843004282
0.0028706718749337964
0.0028140529746830774
0.002758025130252124
0.002703493913137346
0.002651350574512045
0.0026024578905191483
0.002557636450126791
0.002517651631034825
0.0024832014978728566
0.002454905841279208
0.0024332965566555087
0.002418809537792697
0.0024117782335730045
0.0024124289860471297
0.0024208782359017196
0.002437131647253006
0.00246108516844903
0.0024925280097826477
0.0025311474833723696
0.002576535615622288
0.0026281974092802925
0.0026855606008078683
0.002747986730153418
0.00281478331463767
0.0028852168970116675
0.002958526720267552
0.0030339387688279144
0.00311067990758848
0.003187991847131819
0.0032651446653662046
0.003341449622880097
0.0034162710213503787
0.0034890368712201785
0.003559248156296756
0.0036264865085526847
0.00369042013580391
0.0037508078775732065
0.0038075012997486985
0.0038604447759823506
0.003909673542466343
0.003955309752069283
0.003997556593082686
0.004036690576290105
0.004073052131002429
0.004107034685400417
0.004139072438320965
0.0041696270578941
0.0041991735666196284
0.004228185692070619
0.0042571209770090445
0.00428640595196802
0.004316421677059235
0.00434748995776717
0.0043798605317590935
0.0044136995103413
0.004449079339301083
0.004485970519765242
0.0045242353007519664
0.004563623521757823
0.004603770746554001
0.004644198788989378
0.004684318688701323
0.004723436149960103
0.00476075941120122
0.004795409466941474
0.004826432518550035
0.004852814486575604
0.004873497375817758
0.004887397245847636
0.004893423504957351
0.004890499215218816
0.00487758207105926
0.004853685694030225
0.004817900872683812
0.004769416369000202
0.004707538911851878
0.0046317120036499385
0.004541533178587998
0.004436769369657221
0.0043173700666138915
0.004183477977990189
0.004035436946594908
0.003873796909199054
0.0036993157365978867
0.0035129578392605844
0.0033158894755289294
0.0031094707529592575
0.0028952443680279856
0.0026749211841260766
0.002450362801625864
0.0022235613258951405
0.0019966165885596343
0.0017717111232135967
0.0015510832383397442
0.0013369985666796035
0.0011317205010289901
0.0009374799508474806
0.0007564448716926608
0.0005906900299590765
0.0004421674684724655
0.00031267813404111614
0.00020384511609951262
0.00011708892622432857
5.3605221811565615e-05
1.4345343950090007e-05
0.0
1.0986376180519182e-05
4.74389152864442e-05
0.00010920394026601955
0.00019583824666306567
0.0003066117267678972
0.0004405140266976913
0.0005962651755274469
0.0007723300640223398
0.0009669365904805037
0.0011780972336619283
0.0014036337586964588
0.0016412047121218982
0.0018883353176230111
0.002142449345364885
0.0024009024956843732
0.002661016812862509
0.0029201156271745224
0.003175558513706369
0.0034247757547150003
0.003665301798639979
0.003894807223162473
0.004111128731739086
0.004312296742471024
0.00449656016454161
0.004662408000190668
0.004808587458612961
0.004934118321496723
0.005038303357303875
0.0051207346419177
0.005181295705975508
0.005220159493060204
0.005237782176921975
0.005234892949017047
0.005212479948876114
0.005171772568175902
0.005114220413956344
0.005041469266340113
0.004955334410585646
0.004857771761644742
0.004750847231009079
0.004636704810034916
0.004517533860770707
0.0043955361143399475
0.004272892878043186
0.004151732945558493
0.004034101690088301
0.003921931798296958
0.003817016073803433
0.003720982703346262
0.003635273337136555
0.0035611242880676745
0.0034995511031461184
0.003451336705604668
0.0034170232485673134
0.0033969077618048594
0.0033910416130220854
0.00339923374522883
0.0034210575930355893
0.0034558615241192326
0.0035027825985249252
0.003560763388747813
0.0036285715584444145
0.0037048218578473197
0.003788000160093615
0.003876489135219499
0.003968595137903484
0.004062575871424943
0.004156668383890745
0.004249116953597084
0.0043382004283429075
0.0044222585983841566
0.004499717204190782
0.004569111207810533
0.004629105989926097
0.0046785161729985675
0.0047163218135258915
0.004741681752651777
0.0047539439633277865
0.004752652783113289
0.004737552973624689
0.004708590599741488
0.004665910773073633
0.004609852354046499
0.004540939754457634
0.004459872026743814
0.004367509466771589
0.00426485799310587
0.00415305159688024
0.004033333182141148
0.003907034136517198
0.0037755529860272483
0.003640333495647751
0.0035028425788773293
0.00336454837503876
0.0032268988426230917
0.0030913012008848776
0.002959102530511191
0.002831571817967993
0.0027098836976071007
0.002595104111396527
0.002488178068869438
0.0023899196502716715
0.0023010043546506744
0.00222196385251569
0.0021531831604576913
0.0020949002134866036
0.002047207770539058
0.0020100575503131726
0.0019832664589329377
0.0019665247385111297
0.001959405836977565
0.0019613777750060015
0.00197181576586271
0.0019900158287818777
0.0020152091262258505
0.0020465767501982473
0.0020832646826395096
0.0021243986597505467
0.0021690986796767788
0.002216492907073603
0.002265730746321333
0.0023159948771470026
0.0023665120716675507
0.00241656263986496
0.0024654883806706513
0.0025126989475744432
0.002557676570363808
0.0025999791076172394
0.0026392414372991184
0.002675175224627215
0.00270756713672885
0.0027362756019249897
0.0027612262372880463
0.002782406090967755
0.0027998568652915033
