0.0031723665914561035
0.003863693121707471
0.004649190219603296
0.0054710330830280395
0.006273168350707625
0.007007691563429706
0.007639316367082002
0.008147384098281064
0.008525343686257654
0.008778105017036776
0.008918041340935622
0.00896061614205392
0.008920600791502736
0.008809637967537727
0.008635540797693854
0.008403279575678026
0.00811719285116927
0.007783659288888087
0.007413348616302835
0.007022263194390067
0.006631069556637595
0.006262641789691658
0.005938204452605581
0.00567286749602375
0.005471593964692497
0.00532666747073842
0.005217509767030428
0.005113269794487971
0.004978042114190845
0.004777985615840904
0.004489125428009147
0.0041043415056479715
0.0036380495889973006
0.003127384201940452
0.0026292593872345254
0.0022134165084979718
0.0019523366834300468
0.0019095512362971713
0.0021282942279585403
0.0026225147284214493
0.0033719715121448253
0.004322506614970194
0.005391738307014688
0.006479477260191293
0.007481321191876391
0.008303281243101639
0.008875054889855547
0.00915973821609773
0.00915834224699007
0.008908348166496449
0.00847655255790069
0.007947435120369325
0.0074090505593762
0.006938863468718118
0.006591933299442979
0.006393417270548569
0.006336571893904962
0.006386442064237826
0.00648841121407045
0.00657993159035282
0.006603214691241571
0.006516533845226842
0.006302092986632877
0.005969087534974037
0.005551496821111201
0.005101131249218953
0.004677328832397656
0.0043352954799740035
0.004115304600588461
0.00403477921504799
0.004084716231122118
0.0042310885039807625
0.004420932964511802
0.0045919758770360695
0.004684016098077544
0.0046499953670340564
0.0044647770076806405
0.004130104233705394
0.0036749240659607416
0.003151103605228055
0.002625373878325843
0.0021689658089849126
0.001846744876860166
0.0017076554001296024
0.0017779671052096375
0.0020582506568288107
0.0025243131688973417
0.003131636001032992
0.003822303211060199
0.004533084435184611
0.005203284992122376
0.0057811864022232935
0.0062283088357791925
0.006521234146979523
0.006651221541534108
0.006622225663163485
0.006448118725737039
0.006149899256993259
0.005753463766236029
0.005288189510941701
0.004786217429643488
0.004282029451401569
0.0038117613682035565
0.0034117233781475135
0.003115812057581647
0.0029518416204576048
0.0029372159139809447
0.0030747063665783636
0.00334930175383205
0.003727087540878192
0.004156873896983358
0.004574851424078873
0.004911988620827762
0.005103304763140816
0.005097677384146897
0.004866582530115116
0.004410189357260487
0.0037595560255919303
0.0029742593013695998
0.002135539958718125
0.0013358269780795289
0.0006661703098570664
0.000203534938413066
0.0
7.563755204504936e-05
0.0004162551063689717
0.0009763744044554278
0.0016869298811767073
0.0024663646368691
0.0032332271125382946
0.003918134271577996
0.004473111235871279
0.0048768164711803594
0.005134922986669144
0.005275807883271036
0.00534254104423816
0.005382803796259389
0.005438693298463542
0.005538321971978394
0.005690718073251597
0.005884855834164471
0.006092825201912866
0.006276351251417601
0.006395245453105337
0.006416033639865168
0.0063190193700377985
0.0061023979243108135
0.005782659985825538
0.00539128808849978
0.0049684998061458475
0.004555380027991208
0.004186054566391179
0.0038815289288454654
0.0036464572140826007
0.0034694905164158324
0.003327106812435599
0.0031900961946601256
0.0030313139042595135
0.0028330332969199777
0.002592290288594144
0.002323001052325748
0.0020542807923080554
0.0018251667587679912
0.0016766998425804063
0.0016428957914212004
0.0017424216765185426
0.001972724009904241
0.002307938587272103
0.0027012230967276138
0.003091319975981063
0.0034123366040952306
0.003605079792950204
0.00362792819307366
0.0034652412555655166
0.0031316896638934185
0.002671582981402014
0.002153141760780546
0.001658555543747037
0.0012714224126701991
0.0010636429605759452
0.0010839554357596004
0.0013500294948267984
0.0018454330761063543
0.0025219597160747657
0.0033069005250859563
0.004114025796344201
0.0048564478332812225
0.005459267852043558
0.005870004451019644
0.006065232242759146
0.006052540995942471
0.00586773058429481
0.005567940503270545
0.0052220395517932686
0.004899969971243298
0.004662800014869535
0.004554996376466964
0.00459994367338008
0.004799112850417059
0.0051346341032643735
0.005574479262957747
0.006079095138114534
0.006608204165120328
0.007126605339970258
0.00760812497092022
0.008037306992271126
0.008408902448671393
0.008725624916226929
0.008994910088354399
0.009225512892590434
0.009424691856671526
0.009596501598439638
0.009741400719915314
0.009857057271588346
0.009939967481633508
0.009987348386069374
0.009998746776600332
0.009976919845507654
0.009927753257675852
0.009859236909461666
0.009779757138668292
0.009696132789974573
0.00961188528515578
0.00952617865316792
0.009433709819352869
0.009325610085421585
0.009191186723528163
0.009020141749433146
0.00880479605011452
0.008541844703588097
0.008233273003831407
0.007886248193081554
0.007512026979146377
0.007124132827197286
0.006736211780927422
0.00636003658094766
0.006004082522177014
0.005672955294700584
0.005367743287875703
0.005087141648727915
0.004829004476668858
0.0045918698038190575
0.004375997518257525
0.004183567844726625
0.004017887163425623
0.003881697375977877
0.003774930429803614
0.0036924351562618155
0.003622283805546067
0.0035452155458491445
0.003435595217569816
0.003263986542701826
0.003001110965513998
0.0026226503957247085
0.0021141188033006763
0.001474925827718172
