0.0005182922296118257
0.00042209673093326124
0.00033209692176183444
0.0002498752017887876
0.00017696735505679092
0.00011484122155410326
6.487597151242112e-05
2.8342295764287838e-05
6.383815518906308e-06
0.0
1.003086074268661e-05
3.7143667235505894e-05
8.182190036296272e-05
0.00014435662816901593
0.00022484045330432856
0.00032316414367897185
0.00043901601790618736
0.0005718841157202931
0.0007210611413406625
0.000885652125410823
0.0010645847093511947
0.0012566219154061683
0.001460377227005856
0.0016743317679381294
0.0018968533358378209
0.00212621701619982
0.0023606270780060327
0.0025982398315514896
0.0028371871135170453
0.0030756000540397162
0.0033116327756659777
0.003543485674738631
0.003769427941973583
0.003987818990646489
0.004197128477757977
0.0043959546255185784
0.004583040577145507
0.004757288551868902
0.0049177715987092285
0.00506374278645081
0.005194641707684735
0.005310098217169181
0.00540993336836484
0.00549415755613376
0.0055629659175181305
0.005616731085520128
0.0056559934321781975
0.005681448976298941
0.005693935167314781
0.005694414789302738
0.005683958257684578
0.005663724605067351
0.005634941471686044
0.005598884429669651
0.005556855978649484
0.005510164552937062
0.005460103877585433
0.0054079330021743165
0.00535485732728138
0.005302010919566099
0.0052504403875326166
0.005201090561768467
0.005154792191266139
0.005112251831878941
0.005074044064652446
0.00504060614136518
0.00501223511279822
0.004989087452747693
0.00497118114832105
0.004958400185340478
0.004950501317423061
0.004947122969199217
0.004947796088812119
0.0049519567329056186
0.004958960139291605
0.004968096018856052
0.004978604779406261
0.0049896943803863555
0.005000557508912781
0.005010388764532066
0.005018401542512452
0.00502384431328628
0.005026016008706325
0.005024280243820236
0.005018078125571214
0.005006939426787732
0.004990491934545543
0.004968468815922168
0.0049407138807132794
0.004907184659194121
0.004867953252806078
0.004823204956027453
0.0047732346879377045
0.004718441311399875
0.00465931995567588
0.004596452493991912
0.004530496360463735
0.004462171920302057
0.004392248632834758
0.004321530268163227
0.004250839454848372
0.004181001847616135
0.004112830210487301
0.004047108711869181
0.0039845777239866376
0.003925919409659157
0.003871744365023271
0.0038225795676171386
0.0037788578556319325
0.0037409091365152294
0.00370895349197724
0.0036830963123544993
0.0036633255568321805
0.0036495111978603707
0.0036414068688957356
0.0036386536950494997
0.0036407862470223956
0.0036472405205467346
0.003657363807105957
0.0036704262876024935
0.003685634149493624
0.0037021440002576833
0.00371907832637316
0.0037355417277045106
0.003750637642627042
0.0037634852696420656
0.0037732363867984437
0.003779091771023325
0.003780316925457372
0.003776256833981837
0.003766349478120784
0.003750137872121002
0.0037272803968938853
0.0036975592422128505
0.0036608867985964085
0.003617309875112597
0.003567011656310272
0.003510311349974743
0.0034476615167524567
0.0033796431122109084
0.003306958310913238
0.0032304212199194353
0.003150946625127174
0.003069536947417637
0.002987267616101202
0.0029052710941447854
0.002824719812649387
0.0027468082906456684
0.002672734730177284
0.0026036823856176667
0.002540801010074034
0.0024851886805178176
0.0024378742969780607
0.0023998010398654165
0.0023718110534667602
0.002354631603152581
0.00234886292923651
0.0023549679921523693
0.0023732642721654533
0.002403917752759454
0.002446939180730848
0.0025021826585020033
0.002569346585879214
0.00264797693008731
0.0027374727650635827
0.0028370939843317677
0.0029459710569198533
0.00306311666331727
0.0031874390189260676
0.003317756666332684
0.0034528144954356628
0.003591300732364133
0.0037318646244929848
0.003873134539903525
0.004013736195472331
0.004152310728430477
0.00428753233167154
0.004418125183168607
0.004542879414376118
0.004660665881155801
0.00477044952322048
0.0048713011239150394
0.004962407310875489
0.005043078669202856
0.005112755871699296
0.005171013764853285
0.0052175633840261144
0.005252251906075008
0.00527506058184455
0.005286100723980796
0.005285607856808467
0.0052739341640349316
0.005251539396323333
0.005218980423882522
0.005176899638784182
0.005126012427435642
0.005067093945278413
0.005000965433190445
0.004928480318164874
0.004850510339616048
0.004767931937200732
0.0046816131264864275
0.004592401075372654
0.004501110577161983
0.0044085135959361105
0.004315330036822605
0.004222219868292009
0.004129776696291401
0.00403852286131989
0.003948906100020738
0.003861297783053224
0.003775992711461984
0.0036932104250203663
0.0036130979486043817
0.003535733877043472
0.0034611336755437996
0.0033892560520935255
0.0033200102405889264
0.003253264019058337
0.003188852276536314
0.003126585935014992
0.0030662610295645893
0.0030076677501914687
0.0029505992532394168
0.0028948600580184437
0.0028402738556790328
0.0027866905718893216
0.0027339925423114342
0.002682099679852647
0.002630973534784452
0.0025806201726380302
0.0025310918198298074
0.0024824872527580677
0.002434950932142981
0.0023886709101581137
0.00234387556293171
0.0023008292248058184
0.0022598268228844775
0.002221187630464215
0.0021852482755504274
0.0021523551554977318
0.002122856420603112
0.0020970936980164914
0.0020753937324677536
0.0020580601219587756
0.002045365324717866
0.0020375431084117108
0.002034781603971184
0.0020372171145893753
0.002044928815729355
0.002057934464625144
0.002076187218112053
0.0020995736360619787
0.0021279129246420296
0.002160957449503137
0.002198394524300642
