0.007763302785540401
0.007272560107735734
0.006680408690446189
0.006062189674689805
0.0054928342345454155
0.005035900296394202
0.004734713738269819
0.004607005368433836
0.004643809983248966
0.004812649600708187
0.0050642939900058795
0.005341807071461649
0.005590248091494708
0.00576535551893023
0.005839797646186802
0.005806071159662081
0.005675769194485198
0.005475602007774052
0.0052411145963762494
0.0050094070211071234
0.004812265948073634
0.004670951359910636
0.004593492412832934
0.0045748140522530786
0.00459944849705712
0.00464609340324759
0.004692953675468406
0.00472270347355053
0.004726040624327934
0.004703142708192997
0.004662799420970724
0.004619493024615556
0.0045891274844862
0.00458438271221142
0.004610740661431484
0.004664084015166468
0.00473043808068307
0.004787980520164145
0.004810972025926982
0.004774858388173828
0.0046615405099733765
0.0044637537742198575
0.004187652389012083
0.0038530275637979378
0.0034910355551032437
0.003139785994901726
0.0028385509526144504
0.0026216222862829397
0.0025129183079722404
0.002522307242604328
0.0026443005014927905
0.0028593336073303726
0.003137379150647596
0.0034432132821540424
0.003742363361229821
0.004006652851788384
0.004218349055821308
0.004372190825883229
0.004474974525216292
0.004542831564883865
0.004596755470916864
0.004657253280311057
0.004739148923210473
0.004847529906438712
0.004975612763339141
0.0051049493720727495
0.005207971222797389
0.005252449195128191
0.005207106642646944
0.005047421688492209
0.004760622746845131
0.004349020730962738
0.003831103614268092
0.0032401916902827102
0.0026208491692332387
0.0020236022846504857
0.0014987687127316373
0.00109032021037396
0.0008306672289283053
0.0007370837331501776
0.0008102172384681196
0.0010348023888224604
0.0013823707129344337
0.0018154748296012172
0.002292760524232127
0.002774145707965087
0.0032254031744760525
0.0036215787497839306
0.003948879297787427
0.004204900482579213
0.004397295974970871
0.004541186730689531
0.004655748861204796
0.0047604901115170925
0.004871727311301638
0.004999718358066476
0.005146796170880213
0.005306715270869672
0.005465271035596234
0.005602102497677624
0.00569345469409172
0.005715566498912944
0.005648273038518545
0.0054783749515603065
0.005202334915210745
0.004827917623846344
0.004374491883456186
0.003871857005549835
0.003357628842839099
0.002873406315151687
0.002460114990501983
0.002153065580920954
0.0019773484340737703
0.0019441916682215476
0.0020488309546559044
0.0022702755547552487
0.002573123795438994
0.0029113097565174138
0.0032333886239078406
0.003488731814488577
0.003633842862817492
0.0036379502816934924
0.0034870986412550145
0.0031861404489173114
0.00275830708066002
0.0022423691925123517
0.001687737491420939
0.0011481522223690975
0.0006748181664349316
0.00030992802443590307
8.146586108482689e-05
0.0
5.7887989533281226e-05
0.0002309679449691111
0.0004824532498983597
0.0007684350855300709
0.0010441761593193133
0.0012702814586893338
0.001417870666592934
0.0014720438214842653
0.001433199313028145
0.0013160891488650716
0.0011468305947556416
0.0009583858627241859
0.0007852302756795413
0.0006580258765976838
0.0005990909820378829
0.0006193144544716623
0.000716930892592226
0.0008782862985734926
0.0010804263529183141
0.0012950744542629261
0.0014933712021106592
0.0016506468953248381
0.001750505487843839
0.0017876086164436756
0.0017687439848458717
0.001712014552546434
0.0016442576997628485
0.0015970589015113323
0.001601927532631307
0.0016853257815233349
0.0018642686673328449
0.0021431400955638173
0.0025122063154534445
0.0029480757471690147
0.0034160840707080655
0.0038743124211576344
0.00427871209605466
0.0045886448125726145
0.0047720779252145755
0.0048097112621533124
0.0046974537146618
0.004446895685581249
0.004083706983121436
0.0036441883954793156
0.0031704748658728044
0.0027050874905496817
0.002285628310771376
0.0019403886301069925
0.0016854991601816713
0.0015240084702998844
0.00144697145223937
0.0014363097272696427
0.0014689230466536736
0.0015213321804459275
0.001574054236456676
0.0016149663264733213
0.0016410959471357344
0.0016585571106887001
0.001680682988501896
0.0017247312287112962
0.0018077993777378676
0.0019427370570902712
0.002134849611721468
0.0023800504102039184
0.002664857653712198
0.0029682913671040304
0.0032653677520627154
0.0035315768373767095
0.0037475240374826007
0.003902857607896074
0.003998706911717852
0.004048106317592009
0.004074234332142398
0.004106694637569626
0.004176433035431143
0.004310153544660579
0.004525216153557301
0.004825942509845989
0.005202030426573431
0.0056294210126158995
0.006073535945262386
0.0064943831287352285
0.006852692875865459
0.007116055763574575
0.0072640235355734125
0.007291309090400542
0.007208550144384155
0.007040524640252938
0.006822147784338744
0.00659296065454039
0.006391069960119072
0.00624757333036845
0.0061823925872628634
0.0062021616622912334
0.006300429314374223
0.006460012922548935
0.006656957874924845
0.006865288016299212
0.007061624491833339
0.007228820018863489
0.007357985710109451
0.007448630021286018
0.007507015164019105
0.007543189014151422
0.007567401406211529
0.007586715051508491
0.007602555726427042
0.0076097298630879535
0.00759711622872844
0.007549878578364851
0.0074527217140214295
0.007293490296157426
0.0070663331120379876
0.00677374046160487
0.006426991122403403
0.006044871010125055
0.005650881486723462
0.005269468459845289
0.004922009772696182
0.0046233553881610615
0.004379610359691497
0.0041876052649047445
0.004036162097097418
0.0039089037381414265
