0.01137342192190839
0.011688977783211159
0.012026397074586272
0.01231376379287465
0.01247304365135777
0.01243365930991307
0.01214545568666774
0.011588675485027415
0.010779023831138818
0.009766735222237316
0.008629621873835673
0.007461186946494447
0.006355822272644587
0.0053936968513481984
0.004628059279009707
0.004077289910116902
0.0037232070312013914
0.003516001467179789
0.0033849515715294754
0.0032529834026174967
0.0030523962513484834
0.002738818159533942
0.002300746559896277
0.001762820361076502
0.001182120917321284
0.000638099227147919
0.00021793284949546236
0.0
3.854936330661626e-05
0.00035246244515306155
0.0009202780618990649
0.0016825063712462172
0.0025509129312551422
0.003423152591218231
0.004200123113579663
0.004802881098422633
0.00518602037022359
0.005345048371721528
0.005316393364476195
0.005170030939193396
0.004996079620155341
0.004887827496131487
0.004924306422346681
0.005155604832423908
0.005593591130742398
0.006209705328997405
0.00694015854373704
0.007697506544259333
0.008386392838040319
0.008920507717433388
0.009237620568704072
0.00930994525245952
0.009148011946627574
0.008797466470681692
0.008329560405874105
0.007827276468483697
0.007369830180755436
0.007018552407187235
0.006806842124167345
0.006736050215478435
0.006777976347754971
0.006883361337927356
0.006994587870730061
0.007059987434338425
0.007046845971031409
0.006950461266579532
0.006797378788112639
0.006642068500288303
0.006557583356318817
0.006621914662318519
0.006902605420124437
0.007442539177767752
0.008249622415154423
0.009292363161003604
0.010502255608783814
0.011782619213847555
0.013022350848155041
0.014112154288684139
0.014960378697063677
0.015505703614983045
0.015724526136837454
0.01563191318880468
0.01527618275119929
0.014728342709366396
0.014068525156117402
0.013372039605752176
0.012697646167494782
0.012080133007193619
0.011528379462350349
0.011028977351329166
0.01055438546454867
0.01007371766945243
0.00956377926672316
0.009017957809167148
0.008451039007594485
0.007898860032316641
0.007412764388349517
0.007049878944068535
0.0068610902829108235
0.006879090351394814
0.0071088975726482425
0.007522834263182243
0.008061137056999967
0.008638347547101726
0.009154569580093435
0.009509785046751467
0.00961885524010763
0.009424699647315989
0.008907456873642536
0.008088128803200841
0.007026155685032554
0.0058113908827561005
0.004551855363764247
0.0033592954392456034
0.0023348390821841206
0.0015569143835940128
0.0010731012832003207
0.000896841306203721
0.0010090772953348353
0.0013640950172149934
0.0018982308139838663
0.0025397892560355025
0.0032185167620749763
0.003873272551379749
0.004457044053113883
0.004939052405833239
0.005304258251738657
0.005550998986490635
0.00568769466197
0.005729530424648939
0.005695790550584164
0.005608157333900616
0.0054898962533829615
0.005365527523938943
0.005260412948351723
0.005199707152514405
0.005206327896094754
0.005297939786551544
0.005483334114593639
0.005758924635865497
0.006106272633312416
0.006491541039624509
0.006867537432257687
0.0071785702520064665
0.007367788414603263
0.007386109992033476
0.0072013895837291135
0.006806231306012324
0.006222893926425679
0.0055040737728266845
0.004728949204367694
0.003994634716520009
0.0034039933305267476
0.003051449193098958
0.003008897364046621
0.0033139311121876064
0.003962361011140561
0.004906411373993561
0.0060591359313954315
0.007304630912076704
0.008512698623013714
0.009555883623842715
0.010326391543304338
0.010750380074182362
0.01079749022380765
0.010484204499828554
0.009870561916275403
0.009050775242263423
0.00813922045625276
0.007253954842137639
0.0065002619218334666
0.005956669187997211
0.005665453499485468
0.005628914699452247
0.005811782967062115
0.006149177786843856
0.00655870545798348
0.006954694093656867
0.007262304061592454
0.007429347583087306
0.0074340766631054
0.00728787624464436
0.0070326159168356255
0.006733238249348597
0.00646686858758741
0.006310217044527491
0.00632724366167039
0.006558953588214175
0.007016808618788235
0.007680652645880161
0.00850134757784111
0.009407611393031248
0.010315945316622468
0.011142117426916672
0.01181248952372751
0.01227355009900119
0.012498328363724304
0.012488859080631002
0.012274467924539992
0.011906262512741728
0.011448756156048338
0.010969943930738373
0.010531341242633706
0.010179460905126178
0.009939955469961561
0.009815227095373446
0.009785771931561193
0.009814959276612686
0.009856430880787914
0.009862918083744539
0.009795070598549149
0.009628900434845903
0.00936066598065061
0.009008421440248094
0.008609975479057501
0.0082175615056046
0.007890035164348963
0.007683803039157595
0.0076438893773827146
0.007796532111521812
0.008144466660881595
0.008665641264924178
0.009315575472913722
0.010033007774804807
0.010747969176963858
0.011391048305400463
0.011902439928781606
0.012239420199904557
0.012381159098607063
0.012330218586948334
0.012110620648786869
0.011762913456168955
0.011337126282035134
0.010884808888808327
0.01045145088574528
0.010070458579807897
0.009759556385737597
0.009520035043402259
0.009338770156425537
0.009192470128989797
0.009053262564461331
0.008894550363316649
0.008696088444851239
0.008447438088330197
0.008149303521111852
0.007812675044667008
0.007456113938964685
0.007101840069213075
0.006771465563492679
0.006482228364149787
0.006244423161351011
0.006060441722891916
0.005925481667423609
0.005829635549882784
0.005760800781179333
0.00570770830270577
