0.002516690244351539
0.002573809171489686
0.002712785758906284
0.002937971927058666
0.0032480154664751714
0.0036365200440260335
0.004093126518898272
0.004604645567678109
0.005155957671056126
0.005730550549066061
0.006310738974995484
0.006877757329701851
0.007411990404700584
0.007893591221684409
0.008303628876543514
0.00862574129091626
0.008848081309469645
0.008965190628828161
0.008979359744579548
0.008901061615306443
0.008748185596436205
0.008544023226700847
0.0083142229143061
0.008083177686670676
0.00787048007126833
0.007688125475806124
0.007539049351811794
0.00741735390579989
0.007310257402938253
0.00720144653718522
0.007075203770567327
0.006920485816183226
0.006734095220246039
0.006522231234376364
0.006300008803111604
0.006088940822229339
0.005912809324830152
0.0057927170795157995
0.005742332238157783
0.0057643611150680315
0.00584909231326304
0.005975477109732571
0.006114713901899383
0.0062357839503217145
0.006311946481034413
0.0063269369014613015
0.006279585102367178
0.006185799479106298
0.006077314092446619
0.005997193140310443
0.005992718314239636
0.0061068287782595175
0.006369630537864268
0.006791565950945184
0.007359609154859044
0.008037360041814897
0.008769231469974149
0.00948818309385916
0.010125787817249906
0.010622950677564788
0.010939427669749537
0.011060453320480435
0.010999258774622862
0.010794966078066816
0.01050615401686774
0.010201159412729937
0.009946763913774529
0.009797210977576853
0.009785444780776278
0.009918069945033216
0.010174868826510981
0.010512902217269202
0.010874407799900886
0.011197046725243642
0.011424652743203471
0.011516580821740206
0.011454040494030832
0.01124237650826626
0.010909015834399563
0.010497593670206473
0.010059454482004432
0.009644172423700251
0.00929086943908858
0.009021909704863197
0.008840059432432771
0.008729518852191302
0.008660490560314933
0.008596286601724398
0.008501519261990333
0.008349750233145669
0.008129116352886432
0.007844874119056652
0.007518423488049312
0.00718306241106379
0.00687735376387961
0.006637436320287717
0.006489798211372333
0.006445923575893149
0.006499846248685851
0.006629074634590724
0.006798701058831793
0.006967902021978852
0.007097587456050873
0.007157749627879233
0.007133130937231267
0.007026156818341793
0.006856599223419522
0.006658046929478333
0.006471845452034724
0.006339623248133938
0.006295761227207431
0.006361150378462767
0.006539326589902183
0.006815626303267877
0.007159458589231704
0.007529241407753198
0.007879101130452497
0.00816616149892794
0.0083571921877523
0.008433547597286019
0.008393663562671322
0.008252823542753373
0.008040371501685933
0.007794952590569188
0.0075586383846563505
0.007370902683634078
0.007263352059450571
0.007255909535762235
0.007354851113083021
0.00755276652546741
0.007830219558326057
0.008158668073647256
0.008504096516543762
0.008830816242915072
0.009104981163652244
0.009297512057288198
0.00938628074475752
0.009357537769902991
0.00920664955821409
0.008938235822859405
0.008565775305925139
0.008110701110644884
0.007600965138493428
0.007069041008356574
0.006549372313763242
0.006075358670988363
0.00567608974028169
0.005373158126950806
0.005177970423207703
0.005089998966384431
0.00509635401878979
0.005172903998185891
0.005286947904569451
0.00540118577100832
0.005478488589567934
0.0054867898678737075
0.00540334919453742
0.005217697773000083
0.004932765592248541
0.004563981970663457
0.004136485440873551
0.003680911793977221
0.0032284860168219132
0.0028062724147815787
0.0024334083413721816
0.0021189617971926313
0.0018617439935980987
0.0016520327847199655
0.001474794452383259
0.00131370300704752
0.0011551069418768468
0.000991115526813766
0.0008211685086190294
0.0006517781386171711
0.0004945262913725098
0.0003627818337760139
0.0002678943536248875
0.0002157564750712021
0.00020457498761475984
0.00022445545345608445
0.0002590285171118166
0.0002889021642183305
0.0002963027469488804
0.0002699577803311525
0.00020914524517541382
0.000125923331017061
4.4854600802704016e-05
0.0
2.9496889220139745e-05
0.00016854802342874693
0.0004420322350603264
0.0008581202756683844
0.0014041961156832164
0.0020460478490341213
0.002730754759956941
0.0033930501156751772
0.0039642991068814075
0.0043827172248930325
0.004603165873280276
0.004604860006521659
0.004395616745945622
0.004011819741448826
0.0035139799268129883
0.002978516562620439
0.002487031327270934
0.0021147859349516067
0.0019202400898003704
0.0019373328478923214
0.002171725197946491
0.0026015458464122942
0.0031824147289802947
0.0038557951207534814
0.004559172868486716
0.00523627671464872
0.005845585096218015
0.006365703566952595
0.0067967796276400955
0.007157841787456041
0.007480677269531299
0.007801468338076758
0.00815178480741322
0.008550616330441735
0.008998912201652227
0.009477622510806284
0.009949591788400948
0.010364962503778514
0.010669125348450957
0.0108118148026542
0.010755765712628325
0.010483445791081382
0.010000735473661844
0.009336970658721654
0.00854139440756413
0.007676667282239397
0.006810557687651822
0.0060071954145455445
0.00531928568776133
0.0047824550122159614
0.004412483990331371
0.0042056578429320556
0.004141930139834374
0.004190144263687745
0.004314265818419567
0.00447949055904216
0.004657210686193571
0.0048281139653344645
0.004983091670441212
0.005122062567496869
0.005251199561920085
0.005379305653314039
0.005514184684559225
0.00565978064311337
0.005814640245568889
0.005971937343059105
0.00612095072607961
0.006249578659119866
