0.004957886294232544
0.005096443458596464
0.0053954654800324
0.0057985319773072
0.006230121194154245
0.006607949730610376
0.00685606336764151
0.006916619868724456
0.006758583746305958
0.0063821041989214275
0.005818070169042348
0.005123106312644094
0.004370964269826632
0.00364176800930481
0.0030108195347158715
0.002538637434824743
0.0022636088242251134
0.0021981491878708486
0.0023286759802060926
0.002619112172098531
0.0030171392188715054
0.0034620860931255087
0.0038932098962775486
0.004257195194415314
0.004513941044114854
0.004640059232723205
0.004629904602773628
0.004494329450845991
0.004257642784755025
0.0039534269110106345
0.0036199085799630162
0.0032955134746551406
0.0030150828377566914
0.0028070406433743983
0.0026916103630517103
0.0026800255909722
0.0027745786977254605
0.0029693108923788594
0.0032511561864556624
0.003601391702751764
0.003997294829889543
0.004413943682636687
0.004826108444937872
0.005210164845497274
0.0055459247325278845
0.005818237449311182
0.006018187516573068
0.006143715034342015
0.0061995246936005655
0.006196227312794885
0.006148764232803721
0.006074281228922764
0.005989721827056018
0.00590947751090548
0.005843447259104103
0.005795813641344245
0.005764741375873565
0.005743062076413742
0.0057198497128427206
0.0056826429765432784
0.005619959915081506
0.005523697124294609
0.005391020420147993
0.005225434059953444
0.005036847361256878
0.004840618105906674
0.004655713894231968
0.004502268554794468
0.004398899044034941
0.004360176200387819
0.004394608318083421
0.0045034084823018
0.004680192147443526
0.0049116126482002306
0.005178812017383131
0.005459462142782468
0.005730110040312794
0.0059685259496611515
0.006155781144435244
0.006277844292341198
0.006326567310026445
0.0063000191540947695
0.006202205627339605
0.006042275357187769
0.005833351483537884
0.005591144664770319
0.0053324987902670755
0.005074001504085209
0.0048307632213831315
0.004615436127037703
0.004437512761129321
0.004302914835007698
0.004213858340796269
0.00416896164911849
0.004163549843387753
0.0041901018342872815
0.004238787625118368
0.00429805174062862
0.004355214435460401
0.004397082362809576
0.004410580643911973
0.00438343316888797
0.004304921686325368
0.0041667422974729475
0.003963948758230083
0.003695928077203146
0.0033673025058299838
0.002988604415143662
0.002576540266056788
0.0021536599298759506
0.0017472873008099955
0.0013876500272245592
0.0011052640721698733
0.0009277673131476193
0.0008765325057807586
0.0009634965575912677
0.0011886939437669858
0.001538957436788595
0.0019881407848126123
0.002499032089474931
0.0030268855895075313
0.0035242389265999416
0.003946446488203366
0.004257191533766673
0.004433177273738955
0.004467261192111839
0.004369488021843502
0.0041657722881625345
0.0038943379245634925
0.003600382542011349
0.003329735215387759
0.003122463389160963
0.0030074182042599323
0.0029985751433106484
0.0030937445984445464
0.0032758388374995034
0.003516452993085023
0.00378112320503612
0.004035336455936338
0.004250238518821652
0.004407045566214764
0.004499404375926407
0.004533325122613286
0.0045247618394058196
0.0044953560292858375
0.00446720593296159
0.004457710679751001
0.0044755268802320735
0.004518463939853102
0.0045737702801486296
0.004620794479769012
0.0046355313706712715
0.004596174709962117
0.004488572168959601
0.004310462482486741
0.004073576780362045
0.003803072662232414
0.0035342704822319175
0.0033071829693372377
0.0031597719860237488
0.0031211431119300063
0.0032059429053850133
0.0034110396451360178
0.0037151758018063004
0.004081749511280463
0.004464310654311364
0.004813851931288777
0.005086632757155408
0.005251160583359553
0.005293094418888709
0.005217205125576505
0.005046058976930971
0.004815686155256226
0.0045690427938533075
0.004348470886970211
0.004188530271675822
0.004110489128549277
0.004119431365975043
0.004204434127927431
0.004341683683377742
0.004499845513389432
0.004646590391260107
0.00475498147831499
0.004808484365420619
0.004803659502595866
0.004750074538121716
0.004667537482549238
0.004581288545295917
0.0045161926460987765
0.0044911660952916335
0.004515012129517869
0.004584543018783757
0.004685390938905505
0.004795351114210412
0.004889571191538195
0.004946507366391265
0.004953390724341743
0.0049100240528276076
0.004830046965753756
0.004739304278394109
0.004671531542985991
0.0046621177197888365
0.004741108885466104
0.004926796749758014
0.005221153410797508
0.005608042716241048
0.006054621603177025
0.006515741826218174
0.006940591103013441
0.0072803848776835
0.007495719821355265
0.007562267493756528
0.007473808342854985
0.007242119290581007
0.00689383158318445
0.006464950518607474
0.00599416191202074
0.005516256726514636
0.005056945358186341
0.00463002001704357
0.004237321536046409
0.003871377778634007
0.003520024221527447
0.0031719065286806535
0.0028215840933715243
0.0024730404318338475
0.002140744614015804
0.0018479300155372228
0.001622356963005273
0.001490381694988102
0.0014705504115065794
0.0015680898333658884
0.0017715386216857858
0.0020523772254438196
0.002367939963573427
0.002667243980341907
0.0028987737483883477
0.0030188372326790947
0.002998948397064831
0.0028308278068151843
0.002528027592459529
0.0021238029008763134
0.0016655523813105316
0.0012068002740357065
0.0007981654797150147
0.0004789649093628573
0.00027098758191203883
0.000175570958795967
0.00017448783530789411
0.00023442964597593027
0.0003141892283621559
0.00037313494640664295
0.00037932793442598586
0.0003157122275845737
0.00018318924227953177
0.0
