0.0057001848382396275
0.006335249488115314
0.00681031966066927
0.007071485411339777
0.007092685603149649
0.006880500620046921
0.0064741445495590435
0.005940487930260791
0.005364752646422995
0.004838244884442086
0.0044450024130016025
0.004249436304644406
0.004286904790746015
0.004558689139343112
0.005032126800257734
0.005645818068817346
0.006319003798608842
0.0069635539950802326
0.007496621979650214
0.00785196856856475
0.007988247617330033
0.00789311071972366
0.007582728552703192
0.00709710449803638
0.00649223448126792
0.005830629134898996
0.005171886943483402
0.004564871836505873
0.004042644847869134
0.003620714307164757
0.003298520285874812
0.0030634815300125233
0.002896514787899513
0.0027777581087421585
0.002691312592137291
0.0026281303903992652
0.0025866453948873045
0.0025712638957131728
0.002589296016704176
0.002647221087014642
0.0027472818732721775
0.0028852799420418275
0.003050130930461579
0.0032253072148403362
0.003391842979852536
0.003532202609268546
0.0036340993116069395
0.003693343649735267
0.0037150032044496904
0.003712522030333861
0.0037049029849689687
0.0037124991740507423
0.0037522956650608806
0.0038337140499754784
0.003955903018449933
0.004107196709672373
0.0042669832059379
0.004409716652866535
0.004510333445428024
0.004549996244656739
0.004520964169916624
0.004429506601312781
0.00429612552372522
0.004152863982089289
0.004038057383819955
0.003989415303742778
0.004036695974337491
0.004195374128177517
0.004462570678689128
0.0048161281106028535
0.005217146911690402
0.005615652100217278
0.00595845850071251
0.006197865941251258
0.0062996284406427305
0.006248745067666274
0.006051999232472465
0.005736759151337787
0.005346235964496352
0.00493204850083268
0.004545440930575317
0.004228746415446627
0.004008638689969106
0.003892373475779156
0.0038676572055939143
0.0039060991583518344
0.003969534558878489
0.0040179775837062
0.004017674483973503
0.0039477317367080395
0.0038040892011700824
0.003600134774486331
0.0033639118495044657
0.0031325267214164848
0.0029448933834652995
0.002834256528511954
0.0028219534260937006
0.002913610577607689
0.0030984759684581104
0.0033519611301319105
0.0036408328515535786
0.003929976645322704
0.004189353729875595
0.004399747858426732
0.004556151093704696
0.004668117282434421
0.004757022944901047
0.004850796649525964
0.004977187242079874
0.005156938541093162
0.005398265207877131
0.005693776455271648
0.006020519909139437
0.006343210165269536
0.0066200839933741725
0.006810307799653312
0.006881552817165362
0.006816309047820035
0.006615737967984791
0.006300321255600783
0.005907159372571927
0.0054843946649725086
0.005083760037633419
0.004752586952783213
0.004526684674644175
0.004425315299308948
0.004449076440303413
0.004580948553418157
0.004790175897161385
0.005038142574455143
0.005285073728119368
0.005496296276488554
0.005646945773534865
0.005724369315864355
0.005727971244160588
0.005666776141141734
0.0055554355754175305
0.005409691569145166
0.00524237604956667
0.00506086209050531
0.004866526828972952
0.004656313668591811
0.004425992110192609
0.004174309732819946
0.003906997381965819
0.0036395757845871846
0.0033981251557163895
0.0032175785372086717
0.0031376063027456643
0.003196672670386471
0.003425261808406948
0.003839505690586207
0.004436447547036748
0.00519193779762224
0.006061724281375573
0.0069857446019878705
0.007895058218601697
0.008720376112684877
0.009400846550012897
0.00989169309577266
0.010169487835137436
0.01023424451677401
0.010108059205913539
0.009830610636080133
0.009452352772658594
0.009026595391581916
0.00860181236159438
0.008215420953886748
0.007889962698224852
0.00763215017968493
0.007434714502434898
0.007280493955560088
0.0071478351842560114
0.007016197307622507
0.006870883064483028
0.006706054208959649
0.006525568930305812
0.006341628855226034
0.006171653592214978
0.0060341299704758065
0.005944351513273629
0.005910944648189968
0.00593388217516908
0.006004356043792193
0.0061064893907856
0.006220491301392682
0.006326570877948861
0.006408784462275481
0.006458016263933929
0.006473479533677641
0.0064624329472480185
0.006438172427454715
0.006416709473955826
0.006412814527270713
0.006436236528462089
0.006488882962564197
0.00656356455837906
0.006644610894205783
0.006710304762799476
0.006736732286594286
0.0067023681688897965
0.006592562354473679
0.0064030933170659814
0.006142103528953933
0.005830006289670602
0.005497300216363078
0.005180586421200449
0.004917391097113871
0.004740600691445905
0.004673385109615074
0.004725407810857462
0.004890916448653263
0.005149011111489184
0.005466050210435339
0.0057998320746208264
0.006104933750098701
0.006338434653369069
0.006465220505314385
0.006462151006293804
0.006320563047091913
0.006046835897652009
0.005661024234168796
0.005193827044916772
0.004682369379080143
0.004165404381976636
0.0036785833413039318
0.003250393473706616
0.0028992406588911855
0.0026319795253494276
0.0024439928841445534
0.002320723552373152
0.002240388108439951
0.002177472576175745
0.0021065360962784323
0.0020058347850825126
0.0018603219459691388
0.001663674557056021
0.0014191269306055047
0.0011390448442606888
0.0008433297182930182
0.0005568847134656643
0.00030648644230231534
0.00011747384968997191
1.068096233217998e-05
0.0
9.087017701900173e-05
0.0002798568725806824
0.000555333279056745
0.0008991237266813318
0.0012888372181314974
0.0017005313584633887
0.0021113149202320407
0.0025015270900613546
0.002856218188032324
0.0031657856683492656
0.0034257681312833475
