0.005897419231610997
0.005548662773788439
0.005131812427561364
0.004664287585550875
0.0041769403311411974
0.0037090352593001433
0.0033014089577539972
0.0029890893386211935
0.002794774013733665
0.0027244204889081717
0.0027658159345917894
0.0028904428603007785
0.0030583429281627644
0.003225119923109651
0.00334981994173862
0.0034022575159537135
0.0033684518886592223
0.00325317952134545
0.0030791727650033214
0.0028831026719208777
0.002709063584856277
0.0026007222442131356
0.002593524671857074
0.002708330663695602
0.002947576352754594
0.003294603055383193
0.0037162229335017858
0.004168023831311392
0.004601449598619248
0.004971409688470857
0.005243118483249723
0.005397043149384182
0.005431208956412056
0.005360599336864774
0.0052139019357026065
0.005028297718273657
0.004843290288262971
0.004694679292670952
0.004609685163226174
0.004603960403413527
0.00468083423501002
0.004832710447015614
0.005044153838607949
0.005295927754097795
0.005569128429592477
0.005848614054058691
0.006125127839406784
0.006395817994533769
0.006663199342955067
0.0069329135123470794
0.007210868467459296
0.00750043491846835
0.00780033442301902
0.008103686796380537
0.008398430854275312
0.008669045306406789
0.008899232425504226
0.009075035474587219
0.00918777523975824
0.009236223344431546
0.009227569753434934
0.00917695923279701
0.009105624217389969
0.009037883332300531
0.008997464268796683
0.009003717301781344
0.009068298178125649
0.009192820334654656
0.009367825242656799
0.009573225023171542
0.009780166192286695
0.009954078201185067
0.010058529043888636
0.010059426465901883
0.009929080662155344
0.009649677357203115
0.009215787389271448
0.008635646368783037
0.007931062070696646
0.007135936722621614
0.006293517959395207
0.005452609853618321
0.004663078799578309
0.0039710720607329785
0.0034144217388991116
0.0030187245528393043
0.002794558895470515
0.0027362184789530885
0.0028222052867008535
0.0030175404188336682
0.003277736029879091
0.0035540500245705457
0.0037994487003047816
0.0039745637491490834
0.0040528772228685325
0.004024419200863913
0.0038974209504962654
0.0036976168727959743
0.0034652002539147905
0.0032497667006389066
0.0031038748540052497
0.0030760684743925937
0.003204299971172542
0.003510653507499687
0.003998088685417707
0.0046496387898686126
0.005430144781112168
0.006290243438542757
0.007172013137885007
0.008015463552648289
0.008764969194666145
0.009374801658405464
0.009813097959118878
0.01006387720955609
0.010127035026693796
0.010016549037074314
0.009757369000138584
0.009381604668899547
0.008924647045146773
0.008421770123240923
0.00790558685053585
0.0074045154711673555
0.006942196935500997
0.006537633109301925
0.006205719373121793
0.005957836344787549
0.005802236856736964
0.005744091860993796
0.005785207404314045
0.005923556116427495
0.006152848456278052
0.006462381924412784
0.006837348449578228
0.0072596666053891005
0.007709265497484175
0.008165617404421247
0.008609231372284077
0.009022804912239973
0.009391794541221448
0.009704298020770084
0.009950314202680083
0.010120620840429296
0.010205643561056157
0.010194743639425081
0.010076306583904616
0.009838867226165681
0.00947328221990304
0.008975699478676264
0.008350830090227222
0.0076148570260047175
0.006797261688623356
0.005940938694514962
0.0051001988146055655
0.004336598566205422
0.003712926975738242
0.00328605483272747
0.0030996364685560076
0.0031777877357695335
0.0035208098161877803
0.004103782891221519
0.004878447972523991
0.005778291876578918
0.006726232962758892
0.007643863805526577
0.008460921568971685
0.009123582806570864
0.00960033635699891
0.009884555323637762
0.009993408609665721
0.009963337961106895
0.009842878690794477
0.009684026381427834
0.009533574429545662
0.009425829477939417
0.009377856578243852
0.009387957795892346
0.009437525091847056
0.009495828738888002
0.00952680678742875
0.009496594407910917
0.009380429231374337
0.0091677052404277
0.008864296399428347
0.008491768252952569
0.008083652205771029
0.007679475040435555
0.007317625633360028
0.007028335943248338
0.006828023385961937
0.006715995676653316
0.006674103477808679
0.006669415530564696
0.006659474869024549
0.0065992615153296925
0.006448708555159276
0.006179538152836395
0.0057803103798233285
0.005258883955810156
0.004641917974033637
0.003971522484600119
0.003299613213099794
0.00268086991194225
0.002165387203116854
0.0017921173720151203
0.0015840428418005667
0.0015457160549983374
0.0016634207184611123
0.0019078056261144782
0.0022384844457731794
0.0026098346344193115
0.0029770998371951374
0.0033019136317048174
0.0035565063263712183
0.0037260995738488123
0.00380929197852879
0.0038165439972227015
0.0037671366453324094
0.0036851698876198486
0.0035952612841860564
0.0035185975902990983
0.0034698908879207116
0.0034556181171007884
0.003473708319144071
0.0035146184717273063
0.0035635380054543572
0.0036033100826760238
0.00361757246610331
0.003593610588318598
0.003524478544037353
0.003410069231486355
0.003256984239902586
0.003077243482218881
0.002886057622300071
0.002699037162362498
0.002529308392193952
0.0023850326074163087
0.002267774482538557
0.0021720422707145453
0.0020861415940805787
0.001994270757993086
0.0018795705134688565
0.0017276594807979747
0.0015300700311984368
0.0012869723784075882
0.001008648349840915
0.0007153463474361054
0.00043539434071987546
0.00020173279568735415
4.730896538637959e-05
0.0
7.786239096747166e-05
0.00028551022262936643
0.0006122949678116453
0.0010327081999983636
0.0015090906379730297
0.001996358670524112
