0.001231781596615373
0.0012581221684105693
0.0012838113102330037
0.0013088561458321224
0.0013332648908004926
0.001357046728369578
0.001380211683837097
0.0014027704982283286
0.0014247345017914296
0.0014461154879220526
0.0014669255881053197
0.0014871771484535636
0.0015068826084062477
0.0015260543821441616
0.0015447047432534558
0.0015628457131563642
0.0015804889538047087
0.0015976456651095085
0.0016143264875553938
0.0016305414104221207
0.0016462996860074177
0.0016616097502158104
0.0016764791498470545
0.0016909144768855484
0.0017049213100586637
0.001718504163897528
0.0017316664454985352
0.0017444104191478725
0.0017567371789348567
0.00176864662944293
0.0017801374745700096
0.0017912072144926146
0.0018018521507510105
0.001812067399395608
0.0018218469120982602
0.0018311835050959834
0.00184006889579923
0.0018484937468622004
0.0018564477174790408
0.0018639195216372045
0.001870896993027919
0.0018773671562837158
0.0018833163041844785
0.0018887300804465473
0.0018935935676842213
0.001897891380109575
0.0019016077605150253
0.0019047266810635522
0.0019072319473940416
0.0019091073055338837
0.0019103365510978836
0.001910903640241635
0.0019107928018289872
0.0019099886502669562
0.0019084762984575853
0.0019062414703147226
0.001903270612294558
0.0018995510033919865
0.0018950708630604677
0.0018898194565209602
0.0018837871969357386
0.0018769657439353935
0.0018693480980019896
0.0018609286902282014
0.0018517034669911622
0.0018416699691006697
0.001830827405004227
0.0018191767176560403
0.0018067206446834717
0.0017934637715124211
0.001779412577142592
0.0017645754722944533
0.0017489628296818154
0.0017325870061971642
0.0017154623568311038
0.0016976052401823187
0.0016790340154502063
0.0016597690308386393
0.0016398326033360386
0.001619248989873871
0.0015980443499027791
0.0015762466994625347
0.0015538858568588396
0.00153099338009643
0.0015076024962538974
0.0014837480230209278
0.001459466282653159
0.0014347950086333878
0.001409773245360338
0.001384441241217451
0.0013588403354040212
0.0013330128389394827
0.0013070019102784096
0.0012808514259989752
0.0012546058470508836
0.0012283100810701897
0.001202009341287817
0.0011757490025758647
0.001149574455190943
0.0011235309567866627
0.0010976634832780005
0.0010720165791485519
0.0010466342077975433
0.0010215596025269541
0.0009968351187701402
0.0009725020881619315
0.0009486006750463465
0.0009251697360117446
0.0009022466830345501
0.0008798673508015778
0.0008580658687675025
0.0008368745384882945
0.0008163237167533753
0.0007964417050190755
0.0007772546456236357
0.0007587864252396488
0.0007410585859935482
0.0007240902446536038
0.0007078980202580434
0.0006924959705233908
0.00067789553734016
0.0006641055016286446
0.0006511319477919569
0.0006389782379667433
0.0006276449962343308
0.0006171301029165658
0.0006074286990414442
0.0005985332010239604
0.0005904333255675715
0.0005831161247514353
0.0005765660312283179
0.000570764913417896
0.0005656921405403105
0.0005613246572953723
0.0005576370679539705
0.0005546017295901315
0.0005521888541449627
0.0005503666189775594
0.0005491012855229967
0.0005483573256439058
0.0005480975552299735
0.0005482832745691834
0.0005488744149857819
0.0005498296912130156
0.0005511067589436806
0.0005526623769785897
0.0005544525733723314
0.0005564328149571434
0.0005585581796096117
0.0005607835306110804
0.0005630636924414201
0.0005653536273369964
0.0005676086119374953
0.0005697844133426492
0.0005718374638989324
0.0005737250340379584
0.000575405402492591
0.0005768380232237357
0.0005779836884003034
0.0005788046867869983
0.0005792649569092442
0.0005793302343817807
0.0005789681928070736
0.0005781485776717291
0.0005768433326934035
0.0005750267180972308
0.0005726754203294961
0.0005697686527469069
0.0005662882468524512
0.0005622187336831986
0.0005575474149914464
0.0005522644238982026
0.0005463627747369664
0.0005398384018459857
0.0005326901871085053
0.0005249199760827795
0.0005165325826066539
0.0005075357818052423
0.0004979402914742804
0.0004877597418562475
0.0004770106338708107
0.00046571228590566965
0.00045388676931816155
0.0004415588328418542
0.00042875581613565337
0.00041550755275560026
0.00040184626287117885
0.00038780643608864434
0.00037342470478328514
0.00035873970838062256
0.00034379194906308005
0.00032862363941354815
0.0003132785425403466
0.0002978018052592416
0.0002822397849372492
0.00026663987062987564
0.0002510502991680732
0.00023551996687339586
0.0002200982375996272
0.00020483474781629238
0.00018977920946404805
0.0001749812113237527
0.000160490019650099
0.000146354378826994
0.00013262231280525185
0.0001193409280837862
0.00010655621899317597
9.431287603528233e-05
8.265409802458691e-05
7.162140876601318e-05
6.125447899031254e-05
5.1590954251597024e-05
4.2666289472441474e-05
3.451359080010601e-05
2.7163465412995548e-05
2.0643879889553672e-05
1.498002772242575e-05
1.0194206529073294e-05
6.305705476197603e-06
3.330703399361391e-06
1.282178061356152e-06
1.6982695316691832e-07
0.0
7.756444919905427e-07
2.4962625149210944e-06
5.157881110850072e-06
8.753035352025576e-06
1.3270764464117023e-05
1.8696621086704214e-05
2.5012693710395047e-05
3.219764228101969e-05
4.0226746912246656e-05
4.907196959893091e-05
5.8702028774636206e-05
6.908248650831181e-05
8.017584808721697e-05
9.194167368604505e-05
0.00010433670177598109
0.00011731498388231572
0.00013082803025543551
0.0001448249659775499
0.0001592526969868032
0.00017405608546135258
0.0001891781339688443
0.00020456017775173028
0.00022014208448591853
0.00023586246081973766
0.0002516588649720632
0.0002674680246428815
0.00028322605946666827
0.0002988687072187769
0.00031433155296769545
0.00032955026035159723
0.0003444608041461291
0.00035899970328193213
0.00037310425346497283
