0.0007571764615613027
0.0007331048515621622
0.0007054880965977936
0.0006745682844734617
0.0006406333350278837
0.0006040129903884179
0.0005650746396006602
0.0005242190338000901
0.0004818759422404832
0.00043849979300921273
0.00039456533535962195
0.0003505633534949611
0.0003069964545646944
0.00026437494679271015
0.00022321281724658982
0.0001840238129595063
0.0001473176240923478
0.00011359616370978367
8.334993564901912e-05
5.7054479962425665e-05
3.516688456219356e-05
1.8122352000206083e-05
6.330811760670973e-06
1.7357097450163353e-07
0.0
6.124253741279437e-06
1.882203475471033e-05
3.83274099615004e-05
6.482969895880162e-05
9.847045830444368e-05
0.00013934059253309242
0.00018747762882977614
0.00024286319802581564
0.00030542076968176693
0.0003750136932820212
0.0004514436008005527
0.0005344492279413145
0.0006237057120679287
0.0007188244241018219
0.0008193533894028473
0.000924778348803109
0.0010345245055300852
0.0011479589967537279
0.0012643941199858206
0.0013830913346479419
0.0015032660479423208
0.0016240931818774845
0.0017447135051191032
0.0018642406994851368
0.0019817691166367723
0.0020963821661051365
0.0022071612615252303
0.0023131952381182704
0.002413590141369376
0.0025074792747839495
0.0025940333838579493
0.0026724708442339056
0.0027420677146838004
0.002802167510282519
0.0028521905481000195
0.00289164271709848
0.0029201235257831403
0.0029373332855894114
0.0029430792950141645
0.0029372808990881442
0.0029199733108623252
0.0028913100960183844
0.00285156423833936
0.0028011277223726587
0.0027405095899232903
0.0026703324487311747
0.0025913274344797573
0.002504327650792293
0.0024102601357134166
0.002310136426947155
0.0022050418214200345
0.002096123447149322
0.001984577286517774
0.0018716343094966324
0.0017585458927483534
0.0016465687155371805
0.0015369493356718624
0.0014309086580333108
0.0013296265143801682
0.0012342265759074248
0.0011457618193420616
0.001065200763138822
0.0009934146825907376
0.0009311660014572056
0.0008790980431609234
0.0008377263068977561
0.0008074314133810743
0.0007884538416985847
0.0007808905532385203
0.0007846935712308308
0.000799670555572672
0.0008254873827218973
0.0008616727100266564
0.0009076244734076973
0.0009626182373236151
0.001025817286927173
0.0010962843247513709
0.0011729946086164794
0.0012548503441654117
0.0013406961249208492
0.0014293351953768316
0.0015195462987035492
0.001610100860415416
0.00169978025302652
0.0017873928844279255
0.001871790854533934
0.001951885930656458
0.00202666460200626
0.002095201987545277
0.0021566743889189486
0.002210370301109193
0.002255699717437667
0.002292201592230055
0.0023195493533937185
0.002337554387890085
0.0023461674550948343
0.0023454780158041156
0.0023357114976199737
0.002317224550083314
0.0022904983746729218
0.0022561302451221785
0.002214823361912021
0.002167375210801884
0.0021146646184222583
0.0020576377178835787
0.001997293053721127
0.001934666068020727
0.0018708132180459336
0.0018067959799757598
0.0017436649933946801
0.0016824445969607356
0.0016241179972918567
0.0015696133007070668
0.0015197906212590917
0.0014754304587849551
0.0014372235178293441
0.001405762112664291
0.0013815332756883334
0.0013649136567291545
0.0013561662697168704
0.0013554391113842817
0.0013627656446414912
0.001378067107623782
0.001401156578674918
0.0014317446982374687
0.0014694469212850406
0.0015137921490208088
0.0015642325665106514
0.0016201544940946087
0.0016808900451454251
0.001745729371272477
0.0018139332685894786
0.0018847459152893506
0.0019574075115400226
0.002031166597597009
0.002105291834914254
0.0021790830477448767
0.002251881339009154
0.002323078113756923
0.0023921228659939554
0.00245852960955531
0.0025218818606259907
0.0025818361079292967
0.002638123735997192
0.0026905513967600617
0.0027389998543935045
0.002783421357388207
0.0028238356196304405
0.0028603245183822174
0.002893025640951839
0.002922124833108054
0.002947847920524519
0.0029704517894120564
0.002990215023733216
0.003007428303793048
0.00302238477442958
0.0030353705904281165
0.003046655842171792
0.0030564860560069076
0.003065074451509812
0.003072595122025706
0.0030791772858087974
0.0030849007331874836
0.0030897925708215767
0.0030938253377712347
0.003096916540257004
0.003098929623183884
0.003099676367275304
0.003098920671569842
0.0030963836526278106
0.0030917499646181527
0.0030846752190287225
0.003074794359553785
0.003061730827210079
0.003045106333316572
0.0030245510439865855
0.002999713969504692
0.0029702733456066217
0.002935946791388571
0.00289650103040672
0.0028517609674765195
0.002801617923655497
0.0027460368457280664
0.0026850623239695784
0.0026188232727436724
0.002547536152212945
0.0024715066356928933
0.0023911296554779966
0.0023068877898021066
0.002219347984416148
0.0021291566335076605
0.0020370330757698133
0.0019437615917738192
0.0018501820178394505
0.00175717911878613
0.0016656708867649496
0.0015765959553437235
0.001490900336716713
0.0014095237049683855
0.0013333854594324928
0.001263370809120141
0.0012003171217844933
0.0011450007793656124
0.0010981247753164432
0.0010603072787316533
0.0010320713754452737
0.001013836177568903
0.0010059094706211125
0.0010084820418294383
0.0010216238048101258
0.0010452818051417654
0.0010792801588870244
0.0011233219424567303
0.0011769930179532059
0.0012397677438900734
0.001311016487581705
0.00139001482313874
0.0014759542684876505
0.001567954386715066
0.0016650760518440717
0.0017663356573521722
0.0018707200277541102
0.0019772017797451643
0.0020847548700076044
0.00219237006202157
0.0022990700442072627
0.002403923936488288
0.0025060609318509016
0.0026046828335407816
0.00269907526696418
0.0027886173678409857
