7.299827313762114e-05
5.849784533350092e-05
4.5495671390916384e-05
3.404002610237931e-05
2.417544805997907e-05
1.594260411793614e-05
9.378167920732865e-06
4.51471287146385e-06
1.3806198583860181e-06
0.0
3.9263261062002196e-07
2.5739185294925554e-06
6.55484889732676e-06
1.2341989404874567e-05
1.9937479979119203e-05
2.9339049813986457e-05
4.054004759443679e-05
5.352948670562835e-05
6.82921051627359e-05
8.480843994216583e-05
0.00010305491534159483
0.0001230039449446193
0.00014462404671605191
0.00016787997070624532
0.0001927328387974095
0.00021914029588190626
0.0002470566718221056
0.0002764331535037195
0.0003072179662597422
0.0003393565639103137
0.0003727918266351485
0.00040746426586967823
0.00044331223539388685
0.00048027214776401165
0.0005182786952219146
0.0005572650742050296
0.0005971632125714545
0.0006379039986498859
0.0006794175112228493
0.0007216332495539081
0.0007644803625752976
0.0008078878763616909
0.0008517849190284659
0.0008961009422089001
0.0009407659382840354
0.0009857106525615173
0.0010308667896253352
0.0010761672131070319
0.0011215461381604407
0.001166939315956239
0.0012122842095494118
0.0012575201605119503
0.0013025885457646196
0.0013474329240852024
0.0013919991718161285
0.0014362356073415994
0.0014800931039530652
0.0015235251907719345
0.0015664881414496127
0.0016089410504169814
0.0016508458965082567
0.0016921675938373628
0.0017328740298584889
0.0017729360905960416
0.0018123276730825752
0.0018510256850962695
0.001889010032341928
0.0019262635932709952
0.001962772181786694
0.0019985244981296493
0.0020335120682873206
0.0020677291723168035
0.0021011727620150727
0.002133842368413248
0.0021657399996118255
0.002196870029511865
0.0022272390780327584
0.0022568558834401746
0.0022857311674380886
0.0023138774937062055
0.0023413091205886213
0.002368041848660929
0.0023940928639213706
0.002419480577366663
0.002444224461725024
0.0024683448861274803
0.0024918629495037222
0.002514800313490685
0.002537179035640543
0.00255902140371
0.002580349771804628
0.0026011863991405896
0.0026215532921714897
0.00264147205081025
0.0026609637194550755
0.0026800486435046753
0.0026987463320211416
0.0027170753271693253
0.0027350530810293645
0.0027526958403442537
0.002770018539727247
0.002787034703814574
0.002803756358807515
0.0028201939538046476
0.00283635629228006
0.0028522504740168594
0.002867881847757444
0.0028832539747830834
0.0028983686035854686
0.0029132256557422936
0.0029278232230578703
0.0029421575759783396
0.0029562231832396444
0.0029700127426550357
0.002983517222897986
0.002996725916085871
0.003009626500920249
0.0030222051160908375
0.003034446443602848
0.003046333801641238
0.0030578492465409683
0.003068973683389569
0.003079686984747583
0.003089968116933728
0.0030997952732853187
0.0031091460137704615
0.0031179974102972853
0.0031263261970367598
0.0031341089250499616
0.003141322120487778
0.00314794244561135
0.0031539468618649383
0.0031593127942195626
0.0031640182959957177
0.003168042213366749
0.0031713643487411946
0.0031739656222224103
0.003175828230347462
0.003176935801314006
0.0031772735459144165
0.0031768284034099344
0.0031755891815948194
0.003173546690320597
0.0031706938677741564
0.003167025898829923
0.0031625403248259965
0.0031572371441466627
0.00315111890302895
0.0031441907760488786
0.0031364606357834487
0.0031279391111872705
0.0031186396342676274
0.0031085784746888476
0.003097774761985571
0.0030862504951150336
0.003074030539130298
0.0030611426088095472
0.0030476172391306535
0.0030334877425352035
0.0030187901529817153
0.003003563156843683
0.002987848010764146
0.0029716884466344773
0.0029551305639207255
0.0029382227096160325
0.002921015346151997
0.0029035609076552985
0.0028859136449880768
0.0028681294600614135
0.002850265729960391
0.0028323811214666004
0.0028145353966092823
0.002796789209919407
0.0027792038981017076
0.002761841262877835
0.0027447633477891823
0.002728032209780476
0.0027117096864146453
0.0026958571595958503
0.002680535316700462
0.00266580391003551
0.002651721515560107
0.0026383452918179585
0.0026257307400379295
0.002613931466364784
0.0026029989471836913
0.002592982298499702
0.002583928050327301
0.002575879927035204
0.002568878634577938
0.0025629616555282782
0.0025581630528035714
0.002554513282954217
0.0025520390198543585
0.002550762989603032
0.0025507038174090065
0.0025518758871941674
0.002554289214608871
0.002557949334108282
0.0025628572006914448
0.0025690091068549976
0.002576396615261033
0.002585006507563971
0.0025948207497845576
0.0026058164745604785
0.0026179659805426973
0.002631236749144969
0.0026455914787908265
0.0026609881367384612
0.002677380028499072
0.002694715884799
0.0027129399659703893
0.0027319921835895285
0.0027518082391166216
0.002772319779225844
0.002793454567450334
0.002815136671703451
0.0028372866671756737
0.0028598218540458013
0.0028826564893862346
0.0029057020325849703
0.002928867403552148
0.0029520592529262376
0.0029751822434450482
0.002998139341599324
0.0030208321186424147
0.003043161059988209
0.0030650258819915396
0.00308632585507078
0.003106960132101413
0.0031268280809820435
0.0031458296202510764
0.0031638655566127065
0.0031808379232155194
0.0031966503175157013
0.0032112082375496615
0.0032244194154380295
0.003236194146944222
0.0032464456159164478
0.003255090212451785
0.003262047843635109
0.003267242235723909
0.0032706012266725025
0.003272057047915718
0.0032715465943627007
0.00326901168158596
0.003264399289229174
0.0032576617896991848
0.0032487571612532925
0.0032376491846418482
0.003224307622518418
0.0032087083808850676
0.003190833651898474
0.003170672037423423
0.003148218652783581
0.003123475210224958
