0.00045537488286072326
0.0004278312667096313
0.00040109001742824537
0.0003751491372461363
0.0003500076554348605
0.00032566568705270243
0.00030212448118428444
0.00027938645843679174
0.00025745523750716104
0.00023633565068799313
0.00021603374823384188
0.00019655679156382606
0.00017791323533085184
0.00016011269844193993
0.0001431659241680149
0.00012708472953475614
0.00011188194423853164
9.757133938282487e-05
8.416754638067444e-05
7.168596641728077e-05
6.014267091388847e-05
4.955429347909329e-05
3.993791387673306e-05
3.131093458020066e-05
2.369095052130797e-05
1.7095612677485526e-05
1.1542486173993227e-05
7.048903607822631e-06
3.631814326913443e-06
1.3076304220969916e-06
9.207020971254039e-08
0.0
1.0452749600879836e-06
3.2405798906392537e-06
6.597270741835748e-06
1.1125217697468192e-05
1.683265065533586e-05
2.3726007927957942e-05
3.180978897980406e-05
4.1086412005839675e-05
5.1556077141207395e-05
6.321663607338629e-05
7.60634688062368e-05
9.008936830005431e-05
0.00010528443368316856
0.00012163597269889857
0.0001391284140168942
0.00015774323000019956
0.00017745887047889417
0.00019825070803813276
0.00022009099528284034
0.00024294883449358165
0.00026679016003823184
0.0002915777338523679
0.00031727115424786
0.00034382687825428395
0.0003711982576416583
0.00039933558871585776
0.000428186175920153
0.0004576944092178095
0.00048780185517192974
0.0005184473615797872
0.0005495671754602186
0.0005810950741343086
0.0006129625090819054
0.0006450987621997226
0.0006774311140310624
0.0007098850234828633
0.0007423843184929702
0.0007748513970595432
0.0008072074379955233
0.0008393726207243041
0.0008712663533883773
0.0009028075085009763
0.0009339146653317492
0.0009645063581814835
0.0009945013296679824
0.0010238187881155712
0.0010523786681144482
0.0010801018932933928
0.0011069106403302337
0.0011327286032091573
0.0011574812567223334
0.001181096118205721
0.0012035030064951229
0.0012246342970888043
0.001244425172507186
0.001262813866848334
0.0012797419035501197
0.0012951543253860874
0.0013089999157421056
0.0013212314102447975
0.0013318056978404195
0.001340684010454287
0.0013478321003958249
0.0013532204047128015
0.0013568241957401354
0.0013586237171337237
0.001358604304727808
0.0013567564916053948
0.001353076096824927
0.0013475642973025798
0.0013402276824080901
0.00133107829089258
0.0013201336298293554
0.0013074166753127541
0.0012929558547256483
0.0012767850104529104
0.001258943344985757
0.0012394753474301696
0.0012184307015012646
0.0011958641751543396
0.0011718354920720285
0.001146409185295353
0.0011196544333541734
0.0010916448793193716
0.0010624584332647618
0.0010321770586909612
0.0010008865435261285
0.0009686762563791154
0.0009356388887791911
0.0009018701841926818
0.0008674686546604967
0.0008325352859512865
0.000797173232172794
0.0007614875008285662
0.0007255846293483443
0.0006895723541581547
0.0006535592733900124
0.0006176545043612768
0.0005819673369797046
0.0005466068842523404
0.0005116817310940293
0.00047729958264498666
0.00044356691331581973
0.00041058861778326186
0.00037846766516006457
0.00034730475755831566
0.0003171979942567919
0.00028824254266980576
0.00026053031729744887
0.00023414966781518587
0.00020918507743449238
0.00018571687263568967
0.00016382094533952418
0.00014356848854527016
0.0001250257464206195
0.00010825377978215616
9.330824785531424e-05
8.023920714921701e-05
6.909092822518308e-05
5.9901731077850176e-05
5.270383978534616e-05
4.75232570196426e-05
4.437965894058481e-05
4.328631092729673e-05
4.4250004528899626e-05
4.7271015943104464e-05
5.234308625641005e-05
5.945342360374789e-05
6.858272732855521e-05
7.970523414698046e-05
9.278878624213857e-05
0.00010779492113674937
0.00012467898311497357
0.0001433902558874683
0.00016387211611754962
0.00018606220735148935
0.00020989263382238383
0.00023529017352513044
0.0002621765098901215
0.0002904684813154444
0.0003200783477520601
0.00035091407347375065
0.00038287962510391387
0.00041587528391465785
0.00044979797136041554
0.0004845415867586289
0.0005199973559841254
0.0005560541900017668
0.0005925990520240895
0.0006295173320469569
0.000666693227486914
0.0007040101286191312
0.0007413510074946282
0.0007785988089998342
0.0008156368427107638
0.0008523491741880827
0.0008886210143580521
0.0009243391056280496
0.0009593921033937737
0.000993670951608547
0.001027069251103202
0.001059483619367737
0.0010908140405335078
0.0011209642043265463
0.0011498418327991454
0.0011773589936876186
0.0012034323992890568
0.0012279836897989688
0.0012509397001045116
0.001272232709084643
0.0012918006705284822
0.0013095874248465682
0.0013255428908160425
0.0013396232366699372
0.0013517910299126001
0.001362015365317298
0.001370271970638183
0.0013765432896468096
0.001380818542182681
0.001383093760988101
0.0013833718051790619
0.0013816623502862057
0.0013779818548824256
0.0013723535038962667
0.0013648071287926966
0.001355379104884585
0.001344112226119194
0.0013310555577638447
0.0013162642674933364
0.0012997994354583004
0.0012817278439885072
0.0012621217476574958
0.0012410586245048456
0.0012186209092795671
0.0011948957096322072
0.0011699745062441057
0.0011439528379396677
0.001116929972881192
0.0010890085669956005
0.0010602943108281907
0.0010308955660600105
0.001000922992962592
0.0009704891700963771
0.0009397082075871052
0.000908695355337626
0.0008775666075509882
0.0008464383049540632
0.0008154267361194904
0.0007846477392872202
0.0007542163060854129
0.0007242461885439769
0.000694849510782483
0.0006661363867377899
0.0006382145452754007
0.0006111889640023675
0.0005851615130687745
0.0005602306102093181
0.0005364908882365354
0.0005140328761529694
0.0004929426950010432
0.0004733017695169278
0.0004551865565983887
0.00043866829153662646
0.0004238127528988111
