0.0043250327515575535
0.004640695150178578
0.0049218639099003324
0.0051386256679800645
0.005269726477074257
0.0053071378935815395
0.005258259802295554
0.00514516785866586
0.005000902377449797
0.004863405727342661
0.004768222884130626
0.004741378875243218
0.0047938711216091116
0.004918951361635834
0.005092865128128071
0.0052790600694595825
0.005435192832840948
0.005521690441247418
0.00551027056126503
0.005390769450018397
0.005174884678730504
0.0048959700274886385
0.00460472767175983
0.004361398240891565
0.004225712048344242
0.0042463100788030245
0.0044514859176570136
0.004842910145005376
0.005393508577652744
0.006049962375323057
0.006739507789216948
0.007379978063263104
0.007891480652841393
0.008207835470552129
0.008285958013777423
0.008111739159791978
0.007701579768724778
0.007099470389995687
0.006370232147119288
0.005590127409679672
0.004836409814437583
0.0041774599785153665
0.0036649470731887107
0.0033290199466970137
0.0031769567244126586
0.0031951010571232208
0.0033533967182368066
0.003611487404025761
0.003925224161968936
0.00425252176984252
0.004557786707321013
0.004814529124787874
0.005006179316051287
0.00512546890657297
0.005172942877382343
0.005155209370494204
0.00508341786142006
0.0049722263199242205
0.004839242543848075
0.004704680374374353
0.00459082490837177
0.0045208940223235294
0.00451702354122949
0.004597360294342759
0.004772560401829435
0.005042281171816826
0.005392445575645296
0.005794087908279081
0.0062044299954997885
0.006570501962269694
0.006835163319895907
0.00694488360136666
0.006858207031800477
0.006553548241819466
0.006034916723003863
0.005334377024493561
0.004510501122274559
0.003642692528729371
0.002821954659986307
0.0021393156536496805
0.00167358863555233
0.0014803471140101849
0.0015838813931813665
0.001973480857330758
0.0026047219231119982
0.0034056416324606638
0.00428687868577885
0.005154206519665043
0.005921483780377037
0.006521979268892514
0.006916306419077905
0.0070957807113339825
0.007080792701406251
0.0069146340841378575
0.006653976979362885
0.006357754372307026
0.006076427500075853
0.005843514189873706
0.005670813040019253
0.005548072069767419
0.005447040498086922
0.005329053094662868
0.005154667648400445
0.004893517414789391
0.004532512896342489
0.004080832691104366
0.0035707242382363013
0.0030538868826045264
0.0025939977569587134
0.0022566267919617478
0.0020982517542108958
0.002156249025352224
0.0024415758224757347
0.002935406601153107
0.003590322624040986
0.004335896185245724
0.0050877906165642615
0.005758935593893078
0.006271025959119275
0.00656457769220703
0.006606051314442541
0.006391065904489696
0.005943382566236817
0.005310019868194871
0.0045534599200977716
0.003742315852917517
0.00294199795888651
0.0022068193080070674
0.0015746505325882685
0.0010647348773289616
0.0006787016558287193
0.0004042708739210232
0.00022071680734004218
0.00010492178999630189
3.683579678085899e-05
3.3551237764543884e-06
0.0
3.0233696888778624e-05
0.00010273759043164226
0.00022735183164248468
0.00041064007480582244
0.0006520972048413027
0.0009418837128442811
0.0012606667392416654
0.0015817327478249783
0.0018750863210620881
0.002112845384552188
0.0022749585502734285
0.0023541575620854233
0.0023591396344562485
0.0023152398971329918
0.002262260645210556
0.0022496045331010916
0.0023293326836016947
0.0025481552232984343
0.0029395935493630107
0.0035175877148508595
0.004272647559708005
0.005171285573940233
0.006158976789941909
0.007166342741375533
0.00811773984998795
0.008941031475789455
0.009577104488519884
0.009987694880793822
0.010160317146716771
0.010109517154487963
0.009874224397125105
0.009511580798719672
0.009088174669203183
0.00867002104196112
0.008312835206363698
0.00805410857318253
0.007908217549684031
0.007865318376042488
0.007894178489932315
0.007948464074040457
0.00797544628718341
0.007925696972055443
0.007762184091823954
0.00746727614557805
0.007046509000894928
0.006528502594129749
0.005961051066029791
0.0054040423739840845
0.004920386145078254
0.004566453094097483
0.004383600346145897
0.004392162022250621
0.0045888565713839155
0.004947974970734706
0.005426068415740915
0.0059692623398598975
0.006521888395891181
0.007034923076766609
0.00747278588649072
0.007817369092002638
0.008068687439788488
0.008242156818657902
0.008363123842098459
0.008459763030622697
0.0085557451941964
0.008664107765348084
0.00878352041241921
0.008897680780982693
0.008977979805639757
0.008988953272076331
0.008895501214846394
0.008670508668693695
0.00830140556352824
0.007794379216439877
0.007175368974761721
0.006487553631776635
0.005785682045195778
0.0051281784835326225
0.0045683696138900855
0.004146353016090104
0.0038829254815915797
0.0037766314719962107
0.0038044434283044603
0.003925946528819662
0.004090287626295348
0.004244672646382969
0.004342943838061106
0.004352781357799536
0.004260346688566256
0.004071664376133843
0.003810632197874527
0.0035141470316627245
0.003225324525071965
0.0029860872931329226
0.0028304491404392007
0.0027796290873777826
0.0028397328972248415
0.0030022229478256597
0.0032468623864265016
0.003546370156793466
0.003871744053069554
0.004197148420700984
0.004503426110097471
0.004779640885524031
0.005022510899349818
0.005234060024926482
0.005418195064963631
0.005577135191451842
0.0057086319153303484
0.005804722926054048
0.005852403684333308
0.005836153232408035
0.00574181031072522
0.005560956591535349
0.005294799484739427
0.004956595882695642
0.0045719150980538725
0.0041764558117950755
0.0038116261009406697
