0.0006442350332395446
0.0006029003886373731
0.0005629003308633506
0.0005243213575606724
0.00048724648600379395
0.000451755012912686
0.0004179222852993843
0.00038581948308963516
0.00035551341422324924
0.00032706632289516014
0.00030053571155530534
0.00027597417723945305
0.0002534292627551423
0.00023294332319718028
0.00021455340821578694
0.00019829116040771528
0.00018418273014665849
0.0001722487071141969
0.00016250406873660978
0.0001549581456763055
0.00014961460446957645
0.00014647144734508428
0.00014552102920012476
0.00014675009165449873
0.00015013981404494992
0.00015566588116679104
0.00016329856751376307
0.00017300283771250473
0.0001847384627944943
0.00019846015189610487
0.00021411769892669635
0.0002316561436956153
0.00025101594694177667
0.00027213317866428576
0.000294939719109529
0.00031936347172941684
0.0003453285873871887
0.00037275569905147014
0.0004015621661862777
0.00043166232801445753
0.000462967764804772
0.0004953875663085542
0.0005288286064506605
0.0005631958233613925
0.0005983925038212232
0.0006343205711785662
0.0006708808757925252
0.0007079734870475683
0.0007454979859853707
0.0007833537576007416
0.0008214402818534492
0.0008596574224559944
0.000897905712508818
0.0009360866360690783
0.0009741029047568802
0.0010118587285236783
0.0010492600797313552
0.001086214949717154
0.0011226335970491062
0.0011584287867086784
0.001193516019472067
0.001227813750798583
0.001261243598573943
0.0012937305390977294
0.001325203090747695
0.0013555934847988556
0.0013848378229221496
0.0014128762209358083
0.001439652938432191
0.0014651164939535847
0.001489219765442106
0.001511920075741235
0.0015331792629794392
0.0015529637357196012
0.0015712445128114188
0.001587997247937312
0.001603202238895562
0.0016168444217171361
0.0016289133497647853
0.0016394031580143778
0.0016483125127687522
0.0016556445471036462
0.0016614067823930885
0.0016656110363080941
0.0016682733177271888
0.00166941370904026
0.001669056236368164
0.0016672287282594148
0.0016639626634618943
0.0016592930084018188
0.0016532580450339873
0.0016458991897565953
0.0016372608041104412
0.0016273899980061618
0.0016163364262441315
0.0016041520791097094
0.0015908910678416929
0.0015766094057839512
0.0015613647860393703
0.001545216356451304
0.0015282244927407964
0.0015104505706278206
0.0014919567377617536
0.0014728056862802924
0.0014530604268069877
0.0014327840646856864
0.0014120395792353662
0.001390889606791307
0.001369396228278232
0.001347620762038176
0.001325623562610361
0.0013034638261325811
0.0012811994030033553
0.0012588866184118583
0.001236580101308199
0.0012143326223503703
0.0011921949413261127
0.001170215664508296
0.0011484411123612954
0.0011269151979734302
0.0011056793165470063
0.001084772246233002
0.0010642300605521674
0.0010440860525984207
0.0010243706711741043
0.0010051114689600842
0.000986333062777046
0.0009680571059477423
0.000950302272723728
0.0009330842546942259
0.0009164157690496172
0.0009003065785275804
0.0008847635228264882
0.0008697905612282861
0.0008553888261320279
0.0008415566871595809
0.0008282898254569472
0.0008155813177782331
0.0008034217299048073
0.0007917992189195649
0.0007806996438257286
0.0007701066839712918
0.0007600019647141465
0.0007503651897392985
0.0007411742794182937
0.0007324055145823289
0.0007240336850643241
0.0007160322423517987
0.0007083734556814906
0.0007010285708985701
0.0006939679713978397
0.0006871613404616246
0.0006805778243090627
0.0006741861951742308
0.0006679550137359472
0.0006618527902301331
0.0006558481435862849
0.0006499099579427994
0.0006440075359116035
0.0006381107479806166
0.0006321901774630482
0.0006262172604251609
0.0006201644200489844
0.000614005194913269
0.000607714360704778
0.0006012680449025145
0.0005946438340097616
0.0005878208729425074
0.0005807799562180196
0.0005735036106236801
0.0005659761690836987
0.000558183835479733
0.0005501147402206458
0.0005417589863964831
0.0005331086863920222
0.0005241579888758556
0.000514903096121707
0.0005053422716593775
0.0004954758382932425
0.00048530616656639747
0.0004748376537881948
0.00046407669378192807
0.0004530316375475728
0.0004417127450717164
0.0004301321285528738
0.0004183036873452321
0.00040624303495729165
0.0003939674184737791
0.0003814956307994795
0.0003688479161521262
0.00035604586925811995
0.0003431123287294872
0.00033007126512309864
0.0003169476642035636
0.0003037674059494462
0.0002905571398583469
0.0002773441571199361
0.00026415626023718725
0.0002510216306847642
0.00023796869519974464
0.0002250259913036338
0.00021222203265586453
0.00019958517483772064
0.0001871434821619501
0.00017492459609707255
0.00016295560588681414
0.00015126292193408364
0.00013987215250551883
0.00012880798429703026
0.00011809406738288943
0.00010775290505094209
9.780574900446247e-05
8.827250038719633e-05
7.917161706225866e-05
7.052002754798052e-05
6.233305198452652e-05
5.462433047442904e-05
4.740575910798148e-05
4.068743395113097e-05
3.447760323898566e-05
2.8782627982637445e-05
2.3606951160678557e-05
1.8953075629913837e-05
1.482155085224862e-05
1.1210968496933689e-05
8.117966939292284e-06
5.537244638966214e-06
3.4615823427006044e-06
1.881874018966269e-06
7.871663943698854e-07
1.6470692502186437e-07
0.0
2.7687113880790846e-07
9.775389105535397e-07
2.0826942695138795e-06
3.571586969947538e-06
5.422118692679752e-06
7.610942487097064e-06
1.0113568105033248e-05
1.2904472777555492e-05
1.595721696209839e-05
1.9244564565785798e-05
2.2738607131184856e-05
2.6410891453318322e-05
3.0232550081505565e-05
3.417443414661784e-05
3.820724794367694e-05
4.2301684691410245e-05
4.6428562884466085e-05
5.0558962650506644e-05
5.466436152331297e-05
5.871676904446385e-05
6.268885960993009e-05
6.65541029841695e-05
7.028689191299411e-05
7.386266627742435e-05
