0.0007442560811192329
0.0008224328376938876
0.000904454647142525
0.0009900251332695495
0.0010787587017497566
0.0011701835969903432
0.001263746697237589
0.0013588199891919263
0.0014547086314918754
0.001550660485908008
0.0016458769665193822
0.0017395250310610283
0.0018307501155241984
0.0019186897934020623
0.0020024879250836567
0.0020813090511227483
0.002154352775687718
0.0022208678835980962
0.0022801659360564604
0.002331634096492105
0.0023747469487628925
0.0024090770851498897
0.0024343042608820408
0.0024502229350261647
0.0024567480440819143
0.002453918884079411
0.0024419010088812215
0.002420986086185464
0.0023915896878217756
0.002354247026708675
0.00230960668866641
0.0022584224425161743
0.0022015432459147077
0.0021399015965612818
0.0020745004081902446
0.0020063986175852754
0.001936695752229847
0.0018665157077101032
0.0017969899992462037
0.0017292407624551484
0.001664363784430446
0.0016034118473335168
0.001547378662886441
0.001497183667480834
0.0014536579342050333
0.0014175314401584042
0.0013894219052648909
0.0013698253927922554
0.00135910883237222
0.0013575045940058459
0.0013651072068868687
0.0013818722804857578
0.0014076176478443423
0.0014420267130916902
0.001484653947473427
0.001534932441353856
0.0015921833843540942
0.0016556273126559053
0.0017243969321190677
0.0017975512987717086
0.0018740911149231893
0.001952974880036434
0.0020331356209269307
0.002113497916094263
0.0021929949242201524
0.002270585127176839
0.0023452685032839963
0.0024161018569431847
0.002482213045989172
0.0025428138678644475
0.0025972113897020912
0.002644817535172746
0.002685156772025181
0.002717871778078495
0.0027427269994091006
0.0027596100519792356
0.0027685309563099006
0.002769619233327237
0.002763118927520827
0.002749381660366531
0.0027288578519268965
0.0027020862810222656
0.002669682183782548
0.0026323241162134895
0.0025907398281763603
0.002545691413491957
0.002497960013423355
0.002448330358336849
0.0023975754347452887
0.0023464415621535675
0.002295634156195309
0.0022458044416090975
0.002197537360877336
0.002151340902153338
0.00210763704382539
0.0020667544831770783
0.0020289232836339646
0.001994271539626477
0.001962824120782882
0.0019345035186639171
0.0019091327802544069
0.0018864404736402363
0.0018660675934215171
0.0018475762771312896
0.001830460169902326
0.0018141562434730299
0.0017980578479169832
0.0017815287507295544
0.0017639178985490351
0.0017445746221918226
0.0017228639961193698
0.0016981820591175781
0.0016699706039529968
0.00163773125007449
0.0016010385249600773
0.0015595516962769115
0.0015130251183492515
0.0014613168821489039
0.001404395587690325
0.0013423450908111245
0.001275367112268315
0.0012037816352485535
0.0011280250571023614
0.001048646101664054
0.0009662995391890335
0.0008817378010027989
0.0007958006146934397
0.0007094028223955291
0.0006235205787452608
0.0005391761558170263
0.00045742160921953784
0.00037932158204112445
0.00030593554106977396
0.0002382997523391287
0.00017740931032001026
0.0001242005368366722
7.953406198199899e-05
4.41788899792669e-05
1.8797738230157427e-05
3.933917935114439e-06
0.0
7.268480865388468e-06
2.586462990348008e-05
5.57616636847778e-05
9.677835334510735e-05
0.000148579130155702
0.00021067671192582897
0.00028243722978469406
0.00036308779194653006
0.0004517263790083484
0.0005473339248990214
0.0006487883994999875
0.0007548806738617966
0.0008643319174659559
0.0009758122496857475
0.0010879603449685602
0.001199403673701886
0.0013087790485533809
0.0014147531395180407
0.001516042620090187
0.0016114336119332794
0.001699800106074884
0.0017801210548361924
0.001851495850148809
0.0019131579302565948
0.001964486287603146
0.002005014685443788
0.002034438428803126
0.0020526185761756566
0.002059583521140346
0.0020555279170976115
0.002040808962883743
0.0020159401113085955
0.001981582305936579
0.0019385328929443738
0.0018877123939277703
0.0018301493614225964
0.0017669635710334517
0.001699347831875925
0.0016285487200547598
0.0015558465577259221
0.0014825349726186497
0.0014099003795125804
0.0013392017259620452
0.001271650839521653
0.001208393702942711
0.0011504929674654011
0.001098911992709754
0.0010545006751430603
0.0010179832961299488
0.0009899485856881293
0.0009708421598789717
0.000960961448915376
0.0009604531902722523
0.0009693135170739491
0.0009873906275632263
0.0010143899772919233
0.0010498818925707544
0.0010933114624130707
0.0011440105274109383
0.0012012115483538697
0.001264063105547593
0.0013316467522539858
0.0014029949229194564
0.0014771095792715425
0.001552981265236059
0.0016296082351598272
0.0017060153191195105
0.00178127219415831
0.0018545107410244924
0.0019249411821956673
0.0019918667183753576
0.002054696406868416
0.0021129560558241396
0.002166296942750044
0.0022145022033517314
0.0022574907769963544
0.0022953188372387716
0.0023281786791682297
0.00235639507908988
0.002380419185503969
0.0024008200427480257
0.002418273889305074
0.0024335514109679896
0.0024475031641437257
0.0024610434159931583
0.0024751326753095345
0.002490759210590004
0.0025089198692810274
0.0025306005243957985
0.0025567564814180798
0.0025882931795236704
0.0026260475166644194
0.0026707701180625344
0.0027231088523385783
0.0027835938791191768
0.002852624486897597
0.002930457950587379
0.003017200605121483
0.003112801295172943
0.003217047322224563
0.0033295629694524154
0.0034498106428959845
0.00357709462486971
0.0037105673932346325
0.003849238418694286
0.003991985312388385
0.004137567158381832
0.004284639830795357
0.004431773063855921
0.004577469015558739
0.004720182042357874
0.004858339383694121
0.004990362441501221
0.005114688331295138
0.005229791378147965
