0.00032365990885291156
0.0003150988406515087
0.0003056178979480436
0.00029527873524279433
0.00028414774474629133
0.00027229577524559914
0.00025979783532679274
0.0002467327820796861
0.00023318299646024132
0.00021923404653111144
0.0002049743398413015
0.00019049476624179206
0.00017588833246510007
0.00016124978982299393
0.00014667525639785865
0.0001322618351195055
0.00011810722913038968
0.00010430935584831232
9.096596113667083e-05
7.817423498817939e-05
6.603043011879184e-05
5.462948485430324e-05
4.4064651672887e-05
3.442713274270752e-05
2.5805723764825254e-05
1.82864673980215e-05
1.1952317504000708e-05
6.882815408902013e-06
3.1537793302245827e-06
8.370080674642913e-07
0.0
7.056883774398358e-07
3.012193825809072e-06
6.972594927963718e-06
1.2634717668651369e-05
2.0040944463979712e-05
2.922804342194189e-05
4.022701840539038e-05
5.306298039169663e-05
6.775504054456474e-05
8.431622533345271e-05
0.00010275341395492451
0.00012306729822853142
0.00014525236505759506
0.00016929690146297478
0.00019518302211579057
0.00022288671921346552
0.00025237793446260953
0.00028362065285254226
0.0003165730178248806
0.0003511874673679089
0.00038741089048967997
0.0004251848034512321
0.0004644455450711969
0.0005051244903456998
0.0005471482815630243
0.0005904390760312667
0.0006349148094793764
0.0006804894741377343
0.0007270734104540019
0.0007745736113534869
0.0008228940379109539
0.0008719359452627449
0.000921598217554412
0.0009717777106899279
0.0010223696016240262
0.0010732677429193481
0.0011243650212750082
0.0011755537187228783
0.0012267258751823692
0.0012777736510638756
0.001328589688615114
0.0013790674707135615
0.0014291016758218103
0.0014785885278409774
0.0015274261396202127
0.0015755148489077298
0.0016227575455605408
0.001669059988866077
0.001714331113868969
0.0017584833256402911
0.0018014327804743554
0.0018430996530494886
0.0018834083886439777
0.0019222879395561915
0.0019596719849387556
0.0019954991333200915
0.002029713107152641
0.0020622629087951915
0.002093102967406829
0.0021221932663017928
0.002149499450387618
0.00217499291338329
0.002198650864589162
0.0022204563750561
0.0022403984030772432
0.00225847179900169
0.0022746772894450575
0.0022890214410469156
0.0023015166039992915
0.002312180835643558
0.0023210378045046276
0.0023281166752014883
0.0023334519747411154
0.002337083440768858
0.0023390558524118256
0.002339418844412802
0.0023382267053102036
0.002335538160474655
0.00233141614086448
0.0023259275384107272
0.0023191429489870484
0.0023111364039607564
0.002301985091358369
0.0022917690677120555
0.0022805709616822707
0.002268475670576558
0.0022555700509048738
0.002241942604127818
0.002227683158765794
0.002212882550044247
0.0021976322982529654
0.002182024286995648
0.0021661504424999494
0.0021501024151476377
0.0021339712643698473
0.0021178471480332826
0.002101819017420162
0.002085974318877423
0.0020703987031796167
0.002055175743615001
0.00204038666376576
0.0020261100759112697
0.002012421730937982
0.001999394280591022
0.0019870970528512426
0.00197559584116738
0.001964952708216363
0.0019552258048059963
0.0019464692044733635
0.0019387327542695933
0.0019320619421574713
0.0019264977813828613
0.0019220767121143553
0.0019188305205783103
0.0019167862758485959
0.0019159662843823467
0.0019163880623249518
0.0019180643255398203
0.0019210029972511738
0.0019252072331217918
0.0019306754635222078
0.001937401452683863
0.0019453743743661509
0.0019545789036066186
0.001964995324064816
0.001976599650413841
0.001989363765179514
0.0020032555693757672
0.002018239146236195
0.0020342749372961296
0.0020513199300372523
0.0020693278562675527
0.0020882494003739353
0.0021080324165526467
0.0021286221540943663
0.0021499614897762826
0.002171991166392758
0.0021946500364394
0.0022178753099527377
0.0022416028054987438
0.0022657672032989572
0.0022903022994821267
0.0023151412604527433
0.002340216876375146
0.0023654618127832076
0.002390808859340733
0.002416191174796802
0.0024415425272028717
0.0024667975284849023
0.002491891862493498
0.0025167625056882826
0.0025413479396491287
0.002565588354646243
0.0025894258435435525
0.002612804585354753
0.002635671017819031
0.0026579739984132654
0.0026796649532695345
0.002700698013520523
0.002721030138651031
0.0027406212264906365
0.002759434209540764
0.0027774351373884136
0.002794593245018732
0.002810881006898729
0.0028262741767650155
0.0028407518131088982
0.002854296290412289
0.0028668932962476316
0.002878531814413886
0.0028892040943385927
0.002898905607032644
0.002907634987939697
0.0029153939670756085
0.002922187286905017
0.0029280226084516525
0.002932910406186256
0.0029368638522807265
0.0029398986908591943
0.0029420331029160014
0.0029432875626068155
0.002943684685652264
0.0029432490706233607
0.002942007133904481
0.002939986939152702
0.0029372180220917856
0.002933731211494887
0.0029295584472222363
0.0029247325961883957
0.0029192872671383674
0.002913256625112594
0.002906675206478034
0.0028995777353957443
0.0028919989425849903
0.0028839733872298035
0.002875535282856185
0.002866718327986898
0.0028575555423560727
0.0028480791094378393
0.0028383202260119176
0.002828308959454761
0.002818074113407589
0.0028076431024325306
0.0027970418362254913
0.002786294613909208
0.002775424028882609
0.002764450884653229
0.002753394122028186
0.0027422707579863714
0.0027310958365002816
0.0027198823915204574
0.002708641422279204
0.002697381881013112
0.0026861106731464585
0.0026748326699197614
0.0026635507333900303
0.002652265753671836
0.002640976698231267
0.002629680672988717
0.002618372994931125
0.002607047275880287
0.00259569551701129
0.0025843082136641645
0.002572874469942817
0.0025613821225483877
