0.001189870477775754
0.0011981801342433808
0.0012053040741652236
0.001211633428826899
0.0012175188655236013
0.001223263200124334
0.0012291150286381231
0.0012352635058701929
0.0012418343794000808
0.001248887365111203
0.0012564149267216894
0.0012643424966138355
0.0012725301491669095
0.0012807757112190809
0.0012888192676855465
0.0012963489942133019
0.001303008223526761
0.0013084036282693533
0.001312114381111184
0.0013137021330810817
0.0013127216338669934
0.0013087318035436188
0.0013013070541142238
0.0012900486516246915
0.0012745959055939044
0.0012546369722155632
0.0012299190612683722
0.0012002578439045427
0.001165545869385242
0.0011257598132456872
0.0010809663970890342
0.001031326840954401
0.0009770997326524684
0.0009186422242342636
0.0008564094934331822
0.0007909524370386272
0.0007229135932340607
0.000653021320454239
0.0005820822907651655
0.000510972385621666
0.00044062611059325326
0.00037202467276544523
0.0003061828895411226
0.00024413512003689723
0.000186920429785047
0.00013556721565181765
9.107753046123598e-05
5.441135552286178e-05
2.6471073919268734e-05
8.086397899170457e-06
0.0
2.854089615507557e-06
1.7178164727191378e-05
4.3378152600553345e-05
8.172713364354553e-05
0.00013235781963405902
0.00019525693150421132
0.00027026159323304336
0.0003570578276041593
0.00045518120712800597
0.0005640196798378002
0.0006828185554931667
0.0008106876035288706
0.0009466101804327888
0.0010894542716865603
0.0012379853024969355
0.0013908805428032086
0.0015467449059496756
0.0017041279174026338
0.0018615416103595736
0.0020174790893780475
0.0021704334915139296
0.0023189170671074296
0.0024614800994226618
0.0025967293838919806
0.002723345993724258
0.0028401020690167504
0.0029458763811002304
0.0030396684424132342
0.0031206109544435244
0.0031879804118318707
0.0032412057091878886
0.0032798746280547253
0.0033037381142727636
0.0033127122901943635
0.0033068781812310762
0.003286479171497414
0.003251916238273318
0.0032037410490689633
0.0031426470376845514
0.003069458606283437
0.0029851186286426034
0.002890674454956257
0.002787262640442072
0.002676092638188702
0.0025584297109032114
0.00243557732625173
0.002308859306189696
0.0021796020019776144
0.002049116763475832
0.001918682963883445
0.001789531829480919
0.0016628313083710223
0.0015396721929730292
0.001421055688455134
0.0013078825937893669
0.0012009442341289654
0.0011009152532266005
0.001008348343151261
0.0009236709561615419
0.0008471840108066019
0.0007790625717088093
0.000719358450583632
0.0006680046454061348
0.0006248215057480225
0.0005895244856594805
0.0005617333214887814
0.0005409824511041744
0.0005267324734351407
0.0005183824333514958
0.0005152827068513876
0.0005167482554672518
0.0005220720167858124
0.0005305382000072053
0.0005414352614615224
0.0005540683448120986
0.0005677709840917298
0.0005819158844669772
0.0005959246153768945
0.0006092760730655343
0.0006215135940993244
0.0006322506277717413
0.0006411749028631417
0.0006480510525387786
0.0006527216897197396
0.0006551069535365278
0.0006552025749690703
0.0006530765360041451
0.0006488644211420907
0.0006427635824348549
0.0006350262590541866
0.0006259518093387835
0.0006158782270729019
0.000605173124186584
0.0005942243689818453
0.000583430572287995
0.0005731916136073073
0.0005638993953706456
0.0005559290059882361
0.0005496304616233474
0.000545321182765911
0.0005432793450241453
0.0005437382244196785
0.0005468816362436804
0.000552840543622714
0.000561690887796294
0.0005734526671869113
0.000588090267122446
0.0006055140170287401
0.0006255829275183318
0.0006481085365180629
0.0006728597718379539
0.0006995687177905447
0.0007279371559898279
0.0007576437356129889
0.0007883516164673666
0.0008197164193846802
0.0008513943129209759
0.0008830500631682777
0.0009143648747139768
0.0009450438553831234
0.0009748229452718997
0.0010034751615698996
0.001030816024559661
0.0010567080467048483
0.001081064185575156
0.0011038501821454513
0.001125085728351164
0.0011448444312550706
0.001163252565335204
0.0011804866287794574
0.0011967697438055062
0.0012123669644550667
0.0012275795775926795
0.0012427385035453636
0.0012581969215541388
0.0012743222616115677
0.001291487718013768
0.0013100634507928583
0.0013304076489020406
0.0013528576334441347
0.001377721180269753
0.0014052682388904641
0.0014357232188853064
0.0014692580059194626
0.0015059858572955215
0.0015459563118337195
0.0015891512310951521
0.0016354820688381834
0.0016847884434948485
0.0017368380647695978
0.0017913280406266518
0.001847887565396549
0.0019060819639632038
0.0019654180414627196
0.002025350663103451
0.002085290465062297
0.002144612575363879
0.0022026662036185403
0.0022587849408585957
0.0023122975958047272
0.002362539382002196
0.0024088632616231613
0.0024506512465122766
0.0024873254553726665
0.0025183587278998607
0.0025432846021593994
0.0025617064704929965
0.002573305741588241
0.002577848851857604
0.00257519298768635
0.002565290401115628
0.00254819122476903
0.002524044716909724
0.002493098893998405
0.0024556985355508867
0.002412281573990906
0.0023633739100715956
0.002309582721809678
0.002251588361258797
0.0021901349583773504
0.0021260198742805805
0.002060082166897642
0.0019931902501116082
0.001926228942519914
0.001860086113741738
0.0017956391445009046
0.0017337414213719094
0.0016752090879992975
0.0016208082717587007
0.0015712429982577872
0.0015271439958788066
0.001489058578905756
0.0014574417808827856
0.0014326488899968964
0.0014149295157996422
0.0014044232918564413
0.0014011572923554676
0.0014050452127686384
0.001415888335807949
0.001433378274648931
0.0014571014561951827
0.0014865452785277926
0.001521105849105549
0.0015600971842223232
0.0016027617261272064
