0.0017019395591923593
0.001721246631316603
0.0017399719353831523
0.0017581561728782032
0.001775839817913521
0.0017930628777852223
0.0018098646585189215
0.0018262835363922136
0.00184235673639503
0.0018581201185542834
0.0018736079730114104
0.0018888528247002023
0.0019038852484277843
0.0019187336951140277
0.0019334243298941636
0.0019479808827362198
0.001962424512169272
0.0019767736826606487
0.001991044056120412
0.002005248397949847
0.002019396497987655
0.0020334951066432305
0.0020475478864411677
0.0020615553791351743
0.002075514988483188
0.0020894209787089045
0.002103264488608503
0.0021170335611952334
0.0021307131887091093
0.0021442853727543544
0.002157729199263881
0.0021710209279280747
0.0021841340956648093
0.0021970396336491874
0.0022097059973651876
0.0022220993090874153
0.002234183512149758
0.002245920536309122
0.002257270473466721
0.0022681917629668513
0.0022786413856538497
0.0022885750658321264
0.002297947480241971
0.0023067124731353597
0.0023148232765113023
0.0023222327345495935
0.0023288935312650123
0.0023347584203914145
0.0023397804564965164
0.0023439132263237917
0.002347111079357544
0.0023493293566110972
0.0023505246166460204
0.0023506548578422996
0.0023496797359554957
0.002347560776016942
0.002344261577656927
0.002339748012958518
0.0023339884159810018
0.002326953763126768
0.002318617843563747
0.0023089574189569207
0.00229795237180702
0.002285585841741819
0.002271844349155612
0.002256717905644884
0.0022402001107430514
0.0022222882345139558
0.0022029832856223794
0.0021822900645600924
0.002160217201767404
0.0021367771804527568
0.0021119863439763107
0.002085864887727367
0.0020584368354897254
0.0020297300003533306
0.0019997759302945975
0.0019686098386113493
0.0019362705194611257
0.0019028002488133933
0.0018682446711867887
0.0018326526726015308
0.0017960762402345247
0.0017585703093199669
0.0017201925978914845
0.0016810034300125461
0.0016410655481900454
0.0016004439157112488
0.0015592055096866583
0.0015174191056204623
0.0014751550543660686
0.0014324850523565844
0.0013894819060287851
0.0013462192913841773
0.0013027715096518649
0.0012592132400352125
0.001215619290537518
0.001172064347871123
0.0011286227274594609
0.0010853681245425785
0.0010423733673934265
0.000999710173645075
0.0009574489107175618
0.0009156583613177242
0.0008744054949659665
0.00083375524648059
0.000793770302323187
0.0007545108956777174
0.0007160346111014358
0.0006783961995478929
0.0006416474045209666
0.0006058368000744673
0.0005710096413244937
0.0005372077280914502
0.0005044692822359165
0.00047282883919732844
0.0004423171541871158
0.0004129611234285874
0.000384783720774941
0.00035780394997423417
0.00033203681278652224
0.00030749329309372035
0.0002841803570774041
0.0002621009694740232
0.00024125412585099596
0.00022163490078137659
0.0002032345117292157
0.00018604039839290737
0.00017003631718978635
0.00015520245050244032
0.000141515530245672
0.0001289489752533312
0.00011747304192625071
0.00010705498752678824
9.7659245452026e-05
8.924761176684951e-05
8.177944223006916e-05
7.521185900167217e-05
6.949996617742465e-05
6.459707325847503e-05
6.045492562862826e-05
5.702394108057004e-05
5.425345140478528e-05
5.209194803127283e-05
5.048733069457171e-05
4.938715807707901e-05
4.873889937439716e-05
4.8490185719333946e-05
4.858906039846626e-05
4.898422679666865e-05
4.96252930109062e-05
5.04630120847368e-05
5.14495168294131e-05
5.2538548216157993e-05
5.368567634703159e-05
5.484851303875593e-05
5.598691508481207e-05
5.706317729594777e-05
5.804221445785058e-05
5.889173138693874e-05
5.958238031094883e-05
6.0087904849929694e-05
6.038526992540997e-05
6.0454776980469534e-05
6.028016395122278e-05
5.9848689490375046e-05
5.915120100605302e-05
5.818218614355049e-05
5.693980740393206e-05
5.5425919661203696e-05
5.364607040881129e-05
5.160948263623332e-05
4.9329020307190637e-05
4.68211364821536e-05
4.410580419916826e-05
4.120643029823678e-05
3.8149752445253095e-05
3.496571968169686e-05
3.168735689531747e-05
2.8350613675114317e-05
2.49941980801826e-05
2.165939591671504e-05
1.838987618000404e-05
1.5231483378620053e-05
1.2232017515639263e-05
9.441002556879628e-06
6.9094442679968325e-06
4.689578351136346e-06
2.834609857138809e-06
1.3984448910640953e-06
4.3541566673726845e-07
0.0
1.465363602892126e-07
9.289356257230312e-07
2.4003907082923836e-06
4.613085232465499e-06
7.6179024629082414e-06
1.1464135684635223e-05
1.6199201241976803e-05
2.1868355441012372e-05
2.8514416513813665e-05
3.617749283167345e-05
4.48947185387802e-05
5.46999977573512e-05
6.562375849023775e-05
7.769271731749794e-05
9.092965594950506e-05
0.0001053532106608871
0.0001209776755871931
0.0001378128208197042
0.00015586372618344254
0.0001751306315294061
0.00019560880431445803
0.00021728842518145086
0.00024015449218813597
0.0002641867442666516
0.0002893596044257857
0.0003156421431364984
0.00034299806226715797
0.0003713856998591511
0.0004007580559561859
0.0004310628396220064
0.000462242537201537
0.0004942345018002514
0.0005269710638758157
0.0005603796627552968
0.000594382998810669
0.0006288992059452869
0.0006638420439648218
0.0006991211103280479
0.000734642070696201
0.0007703069076247331
0.0008060141866683117
0.0008416593390993058
0.0008771349603719308
0.0009123311233989611
0.0009471357056457986
0.0009814347289878388
0.0010151127112218395
0.0010480530280705686
0.0010801382844724513
0.001111250693904782
0.001141272464450096
0.0011700861902809098
0.0011975752472084323
0.0012236241909158961
0.0012481191564772548
0.0012709482577470386
0.0012920019851973346
0.0013111736007731841
0.001328359528338176
0.0013434597382877736
0.0013563781249188167
0.0013670228751598013
0.001375306827287818
0.0013811478182844186
