0.010944225050989978
0.010734551456062062
0.010378596978314726
0.009886482926670772
0.009279185488118406
0.0085874295172229
0.007849482112782906
0.007107941223655189
0.006405785107655346
0.005782106994623317
0.005268069704538487
0.00488364667958125
0.004635651381074365
0.0045173969903907875
0.004510093344791866
0.004585815698042946
0.004711618529663253
0.004854166989459367
0.004984159783109377
0.0050798440230352005
0.0051290752210057505
0.005129630163366887
0.005087792097775547
0.005015538986613052
0.004926917331346262
0.0048343270182476215
0.004745447644500247
0.004661401175764044
0.004576494548545912
0.004479567270937368
0.004356645650051247
0.004194341329225216
0.003983280659462977
0.003720844352151753
0.0034126364150067695
0.0030723603549510058
0.0027201071205570433
0.0023793868199562715
0.0020734973229101115
0.0018219626231514097
0.0016377617721827736
0.001525905824358094
0.001483637623350506
0.001502184991955975
0.00156966359775359
0.0016744725136035431
0.00180840888574674
0.00196877630981078
0.0021589685696580384
0.0023873366314726223
0.0026645261241193662
0.002999825570605543
0.0033973158709853495
0.0038527015202891556
0.004351608033779336
0.004869860503900568
0.005375864555988348
0.005834770658084131
0.006213706198411049
0.00648709209136325
0.006640983883626554
0.006675516508905296
0.006604868553874242
0.006454636203990773
0.006257028055009097
0.006044755182815758
0.005844798828812669
0.005673320526168154
0.005532808747650197
0.005412154390302869
0.005289784341516062
0.005139363232457955
0.004937019483718519
0.004668676590791389
0.00433595764377653
0.003959315661565335
0.0035775029103740077
0.003243152579311129
0.00301498757946819
0.0029478548160393513
0.0030822756235049575
0.003435402181541715
0.003995125733674515
0.004718608637729444
0.005535784603765396
0.006357515798323985
0.007087265184775069
0.007634490185963896
0.007927612770889355
0.007924441602889458
0.00761831704326704
0.007038953923542026
0.006247846948735355
0.005329020995721902
0.004376688888568245
0.003481882269573673
0.0027202572247860507
0.002143022937244303
0.0017723479192013635
0.001601775723739368
0.0016012832560270552
0.001725805381199571
0.0019254765941676402
0.002155605389478223
0.002384536458252522
0.002598035904835124
0.002799557579862823
0.003006572164515305
0.0032439057154978945
0.0035355955826257774
0.0038970249132491194
0.004328999207173221
0.00481500488987973
0.00532222869517552
0.005806150817026304
0.006217805945405559
0.006512274981955397
0.0066567285969070435
0.006636436074037784
0.006457557355510426
0.00614617005643575
0.005743719481328515
0.005299772522185654
0.004863469955442175
0.004475306951977852
0.004160785304908495
0.0039270935914924995
0.003763363087704642
0.0036443405315505504
0.0035366547845094107
0.0034063641562754945
0.0032262498444959637
0.002981409267799524
0.002672079477638802
0.002313206288311222
0.0019309489500798156
0.0015569358703010684
0.001221537537776304
0.0009476080025977362
0.0007460297605403135
0.000614003786501712
0.0005364380480338956
0.0004901251620207017
0.00044979933136145116
0.00039474852541580754
0.0003145169410489028
0.00021239696193632931
0.00010584921122920067
2.3617786871608752e-05
0.0
6.734603872536691e-05
0.0002482774542880567
0.0005492364633336629
0.0009567796389777466
0.0014375418784111807
0.001942109549976602
0.002412286027801667
0.002790554460724766
0.003030074736088558
0.00310338842466414
0.003008183790720689
0.0027689644948038607
0.0024341822164967116
0.002069203514809618
0.001746234821605977
0.0015328865513814889
0.0014813144567942735
0.001619786086443531
0.0019480997126198251
0.0024376106403192327
0.0030358194977939
0.003674695208142674
0.0042812826462986535
0.004788790616521988
0.0051463273812186825
0.005325744966238608
0.005324607131930253
0.005165000541830904
0.004888631234150995
0.004549257290153415
0.004203897961914946
0.003904368976368061
0.003690517771904739
0.0035861195148760914
0.003597835921096638
0.0037170485166221137
0.003923870542118773
0.004192309611795118
0.004495449527598723
0.004809649268380932
0.005117078088474871
0.005406339346032538
0.005671384595138838
0.005909287784173844
0.006117662678888799
0.006292526533630712
0.006427244119444472
0.006512873643177006
0.006539854939847486
0.0065006188931823914
0.006392437711959681
0.006219737343047531
0.005995178957925721
0.005739068619623217
0.005477018861384934
0.005236183981996271
0.005040735267073663
0.004907456349476608
0.004842372497442141
0.004839168195417168
0.004879822823797411
0.004937467444918458
0.004981021923582471
0.004980801148768358
0.004914058872720712
0.004769415341461485
0.004549299026936508
0.004269890774343378
0.003958522991319497
0.003648967885617812
0.003375453887810158
0.003166499310161039
0.003039697935339122
0.002998423053445643
0.0030310662123851223
0.0031129612867515206
0.0032106518525649966
0.0032877332082460724
0.0033112191344588236
0.0032572984463469547
0.0031154704269568626
0.0028903544686793973
0.0026008970358092098
0.002277166338838732
0.0019553446577606284
0.0016718244950426815
0.0014574378295385232
0.0013327821918393524
0.001305373623013429
0.0013690059447104257
0.0015052986951480875
0.0016870479754130061
0.0018827207219750115
0.0020612968312516545
0.0021966790491578297
0.002271041323230945
0.002276731163879399
0.0022166243542181257
0.0021030926338955545
0.0019559382774522183
0.0017997447203750017
0.0016610845956612332
0.0015659340268567904
0.0015375003496089644
0.0015945228657768757
0.0017499928403930157
