0.0031095752529894825
0.0031401159147781154
0.003169592306179878
0.0031979451172723544
0.0032251179402963603
0.003251057419634768
0.0032757133902177223
0.0032990390039324803
0.0033209908436641388
0.003341529024642808
0.0033606172828230503
0.003378223050072438
0.003394317515997795
0.0034088756762897287
0.003421876367518311
0.0034333022883650272
0.0034431400073281345
0.003451379956990185
0.0034580164149874797
0.0034630474718713674
0.0034664749861005317
0.003468304526451335
0.0034685453021799386
0.0034672100813149184
0.0034643150975024644
0.0034598799458676393
0.0034539274683945743
0.003446483629365677
0.0034375773814347716
0.00342724052294151
0.0034155075471042056
0.0034024154837553797
0.003388003734308691
0.003372313900667375
0.003355389608802906
0.0033372763277481083
0.003318021184761451
0.0032976727774286746
0.0032762809834741354
0.003253896769057461
0.0032305719963310795
0.0032063592310311254
0.0031813115508679962
0.003155482355473598
0.003128925178650051
0.0031016935036493887
0.003073840582195707
0.00304541925794032
0.0030164817950168697
0.0029870797123371685
0.0029572636242398372
0.0029270830880728078
0.0028965864592574737
0.0028658207543469216
0.002834831522553413
0.0028036627261812455
0.0027723566303604003
0.0027409537024343693
0.002709492521312083
0.0026780096970494965
0.0026465398008809673
0.002615115305874536
0.002583766538338614
0.0025525216400606593
0.0025214065414113887
0.002490444945301054
0.002459658321927575
0.002429065914210009
0.002398684753755172
0.002368529687160337
0.002338613412411121
0.002308946525090936
0.002279537574077093
0.0022503931263588165
0.0022215178405742943
0.0021929145488276095
0.0021645843463120647
0.002136526688234249
0.002108739493503233
0.0020812192546217226
0.002053961153190907
0.0020269591804182533
0.0020002062619976493
0.0019736943867142273
0.0019474147381119676
0.0019213578285507613
0.001895513634971193
0.0018698717356797846
0.0018444214474649145
0.0018191519623540842
0.0017940524833266417
0.0017691123583024897
0.0017443212117365932
0.0017196690731614039
0.0016951465020343425
0.0016707447082653717
0.0016464556678202492
0.0016222722328182403
0.0015981882355687895
0.001574198586019791
0.001550299362120501
0.0015264878926347972
0.0015027628319750881
0.0014791242266637733
0.001455573573067409
0.0014321138660886364
0.0014087496385422342
0.0013854869909842018
0.0013623336118064103
0.0013392987874538838
0.0013163934026669977
0.0012936299306966386
0.0012710224134864353
0.0012485864318624077
0.0012263390658165199
0.0012042988450165653
0.0011824856897202566
0.0011609208423162577
0.0011396267897589099
0.0011186271772064265
0.0010979467132141538
0.00107761106687498
0.0010576467573378753
0.0010380810361728231
0.0010189417630857046
0.0010002572755201144
0.000982056252714226
0.0009643675748097506
0.0009472201776364989
0.0009306429038199714
0.0009146643508807168
0.0008993127170126993
0.0008846156452436455
0.0008706000666931244
0.0008572920436539375
0.0008447166132292021
0.000832897632261245
0.0008218576242890529
0.0008116176292685914
0.0008021970567847061
0.0007936135434746531
0.0007858828153715599
0.0007790185558613228
0.000773032279928642
0.0007679332153471719
0.0007637281914451806
0.0007604215360517012
0.0007580149811991148
0.0007565075781264207
0.0007558956220933524
0.0007561725874789943
0.0007573290735998971
0.0007593527616419618
0.0007622283830576763
0.0007659376997359276
0.0007704594962056353
0.0007757695840870742
0.0007818408189561646
0.0007886431297374104
0.0007961435606906869
0.0008043063260060169
0.0008130928769689153
0.00082246198160715
0.0008323698166779439
0.0008427700718030373
0.0008536140655078087
0.0008648508728699464
0.0008764274644333766
0.000888288855994225
0.0009003782688179233
0.0009126372998003029
0.0009250061010407629
0.0009374235682526561
0.000949827537395013
0.000962154988870809
0.0009743422586003425
0.0009863252552440725
0.0009980396828176584
0.0010094212679129975
0.001020405990713015
0.0010309303189648328
0.0010409314440559072
0.001050347518320856
0.0010591178926930562
0.0010671833538047838
0.0010744863596327476
0.001080971272782325
0.0010865845905038076
0.0010912751705373202
0.0010949944518900603
0.0010976966696598094
0.0010993390630325835
0.001099882075599494
0.0010992895471585798
0.0010975288961912932
0.0010945712922305576
0.001090391817367673
0.0010849696161787546
0.0010782880333878066
0.0010703347386227216
0.001061101837662416
0.001050585969617787
0.0010387883895360435
0.0010257150359670659
0.0010113765830816494
0.0009957884769845244
0.0009789709559198043
0.0009609490541228068
0.000941752589129681
0.0009214161324150013
0.0008999789632869277
0.0008774850060297752
0.0008539827503443953
0.0008295251551976592
0.0008041695362530921
0.0007779774371153196
0.0007510144846811173
0.000723350228949249
0.0006950579676998001
0.0006662145565111334
0.0006369002046385912
0.0006071982573335301
0.0005771949652340076
0.0005469792415091349
0.0005166424074876544
0.00048627792754751863
0.0004559811340868567
0.0004258489434376992
0.000395979563621845
0.0003664721948833107
0.0003374267239636881
0.000308943413115237
0.0002811225848717519
0.00025406430361882477
0.00022786805502310868
0.00020263242439452636
0.00017845477506585046
0.00015543092788081973
0.00013365484288477216
0.00011321830431072918
9.421060994893723e-05
7.671826597897922e-05
6.082468833087311e-05
4.660991162497145e-05
3.4150306720070285e-05
2.351830787502597e-05
1.4782150501322635e-05
8.005620452675513e-06
3.2478157628080574e-06
5.629217043139588e-07
0.0
1.602792973433298e-06
5.409543377880291e-06
1.1452830592405738e-05
1.9759423820874932e-05
3.0350152874168137e-05
