0.0023839715622639072
0.0023814504130029593
0.0023739590892856285
0.0023614651651385704
0.0023439954725501836
0.0023216336082755814
0.0022945165591981963
0.002262830520150471
0.0022268059930418828
0.00218671226945588
0.0021428514102947147
0.002095551845342751
0.002045161722592951
0.001992042141688406
0.001936560407766903
0.0018790834413051965
0.001819971476233839
0.001759572172675808
0.0016982152622450918
0.0016362078330652763
0.0015738303487197172
0.0015113334804535683
0.001448935815382587
0.0013868224855273184
0.0013251447435163439
0.0012640204911440864
0.001203535746999429
0.001143747019483117
0.0010846845320895517
0.0010263562292226343
0.0009687524734149587
0.0009118513289753133
0.0008556243131264375
0.0008000424839068228
0.0007450827247531386
0.0006907340789670327
0.0006370039833677626
0.0005839242494558607
0.0005315566424247129
0.000479997913363097
0.0004293841479429579
0.00037989430567760213
0.00033175283730621486
0.0002852312837990259
0.0002406487786223363
0.0001983713949482717
0.00015881030109471655
0.00012241871025726533
8.968763414033678e-05
6.114047398212167e-05
3.73265062583129e-05
1.881334359835887e-05
6.178473714660727e-06
0.0
8.467264816514053e-07
9.26774664898513e-06
2.578170994615471e-05
5.0865951135165184e-05
8.494567602665946e-05
0.00012838340203825396
0.00018146885352201452
0.00024440950971290135
0.0003173219974607151
0.000400224511655035
0.0004930304335360807
0.0005955433010676023
0.0007074532664551395
0.0008283351540065787
0.0009576482071876539
0.0010947375873068845
0.0012388376581986271
0.0013890770620205706
0.0015444855613317176
0.0017040025924762497
0.0018664874454857846
0.0020307309567468785
0.0021954685730740274
0.0023593946200761396
0.0025211775842762718
0.0026794761977759797
0.0028329560967410555
0.0029803068109691823
0.0031202588315713147
0.0032516004975850525
0.0033731944403016297
0.003483993326321231
0.0035830546468745114
0.0036695543117101397
0.0037427988207238963
0.003802235805299262
0.0038474627537781877
0.00387823376125536
0.0038944641726015973
0.0038962330188303676
0.003883783180137666
0.0038575192436432204
0.003818003059483391
0.003765947034876335
0.003702205241509572
0.0036277624464995553
0.0035437212106615933
0.0034512872293445563
0.003351753120094259
0.003246480887416335
0.003136883317463501
0.003024404574177357
0.002910500282936369
0.0027966173978312444
0.0026841741541109624
0.0025745404079965707
0.002469018661903729
0.002368826064186063
0.0022750776589256214
0.002188771143248593
0.002110773367401779
0.0020418087867278773
0.0019824500451292326
0.0019331108370737168
0.0018940411601869813
0.00186532503354957
0.001846880718566319
0.0018384634403137523
0.0018396705682276007
0.0018499491764991125
0.0018686058672302659
0.00189481870386175
0.0019276510692130613
0.0019660672322034346
0.0020089493804509493
0.0020551158529157963
0.002103340287940421
0.0021523713877536293
0.0022009529909834047
0.002247844140121399
0.002291838831277954
0.0023317851389546298
0.0023666034188545237
0.0023953033067812828
0.0024169992511999276
0.0024309243407273037
0.0024364422152989406
0.002433056880573018
0.0024204202787764407
0.0023983375051226416
0.0023667695965486294
0.002325833858215765
0.0022758017323640453
0.0022170942530661134
0.0021502751685621695
0.002076041849552459
0.0019952141364875777
0.0019087213109706047
0.0018175874053558507
0.001722915090035592
0.0016258683993483865
0.0015276545741863138
0.001429505311961916
0.0013326577224334554
0.0012383352908726653
0.001147729148166738
0.0010619799407308133
0.000982160581702907
0.0009092601490117884
0.0008441691758338575
0.0007876665550404496
0.0007404082518963114
0.0007029179889723794
0.0006755800344966283
0.0006586341907389179
0.0006521730430905379
0.0006561414938556559
0.000670338568028041
0.0006944214420870004
0.0007279116117046491
0.0007702030807828428
0.0008205724229711992
0.0008781905382558909
0.0009421359018016357
0.0010114090803698833
0.0010849482736556965
0.0011616456240476827
0.001240364028811711
0.0013199541836475513
0.0013992715860104278
0.0014771932304928855
0.0015526337368175838
0.0016245606634183254
0.001692008775935064
0.0017540930599054298
0.0018100202901293462
0.0018590989951918421
0.0019007476839860353
0.0019345012312822199
0.0019600153509119304
0.0019770691174333947
0.0019855655296637264
0.0019855301416535492
0.0019771078180018976
0.0019605577003444026
0.001936246499906723
0.001904640256745533
0.0018662947292940042
0.0018218445977317911
0.0017719916812122716
0.0017174923818650948
0.0016591445775782218
0.0015977741907460597
0.0015342216614132962
0.001469328550580489
0.0014039244929672217
0.0013388147084167994
0.0012747682675987233
0.0012125072910047765
0.0011526972407747834
0.0010959384430077757
0.0010427589543292475
0.0009936088610414669
0.0009488560726484897
0.0009087836444018186
0.0008735886362412563
0.0008433824885897248
0.0008181928693691053
0.0007979669217844181
0.0007825758192949717
0.0007718205131375098
0.0007654385391294737
0.0007631117345544272
0.0007644747029583779
0.0007691238548508
0.0007766268457347926
0.0007865322296537395
0.000798379146542793
0.0008117068650584998
0.0008260640091156796
0.0008410173059189468
0.000856159705615927
0.0008711177375521292
0.0008855579851630179
0.0008991925804507806
0.0009117836393858143
0.0009231465810483638
0.0009331522954717101
0.0009417281475455641
0.0009488578265686933
0.0009545800726933615
0.0009589863321873577
0.0009622174127811643
0.0009644592280274459
0.0009659377352715368
0.0009669131852505903
0.0009676738122858229
0.0009685291023364693
0.0009698027817262164
0.0009718256720674832
0.000974928556783358
0.00097943520170309
