0.00963666827245576
0.009018951942193234
0.008301854522068445
0.007565271851070194
0.00688613651721851
0.006327939350896691
0.005933101340734027
0.005719291566428205
0.005680053362197842
0.005789326849254568
0.006008783658565988
0.006296439826297859
0.006614862162851176
0.006937450893601789
0.007251725964623061
0.007559173942480375
0.007871902256614917
0.008206964879914012
0.008579652999106145
0.008997209278998112
0.009454301003141256
0.009931207501259698
0.01039512093588378
0.010804338450114939
0.011114558977696217
0.011286096653995313
0.01129065742072444
0.011116421480597521
0.010770506325610607
0.010278383327080394
0.00968038591103319
0.009025970163126514
0.008366772046369599
0.007749682046351644
0.007211102682827952
0.006773286908431019
0.006443235605047837
0.0062141464179141705
0.006068949055483803
0.0059851189141167105
0.005939790310168641
0.005914215133619144
0.005896815682599978
0.005884411179773479
0.005881583177090712
0.005898506304245602
0.005947837845474792
0.0060413858941071414
0.006187246233911016
0.006387930402786839
0.006639746854561622
0.0069334056224865884
0.007255559058948701
0.0075908206667696446
0.007923752312598082
0.00824038091548672
0.008528975190157061
0.008780036080454363
0.008985675461496881
0.009138723006123723
0.009231971450287561
0.009257929332441293
0.009209307459735791
0.009080254736418018
0.008868130851657597
0.008575413099088894
0.008211230449179555
0.007792029867364313
0.007341012418741027
0.006886207590810682
0.006457338289942121
0.00608190713536748
0.005781146434449831
0.005566570273015317
0.0054378201840919235
0.0053823069577880675
0.005376850510114513
0.005391161374798519
0.005392659002062228
0.00535185180792404
0.005247366949596944
0.0050697450330559465
0.004823306522221256
0.004525721208058323
0.00420531242547155
0.0038965310714844195
0.0036343663857314507
0.003448658703804827
0.003359305910246613
0.003373203461413328
0.0034834538164308375
0.0036709791794854556
0.0039082439638904965
0.004164417421175657
0.004411050111903142
0.004627246279745678
0.004803403732983581
0.004942846942477698
0.005061051847279884
0.005182585720710321
0.005336287260627553
0.0055495206616653775
0.005842499946120682
0.0062236697190272165
0.0066869496435311175
0.007211335257047084
0.007762952888154827
0.008299259500688758
0.008774727859489923
0.009147120810999923
0.009383372417897239
0.009464168778126638
0.009386541204907893
0.009164109371576372
0.008824986506219724
0.008407721099571205
0.007955942358449491
0.007512555546733721
0.007114373930951795
0.0067879746095574345
0.0065473464295248245
0.006393597752141662
0.006316659477604045
0.006298607046745975
0.006317981676675759
0.006354351464313857
0.006392336006165013
0.006424423642944824
0.006452119805938289
0.006485244552460488
0.0065395036657935265
0.006632743649207334
0.006780522889964004
0.00699175509517317
0.0072651871288332455
0.007587359265397579
0.007932477155266035
0.00826433295866059
0.008540091370099312
0.00871545356116144
0.00875047596526679
0.00861519025580813
0.008294169841701938
0.00778932140078829
0.007120431051596062
0.006323327885001814
0.005445892123962067
0.004542473204251714
0.003667538436588655
0.0028695007520321675
0.0021856489280228514
0.0016389250672309641
0.0012369876776183921
0.0009736134433163488
0.0008320915270455653
0.0007899210700236083
0.0008238984642969767
0.0009146201603218215
0.001049545570585145
0.001224047026636037
0.0014402726221608292
0.0017040919977826686
0.0020208015664715
0.0023905542042812287
0.002804587209864715
0.0032432206132387976
0.0036762936433622716
0.004066247737818853
0.004373529994921901
0.004563480871336671
0.004613485164922991
0.0045189891718654665
0.004297068046880944
0.003986568567515144
0.0036444072527009146
0.003338282336099612
0.003136741748803325
0.0030981110485100265
0.0032601131990920174
0.0036320310500317574
0.004190950760085181
0.004883017295054564
0.005629824257341895
0.006339183763360876
0.006918730644334677
0.007290253302899886
0.007402420533825048
0.007239742764822789
0.00682615290543214
0.0062224342064363496
0.005517723252321057
0.004816306567931993
0.004221737945307012
0.0038207871564865806
0.003669800054861306
0.0037856870332116394
0.004143018552029164
0.004677716183043143
0.005296753320950387
0.005892304636221982
0.006358073474636419
0.006605201035013863
0.006575271757894729
0.006248450839819236
0.005645625610383259
0.004824422755410167
0.003869962360346709
0.002882018034093826
0.001960747132466894
0.0011932632984779715
0.0006430436180107245
0.0003435627645678547
0.00029674959355502264
0.00047602098594971137
0.0008329170724412161
0.001305866558336144
0.0018294248593285923
0.002342462096658242
0.0027941810741774226
0.003147415926862585
0.0033792717118071745
0.003479685269002806
0.0034488159896046353
0.00329425603290808
0.0030288839913328912
0.0026698295633237022
0.0022385660366933003
0.0017617177992264345
0.0012718701111490913
0.0008075750690302178
0.00041188931907522926
0.0001291282190171725
0.0
5.5780318622254514e-05
0.0003125810310062819
0.0007669530320896737
0.0013939789298871661
0.0021486517221478907
0.0029707563033953654
0.0037927795824248016
0.004549711952951769
0.005189111078214117
0.0056795950429465985
0.006016079961170645
0.006220572459972764
0.006338094033725121
0.00642821645620438
0.006553554564579406
0.00676722172155586
0.007101563220594633
0.007560364635743893
0.008116186595707231
0.00871358906787392
0.009277931712418978
0.009728369928843534
0.009992812811487745
