0.0022760299198242313
0.0018028186834402981
0.0013097769475045261
0.0008756522444646245
0.0005714532521852826
0.00045053582394507857
0.0005415216405638165
0.0008450299196552406
0.0013345812015617266
0.001961367642612006
0.0026619871170348755
0.0033678064846544373
0.004014420689866533
0.004549735872727463
0.004939508114586131
0.005169655215530734
0.005245237320179504
0.005186569919678466
0.005023391371125184
0.004788280576900797
0.004510568262556669
0.004211808566646375
0.003903517977260237
0.0035874192228461015
0.003257939044818173
0.002906291464787121
0.0025252062209670367
0.0021132797188673433
0.001678040352963637
0.0012371015843556034
0.0008171647600421512
0.00045105169174088685
0.0001733145261896044
1.5220487698016337e-05
0.0
0.00013916909874163354
0.0004305142396005771
0.0008580096603457645
0.00139359021116656
0.0020003939554038364
0.0026368753029097757
0.0032611051802572937
0.0038346259174469486
0.004325393358437642
0.004709573347413682
0.004972208572243541
0.005106979720320164
0.00511540944012324
0.005005877441723982
0.004792734280054228
0.004495647733568242
0.0041391338941791965
0.003752066156721035
0.0033668646987029503
0.003018075925318775
0.0027401613735702317
0.0025645088430192387
0.0025159132780694735
0.0026089961411363775
0.002845183278167596
0.0032108974311870556
0.003677519406331634
0.004203436686654695
0.0047381643168670036
0.005228148199476104
0.005623516628876761
0.005884802349276408
0.005988570087791477
0.005930981993417409
0.005728610483440251
0.005416225008682161
0.005041768225423507
0.004659213517995138
0.004320374094378628
0.0040669431444792575
0.003924042381531013
0.003896337195222216
0.003967373863583755
0.004102274356137277
0.0042533754661600726
0.0043679155583003886
0.004396537394840005
0.004301246710858525
0.004061564743620588
0.003677920358274173
0.0031717891952251992
0.0025826227902185205
0.0019621278640218464
0.0013668679355760094
0.0008503992798157031
0.0004561856520428572
0.0002123624748717706
0.00012907796648592082
0.0001986902450698243
0.0003986253718041076
0.0006962820079958808
0.0010550710809875065
0.0014405466181371526
0.0018256294556948261
0.0021941308847347545
0.002542104815093379
0.0028769346450206288
0.0032144296837628584
0.0035745071478592134
0.003976226754032366
0.004433004658293015
0.0049487638049690134
0.005515600698156424
0.006113300435640837
0.006710755284801221
0.007269078588412317
0.007745989202860668
0.008100894291164567
0.00830002974857907
0.008321026158455112
0.008156344049936735
0.007815150890576357
0.007323377928886253
0.00672188270217652
0.006062839087126282
0.005404668195464721
0.004805996548364098
0.004319267403744384
0.003984719688076559
0.0038254692740965347
0.003844364778561071
0.004023137079060695
0.004324122066670471
0.0046945277806658475
0.005072873074195818
0.0053968910263597885
0.005611919058349834
0.005678640274801268
0.005579036895632361
0.00531958634975112
0.004931066226231653
0.004464798991149322
0.003985697942303307
0.003562991027764273
0.0032599123556915854
0.0031238857220573383
0.003178728019699755
0.00342015665002652
0.0038154194000197257
0.004307243181309938
0.004821616165532262
0.0052782885353456705
0.005602409183027358
0.005735494992101675
0.005644002034179974
0.005324130745802867
0.00480209562771071
0.004129826896018754
0.0033768224935799163
0.0026195041961345725
0.0019298392783876537
0.0013650958265659287
0.0009603843242496717
0.000725136952918295
0.0006439771556404619
0.0006816597913127435
0.0007910551169592432
0.0009226351819386961
0.0010336916359042249
0.0010956100423809385
0.0010979282477019342
0.001048539201160336
0.0009701430541383493
0.0008937697411856502
0.0008507471307149204
0.0008647772366798092
0.0009457500051352277
0.0010865773253899923
0.0012637350057374376
0.0014414704213869633
0.0015789071795062099
0.0016386939405985336
0.001595514481505478
0.0014427644539956688
0.0011960113971534315
0.0008924318549332418
0.0005861561349275925
0.00034021037682573606
0.00021638586386138556
0.0002647677652373357
0.0005147450492620333
0.0009690837143234983
0.0016021213101386298
0.0023624287801742314
0.003179516505718228
0.003973474697179415
0.004665956547485107
0.005190718828645347
0.005502057491753365
0.005579885260677637
0.005430812284729099
0.005085292370620338
0.004591556341051611
0.004007552982696642
0.0033923730498110097
0.002798607703066761
0.002266808077268358
0.00182273416039198
0.0014775093743522598
0.0012302459048865988
0.001072279365773182
0.000991925002156998
0.0009786737682131751
0.0010259702512062418
0.0011320980028594403
0.0012991544579788587
0.0015305295886545852
0.0018276214673061354
0.0021866666730616
0.0025965111638040143
0.00303791686817376
0.003484646314560183
0.003906171357896705
0.004271498250981349
0.004553364079900224
0.004731986244617955
0.004797648445537583
0.004751657254164236
0.004605545500958893
0.0043787569882408305
0.004095344372221817
0.003780386269164363
0.003456846461321553
0.0031434580341863356
0.002853952990834275
0.002597634067338832
0.0023809733572783412
0.0022096915997277997
0.0020906734516771626
0.0020331287781907605
0.0020486046546342456
0.0021497427713390712
0.0023479961787273387
0.0026507948158559784
0.003058817247095405
0.003564046119493851
0.004149149256964716
0.004788463930090754
0.005450524809606452
0.006101739833924931
0.00671055747749547
0.007251343392558738
0.007707225273854127
0.008071367230431233
0.008346458365296995
0.008542576410373691
0.008673934506673213
0.008755260104020206
0.00879863331657015
0.008811505975834783
0.00879635023667142
