0.010387417250678412
0.010266137310993916
0.010022009073203851
0.009647858629729968
0.009159292822357152
0.008595938763858384
0.00801851491780323
0.007501930765638846
0.007125318460117
0.006960469558619416
0.007060481016656292
0.007450447135774174
0.008121760312419433
0.009031048286901638
0.010104068331512362
0.011244116477907448
0.012343816673079565
0.013298640814207145
0.014020253999209711
0.014447814214598474
0.014555668557916924
0.014356422202229074
0.013899023066705648
0.0132622001402224
0.012544213888522863
0.01185033808190476
0.011279738079045521
0.010913420931082432
0.01080472271813131
0.01097341287689254
0.01140399827765355
0.012048274041696163
0.01283166314545833
0.013662470270049413
0.01444288684005925
0.015080443546250065
0.015498614884450528
0.015645423082010976
0.015499141195048388
0.015070525890898079
0.014401385644449795
0.013559675767039137
0.012631674986809205
0.011712108202292681
0.010893308165778551
0.010254630901307665
0.009853337678273429
0.009718021839982563
0.009845395882662493
0.010200882184971045
0.010723004868639202
0.01133110968375665
0.0119355022280478
0.012448753007529616
0.012796724681709282
0.012927869925806516
0.012819541194432415
0.012480430952616427
0.011948778144160432
0.011286564741019117
0.010570500806369697
0.009881070564094964
0.00929120975831575
0.008856254659475935
0.008606627891086094
0.00854432655643178
0.008643711046595112
0.008856443745866506
0.009119795990960794
0.009367028377965877
0.009538235715635952
0.00958998429886118
0.009502266528269106
0.009281725003637846
0.008960686709498133
0.008592203450953219
0.008241912495639266
0.007978013451655901
0.007860928635466072
0.007934234406411469
0.00821822115432847
0.008707001193951886
0.009369511038980646
0.010154141834485004
0.010996177834857542
0.011826814517053925
0.012582326245095202
0.013211984393493295
0.013683578328802308
0.013985816396032382
0.014127408484293998
0.014133168670789086
0.01403793954687622
0.013879457460652887
0.013691403997043269
0.013497809484185988
0.013309708168407
0.013124539851725247
0.012928317535404141
0.012700112313840684
0.01241801956072803
0.012065524008834433
0.011637112194940001
0.011142097512862022
0.01060590589702019
0.010068474232849633
0.009579876558745336
0.009193744353287939
0.008959418189499663
0.00891400224629313
0.009075554009318827
0.009438517463792035
0.009972214406475813
0.010622785134896574
0.01131847600335723
0.011977677727372803
0.012518696948265571
0.01286995786007009
0.01297922616137259
0.012820544761514955
0.01239786130362857
0.011744774795879999
0.010920371256982768
0.010001678792548412
0.009073768035865485
0.008218878379238828
0.007506106583713179
0.0069831232250446035
0.006671089120680138
0.006563468228030077
0.006628845253375031
0.006817245121649872
0.007068913660399754
0.007324141488733573
0.0075325597172981465
0.007660435246374464
0.0076948328375804455
0.007644038106601923
0.00753426482762206
0.007403296947418582
0.007292234107475834
0.007236829328713939
0.007259971395567148
0.00736665836442303
0.0075423654876650426
0.007755105989423382
0.007960821812486358
0.008111140784882207
0.008162104823947887
0.00808229037649864
0.007858843212014311
0.00750031978951259
0.007035802225838558
0.006510430457194438
0.005978150316434906
0.005492988893819696
0.0051004422748232095
0.004830542118938827
0.0046938568537308835
0.0046811354284470195
0.004766616799049071
0.004914334022579393
0.005086169122230977
0.0052500738228183986
0.005386829710254554
0.005493991387995369
0.00558619077519163
0.005691681657414946
0.0058457394587866154
0.006082161587779315
0.006424516002508721
0.006878878684513817
0.007429561004242407
0.008038795143230535
0.008650616079488539
0.009198387614966354
0.009614716975790494
0.009842022769465508
0.0098418593212345
0.009601292377658934
0.009135135873564173
0.008483604154636797
0.007705771053218487
0.006869999590582609
0.0060430673121571535
0.005279954330955976
0.004616135570899717
0.004063746408865405
0.0036122590082097927
0.003233452391600138
0.0028896444256500623
0.0025435338492986025
0.002167694721352871
0.0017518344773384611
0.0013063592806854584
0.0008615059772917322
0.0004621633807739174
0.00015935219674603242
0.0
1.7005795920833205e-05
0.00022156644320471715
0.0005993353748603956
0.0011112759049672098
0.0016991891802620902
0.002295006841401142
0.0028322095967770536
0.0032573045412177476
0.0035392493829009197
0.003675061840062651
0.003690533952338075
0.0036358579374841217
0.003576897678254724
0.003583635378068938
0.0037178386269142213
0.0040221339168548574
0.004512413713830975
0.005174895374365288
0.005968306198277392
0.006830747280968492
0.007689960011301501
0.008475134257986176
0.009128160304370695
0.009612374961866569
0.009917351189856122
0.010059030499315818
0.010075354150395704
0.0100183516501416
0.009944246277802049
0.009903431755901443
0.009932116710359335
0.010047046777355283
0.010244082225345584
0.010500659702924499
0.010781446218518958
0.011045937215478807
0.011256457793298317
0.011385041483546191
0.011417967855825916
0.011357265783837897
0.011219120609478047
0.011029731453648849
0.010819630065668747
0.010617708703626706
0.010446174914433228
0.010317374347953451
0.010232967270943735
0.0101854128859896
0.010161222709145353
0.010145092996043915
0.01012388639348048
0.010089527650744924
0.010040179686987616
0.009979503022366684
0.009914273975301612
0.009851039090248372
0.009792725228994527
