1.1055882155074949e-06
1.3438541761226323e-07
0.0
7.298695027721774e-07
2.351159225459469e-06
4.890594530014428e-06
8.37429074399985e-06
1.2827581489284652e-05
1.8274846274224073e-05
2.4739338196380157e-05
3.224301260824967e-05
4.080635760017278e-05
5.044822715261836e-05
6.118567780432293e-05
7.303380967337144e-05
8.600561265525736e-05
0.00010011181860522999
0.00011536076029203517
0.00013175823788637753
0.00014930739372030094
0.00016800859602323975
0.0001878593323068568
0.00020885411303410407
0.00023098438616833434
0.0002542384631559439
0.0002786014568510464
0.0003040552318433361
0.0003305783676006554
0.00035814613478616785
0.0003867304850565399
0.00041630005459246107
0.0004468201815563175
0.0004782529376141907
0.0005105571736007388
0.0005436885793461941
0.0005775997576249689
0.0006122403121253266
0.0006475569492796255
0.0006834935937349103
0.0007199915171844575
0.0007569894802223814
0.0007944238868260083
0.0008322289510144568
0.0008703368751771414
0.0009086780395128116
0.0009471812019686222
0.0009857737080196868
0.0010243817095829028
0.001062930392314667
0.0011013442105007177
0.001139547128707799
0.0011774628693314226
0.0012150151651418098
0.001252128015901245
0.0012887259481007944
0.001324734276842622
0.0013600793688762123
0.0013946889057826538
0.001428492146290929
0.001461420186703863
0.0014934062184091394
0.0015243857814525358
0.0015542970131563665
0.0015830808907759692
0.0016106814672009633
0.0016370460987258947
0.0016621256639367176
0.001685874772785253
0.001708251964953281
0.001729219896641162
0.0017487455149526312
0.0017668002190877388
0.0017833600075994797
0.0017984056110164491
0.0018119226091836433
0.001823901532726161
0.001834337948095823
0.0018432325257184473
0.0018505910908194608
0.0018564246565675017
0.001860749439239397
0.001863586855175215
0.0018649634993586775
0.0018649111055258902
0.0018634664877737865
0.0018606714637087116
0.0018565727592448227
0.0018512218952313145
0.0018446750561565068
0.0018369929412453963
0.0018282405983350179
0.001818487240978711
0.0018078060492958093
0.0017962739551471362
0.0017839714122788214
0.0017709821521368998
0.0017573929261130044
0.0017432932350366125
0.0017287750467818693
0.0017139325029065515
0.0016988616152871327
0.0016836599537570266
0.0016684263257946113
0.0016532604493435619
0.0016382626198800509
0.0016235333728694878
0.0016091731427794614
0.0015952819198353468
0.001581958905720576
0.0015693021694346844
0.0015574083045289807
0.0015463720889419285
0.0015362861486540606
0.0015272406263755008
0.0015193228564678576
0.0015126170472865496
0.0015072039721093589
0.0015031606697925256
0.0015005601562666868
0.0014994711479519615
0.0014999577981341797
0.0015020794473030914
0.0015058903884082625
0.001511439647939646
0.0015187707836874652
0.0015279216999803745
0.001538924481142088
0.0015518052438447715
0.0015665840089731063
0.0015832745935457414
0.0016018845231716887
0.0016224149654477484
0.0016448606846300475
0.0016692100178380966
0.0016954448729739786
0.0017235407484624266
0.0017534667748400712
0.0017851857781443186
0.0018186543649741991
0.0018538230290178251
0.0018906362787636318
0.00192903278603603
0.0019689455549204704
0.0020103021105686413
0.002053024707301838
0.00209703055535972
0.0021422320655729195
0.002188537111171702
0.002235849305879099
0.002284068297376215
0.0023330900751695706
0.002382807291836075
0.002433109596570251
0.0024838839799112803
0.0025350151284841867
0.002586385788550313
0.002637877137127406
0.002689369159409016
0.0027407410311869433
0.0027918715049590087
0.0028426392983876567
0.002892923483763025
0.0029426038771168156
0.002991561425631176
0.0030396785919892533
0.003086839734321683
0.0031329314804154707
0.003177843094869073
0.003221466837899296
0.003263698314532387
0.0033044368129429664
0.003343585630740285
0.003381052388041512
0.003416749326216241
0.003450593591235054
0.0034825075006074896
0.003512418792951109
0.003540260859293231
0.0035659729552701587
0.0035895003934550583
0.0036107947151149834
0.00362981384076939
0.0036465221989968703
0.003660890833013227
0.003672897484622366
0.0036825266552213227
0.00368976964362193
0.0036946245605337935
0.0036970963196361253
0.0036971966052491987
0.003694943816699622
0.003690362989556756
0.0036834856940002074
0.003674349910660314
0.003662999884354103
0.003649485956218737
0.0036338643748219743
0.0036161970869049414
0.0035965515084859295
0.003575000277124857
0.003551620986216147
0.0035264959022429506
0.0034997116659873945
0.0034713589787499785
0.003441532274685778
0.0034103293804158812
0.003377851163119113
0.003344201168351338
0.003309485248877633
0.003273811185835836
0.0032372883035786757
0.0032000270795653567
0.0031621387506924926
0.0031237349174680685
0.003084927147441051
0.0030458265793029994
0.0030065435290768357
0.0029671870998013907
0.0029278647961090056
0.002888682145076905
0.0028497423247116245
0.0028111458013992605
0.0027729899776232584
0.00273536885121543
0.0026983726873653765
0.0026620877045686465
0.0026265957756445657
0.002591974144901551
0.0025582951624702538
0.00252562603676404
0.0024940286059618646
0.0024635591293407427
0.0024342680992144178
0.002406200074161235
0.002379393534148164
0.0023538807580797726
0.002329687724220634
0.0023068340338578642
0.0022853328584871925
0.002265190910721716
0.002246408439037392
0.002228979246383826
0.0022128907326032215
0.0021981239605148844
0.002184653745437611
0.002172448767838049
0.0021614717087099513
0.002151679407207431
0.002143023039975235
0.0021354483215409005
0.00212889572505776
0.0021233007226144057
0.0021185940442556353
0.0021147019547923555
0.0021115465474137313
0.0021090460530540566
