0.004945883359947889
0.005249258125941124
0.005493347479945702
0.005686189012824716
0.005845743268128316
0.00599669248766626
0.006165343017633223
0.00637368248941081
0.006633887775791431
0.006944549209366072
0.007289569990783665
0.007640174448165612
0.007959819036052453
0.008211175930576992
0.008363880743277968
0.008401506347086045
0.008326298935351778
0.008160584902086555
0.007944362508082147
0.007729317132457119
0.0075702035434837365
0.007515084448830332
0.007596191386248288
0.007823121976831859
0.008179709589908914
0.008625263337102562
0.009100094567768452
0.009534465959050978
0.00985946719668122
0.010017956483365856
0.009973679223417815
0.0097169906124603
0.009266209560839412
0.00866440619431912
0.00797223085193106
0.007258080930596136
0.006587348075358701
0.006012613427921513
0.005566444914131526
0.005257943100675751
0.0050734800146153645
0.004981311835591165
0.004939063496835695
0.0049026046711628385
0.004834644925162272
0.004711497787857406
0.004526866429445851
0.004292103162519915
0.004033072282372094
0.0037843712226903053
0.0035821230992877672
0.0034567646190702597
0.003427187019547728
0.0034972680725510637
0.0036553316470432397
0.003876491414610368
0.00412729152021582
0.004371652353581657
0.004576935682909927
0.004718988075297597
0.004785284668032245
0.004775714900413826
0.0047010375540294524
0.004579485001081836
0.004432327527548124
0.00427935783060941
0.00413520240148222
0.004007131612113234
0.0038946812010895245
0.003790994928947921
0.0036854377058285386
0.003566784575306741
0.003426210499581083
0.003259399726489447
0.0030673350120179826
0.002855658629396338
0.0026328433747697237
0.0024076954443279525
0.0021868696199596827
0.00197307603360047
0.0017644972377186558
0.0015556494370780058
0.001339574716457276
0.0011109180433720263
0.0008691976981871638
0.0006214767804921303
0.0003837130402275556
0.0001802954292977445
4.162535833712993e-05
0.0
8.44236146075733e-05
0.0003152347136045081
0.0006995357023197911
0.0012283226239785724
0.001875947633048393
0.002602152471555863
0.00335646001832657
0.004084287367248238
0.004733827903109879
0.005262601639847277
0.005642621347257001
0.0058633584458711524
0.00593207373713141
0.0058715333463315224
0.005715576033855037
0.005503353102574989
0.0052732631576961125
0.005057617121817997
0.0048788957327523825
0.004748138312396353
0.004665591041889455
0.004623323180285266
0.004609168322684573
0.004611127927018956
0.004621322876614187
0.004638700420448598
0.004669970797801436
0.004728606352872852
0.004832116710407034
0.004998145280601514
0.005240154887353009
0.005563545553095184
0.005962965587575861
0.006421357364416147
0.006910965255624333
0.0073961843971521845
0.007837808659913905
0.008198000224063598
0.008445190018865416
0.008558143098722463
0.008528575924018046
0.008361961757607042
0.008076459175115255
0.007700194296497083
0.007267370732791324
0.006813835332231163
0.00637277307095775
0.00597114091676291
0.00562729626814545
0.005350062137970909
0.005139237047990835
0.00498734093641313
0.00488222113473101
0.00481004558961267
0.004758191891626075
0.004717595519083879
0.004684233893860685
0.004659572661564985
0.004649962906510272
0.0046651300256048914
0.004716018179193537
0.004812335925714289
0.004960182412900919
0.005160118689862875
0.005405989429232667
0.005684704361677308
0.005977066493390575
0.006259598209237003
0.006507180702537809
0.006696201815919805
0.006807817373430137
0.0068308851184697185
0.006764138870725184
0.006617238490964247
0.006410456328302743
0.006172932042087714
0.005939625477882074
0.005747295120642219
0.0056299973593739
0.005614710098785454
0.00571770998136387
0.005942263461137576
0.0062780305254178746
0.006702344101621111
0.0071832505039912675
0.007683919035798877
0.008167797822606179
0.008603749435875874
0.008970373089597769
0.009258821203833433
0.00947363663717214
0.009631441784031653
0.009757654432012732
0.009881731323263776
0.010031693025284533
0.010228817878385466
0.010483382349056112
0.010792168246370604
0.011138177416694085
0.011492636971693743
0.0118190023300224
0.012078334858034293
0.012235202008835398
0.012263159738606172
0.012148944602585789
0.011894714409751247
0.011517995027545368
0.011049362118243719
0.010528247169188609
0.009997546943910205
0.009497887640339755
0.009062424150926958
0.00871294068189454
0.00845778590379348
0.008291867408317161
0.00819860103447573
0.008153415857135506
0.008128201535153335
0.008095980863962862
0.00803510551967507
0.007932394993426602
0.0077848384144632524
0.007599716835930121
0.007393237892446569
0.007187969437019067
0.007009489323079094
0.006882725054322199
0.006828444098721104
0.00686028892124097
0.006982651830383116
0.0071895752423934735
0.007464759683027495
0.007782673504569864
0.008110685178506584
0.008412075093383957
0.008649720696229199
0.008790180626770706
0.008807830719031063
0.008688636470096264
0.008433099875493724
0.008057915059586708
0.007595927508652487
0.007094128960680395
0.0066096336271672905
0.006203853805850885
0.005935389287663234
0.0058524172899415
0.005985564555794789
0.006342312140733716
0.006903893225231882
0.007625386618025107
0.00843930481242241
0.009262476481074852
0.010005503572379715
0.010583619209574482
0.010927468068666353
0.010992240889778574
0.01076375206875253
0.010260445748685346
0.00953090072251897
0.008647090514351502
0.007694331799660098
0.006759406677974952
0.00591867268629583
0.0052280135637503755
0.004716215957479244
