0.0015649345633231514
0.0014172534504019187
0.0012709804970732058
0.0011275766583382365
0.0009884620185595973
0.0008549974114320265
0.0007284668457663946
0.0006100609995181497
0.0005008620289400933
0.00040182992022334786
0.00031379058781191285
0.000237425897098776
0.00017326575985396504
0.00012168241896475841
8.288700539389217e-05
5.692841522396733e-05
4.369451881990581e-05
4.291567808495096e-05
5.4170512092660246e-05
7.689381662575093e-05
0.00011038650990584918
0.00015382744559528294
0.00020628690549889805
0.000266741558754583
0.0003340906520904192
0.000407173177302279
0.00048478574776408833
0.0005657009057521533
0.000648685576802145
0.0007325193863059136
0.0008160125571034634
0.0008980231148661438
0.00097747314045932
0.001053363825003678
0.0011247891037432468
0.001190947668731121
0.001251153187359555
0.001304842583437597
0.0013515822693620613
0.0013910722514071242
0.0014231480647193115
0.0014477805296771147
0.0014650733562802936
0.0014752586575985873
0.0014786904664712988
0.0014758363810685193
0.001467267494093111
0.0014536467868511778
0.001435716192726206
0.0014142825543910296
0.0013902027150755043
0.0013643679961343818
0.0013376883208567271
0.001311076247824194
0.0012854311761325424
0.0012616239794839982
0.0012404823166547382
0.001222776852328727
0.0012092086050196822
0.001200397618091769
0.0011968731261076094
0.0011990653622993722
0.0012072991243373206
0.001221789185256077
0.0012426376049134479
0.0012698329652372437
0.0013032515203067474
0.0013426602205593415
0.0013877215396399182
0.0014380000031309868
0.001492970291095761
0.0015520267614784781
0.0016144942193349878
0.00167963973796019
0.0017466853225285447
0.0018148211950996512
0.0018832194719279628
0.001951048000052052
0.0020174841201541067
0.0020817281266355906
0.0021430162036442666
0.0022006326272401167
0.0022539210387705726
0.002302294612549805
0.002345244961761435
0.0023823496497433214
0.0024132781990425494
0.002437796517394091
0.0024557696876008955
0.0024671630966856773
0.0024720419081497645
0.0024705689092196065
0.0024630007921070626
0.00244968295409538
0.0024310429252576977
0.0024075825544228775
0.002379869103271108
0.0023485254148632815
0.002314219336231195
0.002277652584684673
0.0022395492540909076
0.0022006441604770924
0.002161671225888141
0.0021233520955479222
0.002086385176136394
0.0020514352725758507
0.002019123987341398
0.0019900210302480742
0.0019646365682386064
0.0019434147242594242
0.0019267283122576134
0.0019148748720723132
0.0019080740439615705
0.0019064662981402585
0.001910113010447522
0.0019189978515479914
0.001933029434319369
0.0019520451426880566
0.0019758160455129454
0.002004052781518939
0.0020364122860385006
0.002072505217677989
0.0021119039331820764
0.0021541508518671685
0.0021987670471215978
0.0022452609016576515
0.0022931366654236713
0.0023419027602627923
0.002391079683404722
0.0024402073725138407
0.0024888519080595133
0.0025366114439497297
0.0025831212743670307
0.002628057963225327
0.0026711424822633877
0.002712142324122802
0.0027508725774338843
0.0027871959715571036
0.002821021918810628
0.002852304601378067
0.0028810401682755455
0.002907263124429421
0.002931042008773162
0.0029524744710476836
0.0029716818674598963
0.0029888035033397865
0.003003990656306528
0.0030174005161286146
0.0030291901774129742
0.0030395108185069858
0.0030485021946192415
0.0030562875652837282
0.0030629691660780823
0.0030686243221735156
0.003073302287094724
0.003077021874289373
0.003079769932064068
0.0030815006944747486
0.003082136022218281
0.0030815665288213556
0.0030796535688284604
0.0030762320466134144
0.003071113987228473
0.0030640927946933008
0.0030549481086209972
0.0030434511573581052
0.003029370495123617
0.00301247800217249
0.002992555020943274
0.0029693984975925902
0.0029428269973383156
0.0029126864636473794
0.002878855595481326
0.00284125072347436
0.002799830074937429
0.002754597328787244
0.0027056043746785776
0.0026529532055223084
0.002596796888918577
0.0025373395805151793
0.002474835560585367
0.0024095872938615414
0.0023419425315073746
0.0022722904927049347
0.002201057181323643
0.00212869991018411
0.0020557011212091244
0.0019825616039666006
0.0019097932274849347
0.0018379113105229604
0.001767426763506693
0.001698838140946621
0.0016326237462112852
0.0015692339309905717
0.0015090837296187218
0.0014525459636749118
0.0013999449450169713
0.0013515508957578377
0.0013075751918338056
0.0012681665229489813
0.0012334080460588918
0.0012033155924573145
0.0011778369702611035
0.0011568523849762524
0.0011401759812186933
0.001127558488908747
0.0011186909377147057
0.0011132093845412966
0.0011107005807853565
0.0011107084892400336
0.001112741545224475
0.0011162805430246358
0.0011207870172965657
0.0011257119799130528
0.0011305048659940174
0.0011346225386733584
0.0011375382005964045
0.001138750061242875
0.0011377896129119405
0.0011342293745239549
0.0011276899711763532
0.0011178464284845575
0.001104433573946521
0.0010872504526587947
0.0010661636814163268
0.00104110968325326
0.0010120957635102908
0.0009792000082111685
0.0009425700055509972
0.0009024204112915109
0.0008590293984742112
0.000812734050759567
0.0007639247765513617
0.0007130388375613298
0.0006605531003267249
0.0006069761321588453
0.000552839773854242
0.0004986903300609251
0.0004450795243191659
0.0003925553693933376
0.00034165310452598165
0.00029288634967126104
0.0002467386226415447
0.0002036553585119626
0.00016403656169959873
0.00012823021003395226
9.652651706740342e-05
6.915314407591111e-05
4.6271436937729126e-05
2.7973745641469505e-05
1.4281865873412786e-05
5.146623289430411e-06
4.4860201821534176e-07
0.0
3.547575264430938e-06
1.0776629507655957e-05
