0.010197440181726958
0.009482981904058472
0.008811773015363643
0.008197760220698675
0.007648223450047043
0.007168435973551055
0.0067657588668858775
0.0064519603344204805
0.006243058196468918
0.006156644370463985
0.006207311736449143
0.006401317218646439
0.0067318653291679005
0.007176327220174566
0.0076963347445915655
0.008241086995338629
0.008753507499192924
0.009178244738319165
0.009470057822943303
0.00960097376232086
0.009564782173155015
0.009377916530225317
0.009076463063987916
0.008709799099678232
0.008332035823301621
0.007992886093573511
0.007729701217753681
0.007562192092511111
0.007490812320390511
0.00749904039678164
0.007559004170354703
0.007639205511246455
0.007712668121818423
0.007763738828096737
0.007792045761153268
0.007812704427005254
0.007852648708277656
0.007943790122178865
0.00811440633800989
0.008380583610967988
0.008739595126435877
0.009166768494139945
0.00961673858891302
0.010029121581003574
0.010337750521573987
0.010481860765949116
0.01041715831786185
0.010124643472382056
0.009615417457181577
0.008930411129859782
0.008134911185547234
0.007308743338960727
0.006533813677581854
0.005881243278948234
0.0054004485104137325
0.00511219010748464
0.005006893593985408
0.005048563246650319
0.005183554675346593
0.00535253750532177
0.00550334916039243
0.005602237747309084
0.00564126158022752
0.005640311337550745
0.005643223274771287
0.005708574789412561
0.005896788647341665
0.006255924902701498
0.006808865623877013
0.0075444297352220925
0.008414316315173708
0.009336773529101295
0.010206702735116235
0.010910743959436059
0.011344957747147145
0.01143218696104472
0.011136147900308648
0.010469773367614532
0.009496232595682521
0.008322231509918442
0.007084451905277344
0.005931108184595611
0.0050013986313502
0.004405974582597518
0.004211392859049943
0.004430886940117652
0.00502280069085953
0.005896841973385313
0.006927126611838921
0.007969984517964051
0.008883841128508266
0.009548260145508053
0.009879456670651638
0.009840209516947276
0.009443003954103399
0.008746269006191036
0.00784457236113015
0.006854451721228942
0.005898082593042052
0.0050871505153310854
0.004509110235756172
0.0042175288825249384
0.004227519391631171
0.004516491973092072
0.00502970565957832
0.00568949350602471
0.006406638090604408
0.007092224546058944
0.007668392735662139
0.008076710022199774
0.00828332798574953
0.0082805942458493
0.008085287770798522
0.007734066817107763
0.007277015400597903
0.006770321825377743
0.006269118890391245
0.005821377516115285
0.005463506276277403
0.0052180102837760065
0.00509324854465245
0.005085041090111368
0.0051796506521512185
0.005357522799649643
0.005597125550736607
0.005878283943950799
0.0061845440126591525
0.006504300590003269
0.00683065309947751
0.007160177689872062
0.007490988062607631
0.007820571909721286
0.008143915929522797
0.008452364491851558
0.008733505232819523
0.00897216410595827
0.00915235933543772
0.009259851052392158
0.009284772754207674
0.009223774824799571
0.00908116618452262
0.008868704482034636
0.008603933639291732
0.008307257306958216
0.007998213726643848
0.007691625658495578
0.007394391435205465
0.007103631784961729
0.006806709702495173
0.0064833236195732755
0.006109489183875256
0.005662841147909775
0.0051283783718194635
0.004503606992638472
0.0038020524053448456
0.0030543207273315935
0.002306269392136225
0.0016143351087814783
0.001038581699905173
0.0006344763252318633
0.0004446936324022403
0.0004923209679722493
0.0007766687751853659
0.0012724975464586752
0.0019329176003422804
0.002695594871253762
0.0034913157978203706
0.004253534643808787
0.0049273306301000856
0.0054762830401608
0.005886122928473043
0.006164582814142734
0.006337542241445136
0.006442234952942317
0.006518818773288734
0.006601910062023864
0.006713690283648224
0.0068598964395783744
0.007029459961806156
0.007197858765631128
0.0073335239870347445
0.007406033089594663
0.007394442553566586
0.00729404301446136
0.007120077605419165
0.006907508865867002
0.006706654375794918
0.006575301826540793
0.006568612801774114
0.006728597602297758
0.007075097049261949
0.007600005246671243
0.008265939261823608
0.00900979820007154
0.009750790979403061
0.010401705584490446
0.010881590871055663
0.011127737599220311
0.011104933982713732
0.010810420738785733
0.010273703572214401
0.009551267328592175
0.008717117302999781
0.007850791370861167
0.007024912968884193
0.006294413544632059
0.005689234579902948
0.005211682528042296
0.00483877108621998
0.004528996108449235
0.004232209133810913
0.003900724832308358
0.0034996083788022105
0.003014271015701388
0.0024540186310187413
0.0018509519504161798
0.0012544692461514424
0.0007224187024346225
0.00031054538499640516
6.217253196477181e-05
0.0
0.0001215093389494732
0.0003988102126749977
0.0007829671168531147
0.0012120518035950295
0.001621515557948313
0.001955078509185559
0.002174255317992737
0.0022648852299978588
0.0022395598298458703
0.0021355473159601745
0.002008572774504766
0.0019234990802304468
0.0019434491601581115
0.002119139990637395
0.0024801323699305345
0.003029359640495658
0.0037417494629769215
0.004567093261542579
0.005436659183039036
0.006272491405358472
0.006997973263952489
0.007548100545389995
0.00787802051821494
0.007968709406256392
0.007829123420181461
0.007494685975050068
0.00702248308114521
0.006483957344974279
0.005956166733944801
0.00551278218505263
0.005215940726181921
0.005109874127190903
0.005216939755845366
0.005536340457705078
0.0060454830460516685
