0.0023937210436948716
0.0023962261787296084
0.002395476232227665
0.0023915213118700144
0.0023844191510674633
0.002374234857460795
0.002361040640160222
0.0023449155168026436
0.0023259450015689033
0.0023042207753626344
0.0022798403394070892
0.0022529066535664044
0.00222352776074292
0.002191816398742282
0.00215788960103297
0.0021218682878565613
0.002083876849169293
0.0020440427209143614
0.0020024959561377124
0.0019593687924679675
0.001914795217483443
0.0018689105334860612
0.001821850923193325
0.001773753017845497
0.0017247534692057286
0.0016749885269062904
0.0016245936225642928
0.00157370296205555
0.0015224491272956458
0.0014709626888329793
0.0014193718305097987
0.0013678019873941693
0.0013163754981286426
0.001265211272780404
0.0012144244772130444
0.0011641262349321028
0.0011144233472854925
0.001065418032825996
0.0010172076865666308
0.0009698846597810237
0.0009235360609203712
0.0008782435781363564
0.000834083323815899
0.0007911257014491103
0.0007494352950666615
0.0007090707813972698
0.000670084864810431
0.0006325242350243045
0.0005964295474739814
0.0005618354261516592
0.0005287704886477319
0.0004972573930408669
0.0004673129062059931
0.00043894799303213067
0.00041216792596737565
0.00038697241423643283
0.0003633557520070553
0.0003413069847159561
0.0003208100927022842
0.0003018441912380185
0.00028438374598961386
0.00026839880289434355
0.00025385523138800987
0.00024071497987832583
0.0002289363423203718
0.00021847423471726125
0.00020928048034059721
0.00020130410244156188
0.00019449162320460457
0.00018878736768177142
0.0001841337714367061
0.00018047169062335855
0.0001777407132253396
0.00017587947018776195
0.0001748259451841197
0.0001745177817763521
0.00017489258674652914
0.00017588822840353585
0.0001774431286976012
0.00017949654800933872
0.00018198886151806094
0.0001848618260962452
0.00018805883672306676
0.00019152517145960423
0.00019520822408151635
0.00019905772352141665
0.00020302593933263632
0.0002070678724482783
0.00021114143057423705
0.0002152075876218389
0.00021923052665476613
0.0002231777658955949
0.00022702026740942566
0.00023073252815529374
0.00023429265317016331
0.00023768241072492143
0.0002408872693666883
0.00024389641683658777
0.0002467027609266262
0.00024930291241319596
0.00025169715027767653
0.00025388936949634615
0.0002558870117520757
0.00025770097948881246
0.0002593455337963188
0.00026083817667689533
0.00026219951830747627
0.0002634531299694707
0.00026462538337467526
0.00026574527716838553
0.00026684425144020863
0.0002679559911189327
0.000269116219169899
0.0002703624805514877
0.00027173391792154695
0.00027327104011454326
0.00027501548443602616
0.00027700977384233704
0.00027929707009053653
0.00028192092395598205
0.0002849250236230276
0.0002883529423577671
0.000292247886570701
0.00029665244537164734
0.0003016083427091755
0.00030715619317241323
0.0003133352625142289
0.0003201832339317963
0.00032773598111327293
0.0003360273490281034
0.00034508894340330146
0.00035494992978915405
0.00036563684307532924
0.0003771734082724693
0.00038958037332527433
0.00040287535467097333
0.0004170726962022213
0.0004321833422359904
0.00044821472503030245
0.0004651706673287653
0.00048305130034928035
0.0005018529975679949
0.0005215683245831241
0.0005421860052756906
0.0005636909044159488
0.0005860640267955064
0.000609282532896188
0.0006333197710378341
0.0006581453258786753
0.0006837250830741255
0.0007100213098327711
0.0007369927510426837
0.0007645947405767056
0.0007927793273228461
0.0008214954154251788
0.0008506889181621364
0.000880302924833097
0.0009102778799706748
0.0009405517741456525
0.0009710603455839496
0.001001737291770869
0.001032514490176969
0.0010633222272028035
0.0010940894344061995
0.0011247439310462194
0.0011552126719522647
0.001185421999705267
0.001215297900100543
0.0012447662598487096
0.0012737531254622429
0.0013021849622706651
0.0013299889125071808
0.001357093051413643
0.0013834266403191693
0.0014089203756604363
0.0014335066329285518
0.0014571197045484612
0.001479696030721995
0.0015011744222946687
0.0015214962747392936
0.0015406057723860499
0.0015584500820688054
0.0015749795354010445
0.0015901477989414723
0.00160391203155919
0.001616233028360872
0.0016270753505976023
0.0016364074410266068
0.0016442017242628022
0.0016504346917167539
0.0016550869707788935
0.0016581433779745268
0.0016595929558799875
0.0016594289936569817
0.0016576490311294525
0.0016542548463949075
0.0016492524270298326
0.001642651925016252
0.0016344675955834598
0.0016247177202251316
0.0016134245142171875
0.0016006140190256172
0.0015863159800558095
0.0015705637102553743
0.0015533939401409012
0.0015348466548752281
0.0015149649190753915
0.0014937946900822911
0.0014713846204710325
0.0014477858506256323
0.0014230517922432548
0.0013972379036709982
0.0013704014580125737
0.001342601304972659
0.0013138976274331847
0.0012843516937783785
0.0012540256070036652
0.001222982051657661
0.001191284039676375
0.001158994656174185
0.0011261768062573894
0.0010928929639228604
0.0010592049240968197
0.0010251735588568285
0.0009908585788638872
0.0009563183010111642
0.0009216094232712029
0.0008867868076949052
0.0008519032724829188
0.0008170093940136039
0.0007821533196717117
0.0007473805922781143
0.0007127339868739835
0.0006782533605625889
0.0006439755160585932
0.0006099340795388531
0.0005761593933301008
0.0005426784239080606
0.000509514685619552
0.00047668818047437325
0.00044421535428734
0.0004121090693831857
0.00038037859400826923
0.0003490296085235106
0.00031806422838297985
0.00028748104383230386
0.00025727517619091863
0.00022743835051238209
0.00019795898434772738
0.00016882229226864115
0.00014001040574010735
0.00011150250786653846
8.32749824715409e-05
5.5301576909526774e-05
2.7553577947733384e-05
0.0
