0.0006907031971796688
0.0006313401695087618
0.00057383498836522
0.0005183323043717737
0.00046497369694089696
0.0004138972417052503
0.00036523708548861404
0.00031912303026100175
0.00027568012749824367
0.0002350282843379477
0.00019728188289026578
0.00016254941402356294
0.0001309331269019557
0.00010252869550390637
7.742490329880032e-05
5.570334720186344e-05
3.743816186705436e-05
2.26957653129611e-05
1.1534626808394795e-05
4.005057872563146e-06
1.4902716969364752e-07
0.0
3.582803008167143e-06
1.0913514647451807e-05
2.1999381852281976e-05
3.683876328513386e-05
5.5421099434936356e-05
7.77269097544317e-05
0.0001037278169332299
0.00013338659831203803
0.00016665726435202395
0.00020348516398180708
0.00024380711655353632
0.00028755157004915766
0.0003346387850886889
0.00038498104420437145
0.0004384828857583096
0.0004950413617969287
0.0005545463190535695
0.0006168807022311263
0.0006819208786200824
0.0007495369830338664
0.0008195932819734459
0.0008919485558667346
0.0009664564981658914
0.001042966130027303
0.001121322229245012
0.0012013657720588932
0.0012829343864141345
0.0013658628152086912
0.0014499833880305556
0.0015351264998569355
0.0016211210951630622
0.0017077951558691895
0.0017949761915407691
0.0018824917302485292
0.0019701698084925853
0.0020578394585975207
0.00214533119199379
0.0022324774768146525
0.0023191132082571756
0.002405076170180551
0.002490207486444972
0.0025743520605295157
0.002657359002007747
0.00273908203850497
0.002819379911811017
0.0028981167568770585
0.0029751624624838663
0.003050393012432181
0.0031236908061729484
0.0031949449578660975
0.0032640515729309262
0.003330914001228713
0.003395443066098766
0.0034575572685523128
0.0035171829660142033
0.003574254525090055
0.0036287144479258556
0.0036805134718178663
0.0037296106418226145
0.0037759733562095017
0.0038195773846917153
0.003860406859464489
0.0038984542391728187
0.003933720246023361
0.003966213776346926
0.003995951785008514
0.00402295914415089
0.0040472684768448125
0.004068919966304235
0.00408796114140725
0.004104446639343659
0.004118437946286791
0.004130003117060946
0.004139216474845867
0.004146158292026006
0.004150914453354664
0.004153576102661133
0.004154239274382668
0.004153004511252125
0.004149976469516382
0.004145263513099944
0.004138977298162422
0.004131232349527625
0.004122145630485778
0.004111836107488823
0.004100424311271763
0.004088031895940574
0.004074781197569275
0.0040607947938453865
0.004046195066294148
0.004031103766597637
0.004015641588505325
0.00399992774680775
0.003984079564814954
0.0039682120717462336
0.003952437611397761
0.00393686546340985
0.003921601478406278
0.003906747728224318
0.003892402172396098
0.003878658341980014
0.003865605041775102
0.003853326071882098
0.0038418999695023675
0.003831399771790417
0.003821892800497462
0.0038134404690629456
0.0038060981127280894
0.0037999148421610264
0.003794933420996945
0.0037911901676093845
0.003788714881340669
0.003787530793330697
0.0037876545419943805
0.0037890961731090926
0.0037918591643850653
0.00379594047430385
0.0038013306149233574
0.0038080137482625117
0.0038159678057949863
0.0038251646304996957
0.0038355701408362506
0.0038471445159366804
0.003859842401230585
0.0038736131336498105
0.00388840098549107
0.0039041454259507087
0.003920781399285479
0.003938239618496802
0.00395644687338379
0.00397532635176252
0.003994797972605718
0.004014778729818515
0.004035183045331978
0.004055923130167445
0.004076909352100652
0.004098050608536015
0.004119254703187675
0.004140428725155512
0.004161479428981099
0.004182313614270372
0.004202838503477021
0.004222962116452708
0.004242593640387571
0.004261643793786699
0.004280025183155462
0.004297652651098483
0.0043144436145737056
0.0043303183920839665
0.004345200518634089
0.004359017047330915
0.004371698836557355
0.004383180821708793
0.004393402270540963
0.004402307021242599
0.004409843702413252
0.0044159659341966775
0.0044206325098926184
0.004423807557444549
0.004425460680277662
0.004425567077039673
0.004424107639876813
0.004421069030958183
0.004416443737043195
0.004410230101969
0.004402432337016886
0.004393060509198882
0.004382130507587331
0.00436966398789119
0.004355688295562622
0.004340236367796009
0.004323346614858425
0.004305062781265563
0.004285433787389993
0.004264513552158988
0.004242360797566807
0.0042190388357911356
0.004194615339764915
0.004169162098113008
0.004142754755417696
0.0041154725388278905
0.004087397972073676
0.004058616577990602
0.004029216570696532
0.003999288538597933
0.003968925119431954
0.003938220668575645
0.003907270921873791
0.003876172654252411
0.003845023335395588
0.0038139207837692038
0.003782962820276227
0.003752246922824396
0.003721869883078682
0.0036919274666575965
0.0036625140780145505
0.0036337224312229287
0.003605643227856613
0.00357836484312632
0.0035519730213965906
0.003526550582168585
0.0035021771375703566
0.003478928822348875
0.0034568780373073604
0.0034360932070771687
0.003416638553056317
0.003398573882286381
0.0033819543929767214
0.003366830497319745
0.0033532476621733398
0.003341246268117452
0.0033308614873207147
0.003322123180580743
0.003315055813828365
0.003309678394311889
0.003306004426602763
0.00330404188848921
0.0033037932267494454
0.003305255372721758
0.003308419777514738
0.003313272466628112
0.0033197941136827998
0.0033279601328885756
0.0033377407898090706
0.003349101329917254
0.0033620021243701242
0.0033763988323694113
0.003392242579415799
0.0034094801507077786
0.003428054198883082
0.003447903465250533
0.0034689630136137658
0.003491164475745343
0.003514436307530747
