0.003800586709631764
0.00382632477279548
0.0038456473469931363
0.003858398714315645
0.0038645217008997763
0.003864059355555611
0.003857154872856798
0.003844049749846163
0.0038250801979432896
0.003800671863776393
0.003771332943908606
0.0037376458082149875
0.0037002572744434716
0.003659867701749039
0.0036172190932595655
0.003573082416601701
0.0035282443664348745
0.003483493804128046
0.003439608116556678
0.0033973397384633197
0.0033574030808597994
0.0033204621015783813
0.0032871187434091176
0.003257902450475
0.0032332609548537806
0.0032135525032842395
0.0031990396684880825
0.003189884861646616
0.0031861476323930935
0.003187783810856477
0.003194646513390204
0.003206489000230438
0.0032229693400520065
0.0032436568038253645
0.0032680398791112594
0.0032955357665255384
0.003325501193096473
0.003357244353110634
0.0033900377662392017
0.0034231318256344573
0.0034557687955997997
0.003487197009608691
0.0035166850150449417
0.00354353541114663
0.0035670981312660565
0.0035867829296348692
0.003602070846194384
0.003612524440486155
0.003617796606794979
0.003617637807325862
0.0036119015877473476
0.0036005482694624028
0.003583646744946003
0.003561374335852186
0.003534014707753462
0.0035019538697283964
0.003465674320951004
0.0034257474393571945
0.003382824238785168
0.003337624650152301
0.003290925508722567
0.003243547452864133
0.0031963409594804254
0.0031501717571658476
0.0031059058698046597
0.0030643945505874318
0.003026459369130702
0.002992877712498812
0.002964368954470036
0.0029415815364704206
0.002925081188404761
0.0029153404984071096
0.002912730017645554
0.00291751106014516
0.0029298303285940058
0.002949716465774802
0.0029770785981642137
0.003011706903940319
0.0030532752027332202
0.0031013455295527967
0.003155374621038828
0.0032147222090990538
0.0032786609857060156
0.0033463880736575658
0.0034170378119721917
0.003489695641742064
0.0035634128590997676
0.0036372219868005054
0.003710152505040977
0.003781246675715867
0.003849575192461302
0.0039142523915807696
0.003974450766241941
0.004029414538042477
0.004078472055962899
0.004121046812575581
0.004156666890813946
0.0041849726812163215
0.004205722738882024
0.004218797680903762
0.004224202058224784
0.0042220641701374885
0.004212633824401646
0.0041962780806170325
0.004173475048442316
0.004144805844928772
0.004110944846076424
0.004072648396198135
0.004030742164312255
0.003986107359146459
0.003939666033051306
0.0038923657198835287
0.0038451636624869667
0.0037990108916074704
0.003754836419837015
0.003713531811478756
0.003675936382122798
0.0036428232703616253
0.0036148866086669743
0.003592730001277209
0.003576856494350958
0.003567660198030561
0.003565419691879695
0.0035702933149071646
0.0035823164095898606
0.0036014005565131574
0.0036273348030206464
0.0036597888561762867
0.003698318177953264
0.0037423708894227577
0.0037912963613449813
0.003844355341452472
0.0039007314443087605
0.003959543808320367
0.004019860706617786
0.004080713884380142
0.00414111338497135
0.004200062621126346
0.004256573445445542
0.0043096809766246125
0.00435845794409229
0.0044020283239101085
0.004439580052696024
0.004470376623697726
0.004493767389632844
0.004509196420152433
0.004516209787347484
0.004514461180145766
0.004503715777249992
0.004483852337941073
0.004454863500094703
0.004416854304617518
0.004370038994690257
0.004314736166216905
0.004251362372252413
0.004180424308483703
0.004102509728674948
0.004018277258012947
0.003928445288207711
0.0038337801507816755
0.0037350837740427393
0.0036331810346705404
0.0035289070166050125
0.0034230943880294265
0.0033165611017687705
0.003210098615522086
0.003104460816216326
0.003000353817665188
0.002898426782945126
0.0027992639028098145
0.002703377639438421
0.002611203321265772
0.0025230951500083212
0.002439323655726837
0.002360074610308068
0.0022854493845532323
0.002215466709570069
0.0021500657797972654
0.0020891106131396085
0.0020323955637201892
0.001979651864984601
0.0019305550655995477
0.0018847332080038992
0.0018417755897714855
0.0018012419412541437
0.0017626718493583544
0.0017255942567781471
0.001689536868516584
0.001654035302977028
0.0016186418331429289
0.0015829335741909085
0.0015465199870534647
0.0015090495826823346
0.0014702157287470102
0.0014297614788927886
0.0013874833641186214
0.001343234105941295
0.0012969242314097885
0.0012485225903423897
0.001198055795008811
0.0011456066215143226
0.0010913114300286691
0.00103535667743208
0.0009779746106500242
0.0009194382416801777
0.0008600557158834499
0.0008001641933642876
0.0007401233690979333
0.0006803087608160713
0.0006211048945272898
0.0005628985159618479
0.000506071952274533
0.00045099674214122863
0.0003980276441108415
0.0003474971229277613
0.00029971040175603026
0.0002549411550773562
0.00021342790278403327
0.00017537115094438688
0.00014093130919079055
0.00011022739898095555
8.333655142111823e-05
6.0294278215740175e-05
4.109548490827033e-05
2.569618216753059e-05
1.401583869617114e-05
5.940308603004547e-06
1.3252569699842912e-06
0.0
1.7716706593863367e-06
6.429617194248036e-06
1.3749940328291327e-05
2.350007532637543e-05
3.544332737893084e-05
4.934327283565064e-05
6.496794456604515e-05
8.209372699056854e-05
0.0001005088949225779
0.00012001674007695298
0.00014043823970621375
0.00016161423307441483
0.0001834070831202429
0.00020570181243588764
0.0002284067143430513
0.0002514534511330849
0.00027479666221956337
0.00029841311480938723
0.00032230043853556526
0.0003464754931393364
0.000370972424597446
0.00039584046995079676
0.0004211415744245473
0.00044694788619327507
0.00047333919432981757
0.0005004003741096129
0.0005282189009844463
