0.0005076605602937159
0.0005582452220450106
0.0006134291610126378
0.0006721953080122547
0.0007334845252669283
0.000796212968964153
0.0008592896795376877
0.0009216341128689312
0.0009821933288462529
0.001039958561631399
0.001093980908396942
0.001143385889979615
0.0011873866575328328
0.001225295643484166
0.00125653448247836
0.0012806420580313773
0.001297280562811704
0.0013062394942446182
0.0013074375419231568
0.0013009223585128248
0.0012868682408596018
0.0012655717822638041
0.0012374455897946313
0.0012030101915475413
0.001162884287381176
0.0011177735224491387
0.001068457985353845
0.0010157786516433037
0.0009606230083600037
0.0009039101062165174
0.000846575292569673
0.0007895548806234037
0.0007337710082139449
0.0006801169331987259
0.0006294430020332647
0.0005825435137993431
0.0005401446840282511
0.0005028938914899627
0.0004713503670909156
0.00044597745758327733
0.00042713656841848583
0.00041508286028764613
0.0004099627432107798
0.00041181318100620663
0.0004205627881311982
0.00043603467076774725
0.00045795093514681935
0.0004859387589482043
0.0005195378966330013
0.0005582094671712099
0.0006013458531773737
0.0006482815242667776
0.0006983045847369768
0.0007506688366437501
0.0008046061440897326
0.0008593388831222629
0.0009140922640207025
0.0009681063188514717
0.0010206473568250924
0.0010710187029859485
0.0011185705518272134
0.0011627087862237735
0.0012029026332428952
0.0012386910515153325
0.0012696877694876058
0.0012955849195658065
0.00131615523942524
0.0013312528381161618
0.0013408125505649574
0.0013448479291859792
0.0013434479451358175
0.0013367724938416945
0.0013250468194371987
0.0013085549903023258
0.0012876325727398737
0.0012626586616881679
0.0012340474360900836
0.0012022394119886263
0.0011676925685399125
0.0011308735209272962
0.0010922489096887728
0.0010522771683566757
0.0010114008207342746
0.0009700394458309713
0.0009285834327283945
0.000887388629777872
0.0008467719728967913
0.0008070081567276274
0.0007683273904616572
0.0007309142576365803
0.0006949076766266165
0.0006604019362868262
0.0006274487597118164
0.0005960603287271803
0.0005662131829287942
0.000537852890168235
0.0005108993706611001
0.00048525274463483034
0.00046079956385116207
0.0004374192806009374
0.0004149908039863485
0.0003933989925319478
0.00037254093439761764
0.0003523318716442568
0.00033271063301074577
0.00031364445033038243
0.0002951330468284137
0.0002772119008363121
0.00025995460562972135
0.0002434742648078455
0.00022792388251714985
0.00021349572849526852
0.0002004196789722465
0.0001889605555097845
0.00017941450448093383
0.00017210447969754857
0.00016737490930220577
0.00016558564510018464
0.00016710530769043928
0.0001723041537733328
0.00018154660261940456
0.0001951835666760008
0.00021354473651429327
0.0002369309726782874
0.00026560695644276927
0.0002997942480274518
0.00033966489451197116
0.0003853357206663251
0.00043686342432028855
0.0004942405839567838
0.0005573926701857393
0.0006261761349323133
0.0007003776328858579
0.0007797144093593716
0.0008638358675801067
0.0009523263069598923
0.0010447088024746034
0.0011404501743108072
0.0012389669767998296
0.0013396324167266596
0.0014417840937209633
0.0015447324399305048
0.001647769722828226
0.0017501794640591385
0.0018512461188936106
0.0019502648552734256
0.002046551268719966
0.0021394508695712776
0.0022283481821250813
0.0023126753012336354
0.002391919760617315
0.002465631578481259
0.0025334293597302597
0.002595005349936186
0.0026501293539349844
0.002698651451199873
0.002740503460609018
0.002775699128534275
0.002804333035942747
0.0028265782420375577
0.0028426827034810044
0.0028529645290610852
0.0028578061494139205
0.002857647499752688
0.0028529783301570904
0.002844329772557664
0.002832265305854117
0.0028173712704265557
0.0028002470904676126
0.0027814953669650596
0.0027617120057314786
0.00274147654359322
0.0027213428317504258
0.0027018302284873962
0.0026834154439817
0.002666525168109531
0.0026515295980951824
0.0026387369668630424
0.0026283891553137515
0.0026206584527818724
0.0026156455099827143
0.0026133785081779745
0.002613813547450303
0.0026168362362441826
0.0026222644440691777
0.002629852159825317
0.002639294379934993
0.002650232933664893
0.002662263137979319
0.002674941161233617
0.002687791964206449
0.00270031767855335
0.0027120062768689734
0.002722340385251788
0.002730806088606737
0.0027369015808837794
0.002740145516972139
0.002740084929944654
0.002736302586623654
0.0027284236658292266
0.00271612165694579
0.0026991233913453683
0.0026772131354502954
0.0026502356914975705
0.0026180984700593314
0.002580772516746803
0.002538292493943234
0.0024907556365422177
0.0024383197181873334
0.002381200081108751
0.0023196657980431084
0.002254035048641786
0.0021846698049863738
0.002111969931139758
0.002036366809905099
0.0019583166160218723
0.0018782933588185565
0.001796781818828788
0.0017142705020690265
0.0016312447326204266
0.0015481799989463401
0.001465535662139986
0.0013837491252008472
0.001303230551682227
0.0012243582098645492
0.0011474745052414692
0.0010728827498299282
0.00100084470191632
0.000931578894621853
0.0008652597564072876
0.0008020175116330839
0.0007419388348293988
0.0006850682186819627
0.0006314100031549586
0.0005809310018780747
0.0005335636521215088
0.0004892096065372657
0.00044774367849164195
0.0004090180483489978
0.0003728666355495657
0.00033910954077414983
0.0003075574638865904
0.00027801600663391864
0.0002502897741697629
0.00022418619622003254
0.00019951899697089124
0.0001761112523387357
0.00015379798396666596
0.00013242825084933357
0.00011186671166894889
9.199464347155921e-05
7.271041496085401e-05
5.392942517326029e-05
3.558353036566312e-05
1.761999334843657e-05
0.0
