0.0007783631426578628
0.0006585467171792503
0.0005954279032946786
0.0006080864335155992
0.0007184714951672631
0.000945579576663903
0.0012993991806937535
0.0017758738699059804
0.002353980339271942
0.0029956504559928614
0.003648753671226851
0.00425279473678699
0.00474647637432047
0.005075921765737906
0.005202213121985562
0.005107004922421294
0.004795293327625272
0.004294905641685472
0.00365282580664394
0.0029289927926427414
0.0021886054211286434
0.0014941719144254332
0.0008985249426131476
0.00043979477837807323
0.00013894451252679726
0.0
1.2643155519077333e-05
0.0001564647143647395
0.0004059545533601685
0.0007352745799457426
0.0011220046487228508
0.0015493357304049524
0.0020065421123081927
0.002487920840826177
0.0029906719897390055
0.0035123563728957415
0.004048584692201346
0.004591471668897931
0.005129166169495176
0.005646498423271062
0.006126529422572898
0.0065526000980129315
0.006910395478628144
0.007189573372055201
0.007384643278230386
0.0074949823026320625
0.007524090629085982
0.007478367944817955
0.007365792446419412
0.007194883303310355
0.006974227336991206
0.006712676214530082
0.0064201142843140074
0.006108509859941597
0.0057928413364501255
0.005491466845680501
0.005225593211919772
0.005017682953743214
0.004888880841159716
0.004855792876689122
0.004927154993028855
0.005101038169889451
0.005363220889131253
0.005687213475965911
0.006036163160610491
0.006366547922265139
0.0066332402995590446
0.00679525154241151
0.006821304905694409
0.00669436816517462
0.006414406911478332
0.0059988813185491985
0.005480855334322232
0.004904958502461704
0.0043217726421653545
0.0037814520109420735
0.0033274881441792063
0.002991485845365571
0.0027896377550079596
0.002721307523380132
0.002769807157596847
0.002905138992918474
0.00308821770568521
0.003275928940272749
0.003426334295735317
0.0035033919172929922
0.003480703664772177
0.0033439878654181092
0.0030921717299315873
0.0027371654246675973
0.0023024980113191033
0.0018210564932687572
0.001332180226319295
0.0008783419948348034
0.0005016168099025884
0.0002401203162463979
0.00012460262215668698
0.00017541051236268524
0.00040006936398414867
0.0007917647359327222
0.0013289985813714168
0.0019766364993221686
0.0026884413403709165
0.0034110110163526794
0.004088827013292481
0.004669910678531113
0.005111419469280856
0.005384435600939882
0.005477234139455032
0.005396476626673332
0.005166046401890763
0.004823586240584837
0.004415163035428785
0.003988804454245912
0.00358786824684609
0.003245270504763008
0.0029794937926271767
0.0027930289646760295
0.0026735150604030736
0.0025973935310864837
0.002535463140255029
0.0024593867338019958
0.002348022595062412
0.0021924666996537986
0.0019988995749741414
0.0017886995939277676
0.001595750972269572
0.0014613586631437407
0.0014275990117840966
0.0015302111552096412
0.0017922212047113781
0.002219374270524554
0.002798149577580903
0.0034967045882833697
0.004268610703801909
0.005058789607531586
0.005810712643501718
0.00647374228822542
0.0070095011721763145
0.007396342679368234
0.007631328872155154
0.007729534025915029
0.007720911941126901
0.007645321524481521
0.0075465421985894225
0.007466197234646171
0.0074384364403258865
0.007486034332221555
0.007618281319424516
0.007830739678271855
0.008106658804711979
0.008419639958005298
0.008737035444878678
0.009023565036680201
0.009244716913243672
0.009369639997767406
0.00937339057007884
0.009238531816746394
0.008956173534401288
0.0085265684419183
0.007959355675395477
0.007273479207581363
0.006496735899108188
0.005664852872944975
0.00481997945451668
0.004008516354465774
0.0032782914084604695
0.002675210932008568
0.0022396427988783728
0.002002892146900759
0.0019841866088929215
0.0021885777130402524
0.0026060842860964007
0.0032122622773826915
0.0039702056412212194
0.0048337947134860495
0.005751843419745148
0.006672681482416229
0.007548659605252178
0.008340088884862679
0.009018212313330479
0.009566938091392956
0.009983217991385032
0.010276105399273563
0.010464657646684125
0.01057494416957471
0.01063648274289081
0.010678454427617676
0.010726051669432447
0.01079730088031941
0.010900674979870318
0.011033771549492803
0.011183272210791153
0.011326309944092929
0.011433246601056615
0.011471702846211733
0.011411497764450582
0.01122996805910852
0.010916980155508729
0.010478860823328572
0.009940488629526886
0.009344933270801412
0.008750306061627598
0.00822387045447003
0.007833908103643497
0.007640274086043386
0.007684924078756549
0.007983879734090009
0.008522058698715303
0.009252108630377637
0.010097868752102671
0.010962401056607122
0.01173978719012585
0.012329200289694434
0.012649259775038649
0.012650466268846288
0.012323655699087683
0.011702910481302928
0.010862162132529402
0.009905696708006957
0.008953774609855678
0.008125427705972344
0.007521043467359703
0.007207477560638597
0.007208110709916657
0.0074995197703909
0.008015380501863716
0.008657033533983654
0.009309028885855726
0.009857116011832487
0.010205721668265083
0.010292041028644242
0.01009445292008149
0.009633961079351338
0.008968587274444034
0.008181880385835226
0.007367732932827255
0.006614323113127164
0.005990107679702748
0.005534355509990916
0.005253811559216083
0.005125882752648887
0.005107466813951075
0.0051474447074856
0.005200141127932991
0.005236868852523473
0.005253056091987703
0.0052693457068580035
0.005326286150077382
0.0054735710831822
0.005755966340270432
0.006198851399417696
0.006796529986682016
0.0075060674235703905
0.008248446733550503
0.008917469126155528
