0.007030642012475502
0.0073674074972620435
0.007666656815365183
0.00794257503065941
0.008218421083133273
0.00852051562149446
0.008871312987329752
0.009282993549536206
0.009752951427010229
0.01026221244497122
0.010777258444935031
0.011255062286299376
0.011650483586900162
0.011924668759221695
0.012052844476522709
0.01202994839682808
0.011872902335690255
0.011618938397355696
0.01132012596062159
0.011034976783647987
0.010818585446852384
0.010713077798737737
0.010740125109812721
0.010896933202489634
0.011156495201261895
0.011472118380348402
0.01178544630403727
0.012036547250857876
0.012174253678705737
0.012164890386932796
0.011997831529417406
0.01168692201005907
0.011267573726016479
0.01079015337592025
0.01031096159685593
0.009882532241955056
0.009545074126769523
0.009320619298612158
0.00921088414043485
0.009199103192392219
0.009255308078037643
0.009343850871027782
0.00943154543980474
0.009494705616495298
0.0095236136473759
0.009523505005076139
0.009511895375123881
0.009512853660507872
0.009549483777130994
0.00963628305164234
0.00977311095031352
0.009942210345863838
0.010109127449118767
0.010227590255236297
0.010247582813255253
0.01012515744322718
0.009832100443043496
0.009363499739308756
0.008741577478039709
0.008014794923923211
0.007252094655404508
0.006533056305518399
0.005935534638272231
0.005522870353796547
0.005332911867535382
0.005370826924016551
0.005607058893687084
0.00598090495453925
0.006409220742013247
0.00679886505550096
0.0070608502945686885
0.007123875697123158
0.006945040786341038
0.006516040023476538
0.005863931090003573
0.0050465019397403065
0.00414316608312607
0.0032430305810663427
0.0024321845267443534
0.0017822853904914636
0.0013421849877790683
0.0011337114939926913
0.0011519352624773903
0.0013694461353929346
0.0017435063947706855
0.002224532453427561
0.002764262852900731
0.0033221900423155617
0.0038693079752133886
0.004388849423221552
0.004874324928411685
0.005325701327774545
0.005744871888684385
0.006131619580643726
0.006481063250131778
0.006783160310265285
0.007024316010684304
0.0071906344969854125
0.007271951450563387
0.00726559480819389
0.007178867062946346
0.007029516604178722
0.006843905353415275
0.00665309020986315
0.006487507207193775
0.0063712794284811495
0.006317291939710362
0.006324062628539249
0.006375109365034315
0.006441037920067224
0.006484048208258899
0.006464085256822815
0.006345540497597493
0.0061033020418035065
0.005727079246068828
0.005223259523536654
0.004614025291243887
0.003933970893994249
0.00322491124316174
0.002529877830189162
0.0018873976500855226
0.0013270330921927014
0.0008668573894283051
0.0005131194295429518
0.0002619045692000728
0.00010221832495113398
1.9684263457254124e-05
0.0
3.143818443649294e-05
0.000105973461469561
0.00021898997434451062
0.00036788895774691674
0.0005501873420862124
0.0007618129895121655
0.0009962331532761722
0.0012448153023761153
0.0014984683441770855
0.0017502301135179452
0.001998146273312711
0.0022476083399474807
0.0025123368648025486
0.0028134200482303807
0.003176212023165929
0.0036253819255624643
0.004178882069545866
0.004841963591067261
0.005602521325307149
0.0064289450097114315
0.007271290779152366
0.008066018974747898
0.008743871096299982
0.009239807944705193
0.009503433978474763
0.009508098482106167
0.009256955780157375
0.008784687738026029
0.008154281811363517
0.007449101774355761
0.00676133588996345
0.006178601078410929
0.0057708862691635355
0.00558004705209133
0.005613697253025854
0.0058446340876723716
0.006215999957434705
0.006651388344949302
0.007068221927889806
0.007392129277429699
0.007569836565558344
0.007578317765111217
0.007428577551183565
0.007163368522912281
0.006849206376690642
0.006564054985743016
0.00638282747937538
0.006363249516025132
0.006534583435056666
0.006891223218263785
0.007392325623310452
0.007967591690155986
0.008528241201315529
0.008981320084230984
0.009244905935449193
0.009261629466298126
0.00900823272135946
0.008499581214312761
0.007786510244119402
0.006947943313048132
0.006078685988574005
0.005275004060610319
0.004620421566621212
0.004174072557413823
0.0039634376059969004
0.0039824898067729935
0.004195314760988392
0.004544327938518943
0.004961456202882068
0.005380206328260159
0.005746480919705336
0.006026320109953496
0.006209376637470487
0.006307749666434755
0.006350656229876237
0.006376154069009594
0.0064216177483266395
0.006514831638265389
0.006667380477677752
0.006871535331706466
0.007101147153432984
0.0073163026095566346
0.007470806866419777
0.007521058442058868
0.0074346564403637615
0.007197162592444781
0.006815805264830242
0.006319485587630026
0.005755117746583058
0.0051809827902595295
0.004658283103483189
0.004242366941307132
0.003975106319758859
0.0038796636944838587
0.003958426185703183
0.004194308816082194
0.004555036720410952
0.0049995155845937115
0.0054850747419663256
0.005974269215609243
0.00644006446822179
0.006868567796800901
0.007258945878202527
0.0076206903882871085
0.007968869429183272
0.00831834983643535
0.008678137779546603
0.009046940019238843
0.009410809970716161
0.009743358290022923
0.010008547379850605
0.010165633815518067
0.010175449422731894
0.01000698133687218
0.009643158616772105
0.009084881951703155
0.008352617635512045
0.00748526661149977
0.006536448004109475
0.005568734151762695
0.004646678226141884
0.003829640773194328
0.0031654264005412176
0.0026855910389255136
0.0024030028110784444
0.00231188348930043
0.002390181318741614
0.0026037891053138132
