0.0
2.7511808233862027e-05
5.607774709589738e-05
8.563840491132698e-05
0.00011613220793588999
0.0001474956966507758
0.0001796638057415742
0.00021257014659432406
0.00024614729114105804
0.00028032705589109874
0.0003150407849928685
0.00035021963118390714
0.00038579483350423217
0.00042169799066991216
0.00045786132902973407
0.0004942179640579859
0.0005307021543704455
0.0005672495472886607
0.0006037974150191764
0.000640284880559486
0.0006766531324908619
0.0007128456278697125
0.0007488082824834526
0.0007844896477938732
0.0008198410739504141
0.0008548168583172861
0.0008893743790218823
0.0009234742130970394
0.000957080238856211
0.0009901597222082524
0.0010226833866869634
0.0010546254670395778
0.0010859637462877017
0.0011166795762435197
0.0011467578815331611
0.0011761871472476223
0.0012049593904093607
0.001233070115509284
0.0012605182544341382
0.0012873060911680015
0.0013134391717133686
0.001338926199737097
0.0013637789185038597
0.0013880119797146373
0.0014116427999198572
0.0014346914052259627
0.0014571802650601535
0.001479134115800742
0.0015005797751197242
0.00152154594791973
0.001542063024779305
0.0015621628738483567
0.0015818786271595477
0.0016012444623412188
0.0016202953807331907
0.0016390669829182366
0.0016575952426893896
0.0016759162804762021
0.0016940661372519478
0.0017120805499382637
0.001729994729314128
0.0017478431414222578
0.0017656592934481492
0.0017834755250251103
0.001801322805892831
0.0018192305408074828
0.001837226382568087
0.0018553360539871199
0.0018735831795931954
0.0018919891278103493
0.001910572864312077
0.001929350817199138
0.0019483367545983536
0.0019675416752254135
0.0019869737123984045
0.0020066380519304125
0.0020265368642695776
0.0020466692511935235
0.002067031207302383
0.0020876155964910754
0.0021084121435171487
0.0021294074407158196
0.0021505849698489235
0.0021719251390097507
0.002193405334441318
0.002214999987061864
0.0022366806534284875
0.002258416110808097
0.0022801724659645556
0.0023019132772121647
0.0023235996892289014
0.0023451905800680765
0.002366642719754786
0.0023879109398037114
0.0024089483129477673
0.002429706342323053
0.002450135159314513
0.0024701837292290954
0.0024898000639289155
0.0025089314405262876
0.0025275246252155475
0.002545526101293435
0.002562882300400617
0.0025795398360016833
0.0025954457381097973
0.0026105476882550996
0.0026247942536930537
0.0026381351198501183
0.0026505213200094884
0.0026619054612491448
0.0026722419456580025
0.002681487185873579
0.002689599814006129
0.002696540883039708
0.002702274059829815
0.0027067658088501577
0.002709985565877571
0.0027119059008438944
0.0027125026691266776
0.00271175515059673
0.0027096461757894824
0.002706162238618835
0.002701293595106299
0.0026950343476546323
0.0026873825144536484
0.0026783400836660498
0.0026679130521029878
0.002656111448162109
0.0026429493388650262
0.0026284448208960566
0.002612619995609633
0.0025955009280394514
0.002577117590008247
0.0025575037875025615
0.00253669707254183
0.0025147386398353235
0.002491673208583577
0.0024675488898428183
0.0024424170399311215
0.002416332100413517
0.002389351425259703
0.0023615350958221437
0.002332945724334006
0.0023036482466753335
0.0022737097052018575
0.0022431990224738305
0.0022121867667618637
0.002180744910242961
0.00214894658083259
0.0021168658086273854
0.002084577267958192
0.0020521560160740885
0.0020196772294950277
0.001987215939083526
0.001954846764894443
0.0019226436518662538
0.001890679607417279
0.0018590264420061395
0.0018277545137072107
0.0017969324778390923
0.0017666270426671478
0.0017369027321800347
0.0017078216569149224
0.0016794432937768922
0.001651824275764892
0.0016250181924797337
0.001599075402249149
0.0015740428566608476
0.0015499639382473124
0.0015268783120155301
0.0015048217914615074
0.0014838262196532916
0.0014639193659075123
0.0014451248385235896
0.001427462013976613
0.0014109459829051436
0.0013955875131637541
0.0013813930301423754
0.0013683646144857836
0.0013565000172770124
0.0013457926926783996
0.0013362318479537942
0.0013278025107250982
0.0013204856132465698
0.0013142580934109274
0.0013090930121329575
0.0013049596866890455
0.0013018238395252663
0.0012996477619825139
0.0012983904923250028
0.0012980080073984462
0.0012984534271867421
0.001299677231481099
0.001301627487823601
0.0013042500898383864
0.0013074890050180739
0.0013112865309911324
0.001315583559257523
0.0013203198453455296
0.0013254342843122412
0.0013308651904838087
0.0013365505803095868
0.0013424284571865424
0.0013484370970970462
0.001354515333894466
0.0013606028430667156
0.0013666404228084197
0.001372570271237308
0.0013783362586000806
0.0013838841933272933
0.0013891620808154548
0.0013941203738379153
0.0013987122135137406
0.001402893659795806
0.0014066239104756281
0.0014098655077427404
0.001412584531380773
0.0014147507777304974
0.0014163379236018182
0.001417323674371911
0.0014176898955651526
0.0014174227272718948
0.0014165126808275124
0.0014149547172398872
0.0014127483069227933
0.00140989747036375
0.0014064107994280642
0.0014023014590752625
0.0013975871693399937
0.0013922901675061535
0.0013864371504805468
0.0013800591974500577
0.0013731916729843169
0.0013658741108234134
0.0013581500786673788
0.0013500670243604823
0.0013416761039385533
0.0013330319920813716
0.0013241926755842186
0.0013152192305328498
0.0013061755839339554
0.0012971282606185533
0.0012881461162983165
0.0012793000577143159
0.0012706627508739512
0.0012623083184246109
0.0012543120272615553
0.0012467499675127053
0.0012396987240840388
0.0012332350419859493
0.0012274354866932992
0.0012223761008195834
0.0012181320584086133
0.001214777318165408
0.0012123842769611922
0.0012110234249558135
