0.0007531331209584951
0.000770872472722595
0.0007873381481165735
0.0008025777616182423
0.0008166413378429632
0.0008295810483906973
0.0008414509443426409
0.0008523066854867372
0.0008622052673557058
0.0008712047471614986
0.0008793639697061955
0.0008867422943413786
0.0008933993240360122
0.000899394637596854
0.0009047875260655302
0.000909636734292713
0.0009140002086624173
0.0009179348519084683
0.0009214962859307634
0.0009247386234812235
0.0009277142495484688
0.0009304736132264195
0.0009330650308054074
0.0009355345007751638
0.0009379255313774284
0.0009402789812921401
0.0009426329139853706
0.0009450224661896607
0.0009474797309283625
0.000950033655435265
0.000952709954259401
0.0009555310377827525
0.0009585159563158175
0.0009616803598729459
0.0009650364736662024
0.0009685930892935561
0.0009723555715346419
0.0009763258806054478
0.0009805026096622684
0.000984881037285416
0.0009894531946146282
0.0009942079467511983
0.0009991310879866832
0.0010042054503649144
0.0010094110250330678
0.001014725095789004
0.001020122384186086
0.0010255752055134506
0.0010310536349293351
0.0010365256829877692
0.0010419574797648052
0.001047313466759639
0.0010525565957185596
0.0010576485335057296
0.001062549872124516
0.0010672203429763682
0.0010716190344313048
0.0010757046117748294
0.0010794355385906295
0.0010827702986367467
0.0010856676172749504
0.0010880866815189093
0.0010899873577762654
0.0010913304063729253
0.0010920776919646636
0.001092192388961453
0.0010916391811136704
0.0010903844544363698
0.001088396482678084
0.001085645604573956
0.0010821043921592306
0.0010777478094582287
0.0010725533609055222
0.0010665012289001838
0.0010595743999402994
0.0010517587788333826
0.0010430432905286092
0.0010334199691687728
0.00102288403401325
0.0010114339519379416
0.000999071486273806
0.0009858017318020696
0.0009716331357812237
0.000956577504938266
0.0009406499984141355
0.0009238691067105987
0.0009062566167428855
0.0008878375631587165
0.0008686401661400729
0.0008486957559585422
0.0008280386846085216
0.0008067062248944077
0.0007847384573981725
0.000762178145802141
0.0007390706010881401
0.0007154635351783323
0.0006914069046248259
0.0006669527449943327
0.0006421549966306579
0.0006170693225114616
0.0005917529189463913
0.0005662643198913246
0.0005406631956777688
0.0005150101469776798
0.0004893664948416039
0.0004637940676624206
0.00043835498592777476
0.0004131114456315938
0.0003881255012188642
0.0003634588489380602
0.00033917261147228865
0.00031532712471337397
0.000291981727532747
0.00026919455538923455
0.0002470223385966665
0.00022552020605372047
0.00020474149521475536
0.00018473756905352078
0.00016555764074183517
0.00014724860673255617
0.0001298548889007625
0.00011341828635892892
9.797783752141356e-05
8.356969295075182e-05
7.022699947336508e-05
5.797979600547361e-05
4.685492148146056e-05
3.687593522684715e-05
2.8063050066658005e-05
2.043307840741748e-05
1.3999391477608739e-05
8.771891857311663e-06
4.756999373168062e-06
1.9576503799907706e-06
3.7331039549784277e-07
0.0
8.303338586501479e-07
2.853572670259881e-06
6.055687793976811e-06
1.0419438253430843e-05
1.592445976759092e-05
2.2547365408646442e-05
3.0261857440027983e-05
3.903884984229574e-05
4.8846600991349446e-05
5.965085591230941e-05
7.141499749376392e-05
8.410020601091689e-05
9.766562627277388e-05
0.00011206854167786062
0.00012726455443533936
0.0001432077711838424
0.00015985099321884775
0.0001771459105213739
0.0001950432987658482
0.0002134932184736363
0.00023244521547067425
0.00025184852180314805
0.0002716522562640997
0.0002918056236863184
0.0003122581121627996
0.0003329596873654714
0.0003538609831456997
0.000374913487616332
0.0003960697239345254
0.00041728342502736244
0.0004385097015281993
0.0004597052022205806
0.0004808282663184738
0.0005018390669462009
0.0005226997452188296
0.0005433745343635544
0.000563829873364884
0.0005840345096607103
0.0006039595904628434
0.0006235787423236705
0.0006428681386205029
0.0006618065546803733
0.000680375410320524
0.0006985587996332596
0.0007163435078981539
0.0007337190155593174
0.0007506774892607037
0.0007672137599876398
0.000783325288417996
0.0007990121176412541
0.0008142768134580205
0.0008291243925261122
0.000843562238671821
0.0008576000077363556
0.000871249521377334
0.0008845246502935048
0.0008974411873873451
0.0009100167114246119
0.0009222704417921898
0.000934223084995436
0.000945896673573518
0.0009573143981459068
0.0009685004333348926
0.0009794797583377807
0.0009902779729481237
0.0010009211098476983
0.001011435444010147
0.0010218473000727917
0.001032182858545426
0.0010424679617335123
0.0010527279202582913
0.001062987321057745
0.0010732698377502264
0.001083598044236628
0.0010939932324076152
0.00110447523480927
0.0011150622531039445
0.0011257706931429115
0.0011366150074438317
0.0011476075458391399
0.0011587584150311644
0.001170075347756513
0.0011815635822258078
0.0011932257524655749
0.0012050617901470254
0.0012170688384418936
0.0012292411783983133
0.0012415701682805666
0.001254044196264986
0.0012666486468312387
0.0012793658811331892
0.0012921752315773142
0.001305053010778986
0.0013179725350084828
0.0013309041621791372
0.0013438153443702473
0.0013566706948171092
0.0013694320692403375
0.0013820586613264745
0.0013945071121122896
0.0014067316329660325
0.0014186841418008282
0.001430314412098272
0.0014415702342646711
0.0014523975887881008
0.0014627408306122631
0.0014725428840926388
0.0014817454478523678
0.0014902892088095392
0.001498114064604435
0.0015051593536149406
0.0015113640917109104
0.0015166672148640016
0.0015210078266984675
0.0015243254500407653
0.0015265602815017114
0.0015276534481044766
0.0015275472649549033
0.0015261854929377848
0.001523513595413587
