0.006409828321056105
0.005843639862676872
0.005337320166271215
0.004970531587845615
0.004810911639097014
0.00490097259589815
0.005248717152852695
0.005823798617522371
0.006560102944622136
0.007364500149362522
0.008130408936356855
0.008753942649357466
0.00914991862295547
0.009265008121895195
0.009085784232418969
0.008640305813095247
0.007992999333360822
0.00723376532128171
0.006463233137737594
0.0057767387413424015
0.005249790130580059
0.004927483239315747
0.004819595200210274
0.0049020478713858095
0.005124290672608139
0.005421104348466654
0.005726562930436106
0.005987543462800717
0.006174298972755524
0.0062861808424996835
0.006351503876372374
0.006421623861400674
0.006560348360314561
0.006830639495225458
0.007281046220457527
0.007934343108982042
0.00878045247961287
0.009774964206151478
0.010843582780027275
0.01189180054750386
0.01281820029702291
0.013529182718319023
0.013952694034221155
0.014048725813815445
0.013814929039451503
0.01328652101020036
0.01253061691163274
0.011636022708860149
0.010700230925177343
0.009815753681148953
0.009057953119128565
0.008476197508444028
0.008089551652528412
0.007887418265185412
0.007834722453175319
0.007880513326147255
0.007968359759099335
0.008046713602673002
0.008077522649286071
0.008041763594262934
0.007941153396659923
0.007795977867973479
0.007639631367713433
0.007510984018702757
0.007446003426736768
0.007470116325785493
0.007592605326817819
0.007803940996320613
0.008076424747630977
0.008367955353723802
0.008628224242007064
0.008806271188748833
0.008858146028748376
0.008753444416319126
0.008479703511848196
0.008044013862030627
0.0074716623245993305
0.00680209285364765
0.006082883963418539
0.005362732746035985
0.004684565213034376
0.004079846878761877
0.0035649578867026155
0.003140159277077393
0.0027912645713626056
0.0024937065961087674
0.0022183166757516904
0.0019378668237334945
0.0016333042404131281
0.0012986490162292183
0.000943724680483685
0.0005942186852593671
0.00028897878243183683
7.488183375267514e-05
0.0
0.0001060764279531938
0.0004214628891283795
0.0009556401983563147
0.0016962383832132642
0.0026091230174435714
0.0036416653901697165
0.004728832379867833
0.00580128955936471
0.006794377306026753
0.007656649472070696
0.008356689128404154
0.008887138500885263
0.00926527223671481
0.009529948934613737
0.009735320240680965
0.009942176279316735
0.01020818207499905
0.01057845077263907
0.01107787253520449
0.011706373473526375
0.01243785179282399
0.013222992907566676
0.013995585424170443
0.014681435570441253
0.015208590387707988
0.015517389628213092
0.01556890121187135
0.015350547717112166
0.014878159627802045
0.014194225557367634
0.013362665464473832
0.012460943587520888
0.011570689830117619
0.010768162468376615
0.010115843938606865
0.009656231208688784
0.009408508420625315
0.009368338289652903
0.00951055489468223
0.009794154358129286
0.010168715952707894
0.01058127482534636
0.010982711766077687
0.011332902397624026
0.011604135191903241
0.011782611636113442
0.011868129283536604
0.01187227529755007
0.011815596722310896
0.01172425595414553
0.011626636355117643
0.011550258584114398
0.011519235448572628
0.011552364146914476
0.011661854904469386
0.011852637795965612
0.012122175388236262
0.012460726533120447
0.012852037621500823
0.013274461609361137
0.013702505931584463
0.014108780308829724
0.014466257317064345
0.014750685261346621
0.014942923904856242
0.015030930155121358
0.015011120201081932
0.014888885432779587
0.014678138844700784
0.014399901943190893
0.014080085845817951
0.01374674654503333
0.013427177417074394
0.01314522400944185
0.012919161093347863
0.012760367953019516
0.012672895482712828
0.012653866822204369
0.012694523114065877
0.012781643979772331
0.012899054303147955
0.013028976289362042
0.013153084939204283
0.01325325022982159
0.013312068068165924
0.013313362955162503
0.013242865044985798
0.013089213878951277
0.01284532859470918
0.012510034167177473
0.01208968112637644
0.01159938214111759
0.011063447839926297
0.010514657857413264
0.009992153507847063
0.009537966247246687
0.0091924625146777
0.00898923944989116
0.008950193509059684
0.009081559702958455
0.009371656099818205
0.009790864760119915
0.010294062250661344
0.010825330272227887
0.011324395396333835
0.011733935865252586
0.012006712771584275
0.012111471106855124
0.012036721820749333
0.011791835359357116
0.011405297378821035
0.010920425948481709
0.01038924760914422
0.009865506571533624
0.009397888437203667
0.00902445973742683
0.00876907476832708
0.008640130663858426
0.008631631516703177
0.008726132040985823
0.00889884296260367
0.009122044899359631
0.009368994654030644
0.00961670250302381
0.009847264757723588
0.010047784541191054
0.01020922988816881
0.010324794792290308
0.010388400905022325
0.010393892246981286
0.010335254152202976
0.010207882517341362
0.010010611313102526
0.009747950367176251
0.00943185455648903
0.00908237638973744
0.008726748110734272
0.008396761935037522
0.008124702554435377
0.00793845191825481
0.007856649527856686
0.007884886546888674
0.008013805715581851
0.008219679068133534
0.008467590852519108
0.008716846111918836
0.008927756201062446
0.009068619276296118
0.009121592619563908
0.009086281973075302
0.008980240195687895
0.00883611455611619
0.008695811156376118
0.00860263753642214
0.00859282310303871
0.008688008905687801
0.008890194488318381
0.009180236221004008
0.009520370869975483
0.009860498579716626
0.010147236295131378
