0.00634431102850117
0.006519360205469415
0.006677390570023842
0.0068260975576768905
0.006974251429372543
0.0071293015097207545
0.007295125729013117
0.007470333385969224
0.007647450876685925
0.007813187264375887
0.007949808256827041
0.008037468163544144
0.008057186517796262
0.007994034404635381
0.007840035083830955
0.007596296081624541
0.007273977331701716
0.006893853175531832
0.006484425972254574
0.006078768565078799
0.005710480044656003
0.005409301846434618
0.005197031214377549
0.005084367293346201
0.005069224939276825
0.005136860807158788
0.005261898228480602
0.00541204722895327
0.0055530372710210114
0.0056540582853886355
0.00569288026777366
0.005659820726586088
0.005559862037687415
0.005412475477041417
0.005249052403467127
0.0051082254255282265
0.005029722815073602
0.0050476765607916805
0.0051844465865186935
0.005445998352264641
0.005819672124779727
0.0062748326326523135
0.006766437765408039
0.007241084842472406
0.0076446624515946054
0.007930430578240139
0.008066229872804604
0.008039611956374966
0.00785998084486269
0.007557298961954459
0.007177467397140006
0.0067750474536459005
0.006404453642387863
0.00611103441920978
0.005923511330597574
0.005849053634507391
0.005871850520919589
0.005955472878595878
0.0060486861841427386
0.0060937934084924475
0.006036153665548647
0.0058333160969676785
0.005462267840336359
0.004923612023679665
0.004242012821051532
0.0034628790056514657
0.002645893412400259
0.0018565205161268977
0.0011569447156679208
0.0005979514391500091
0.0002130528700594542
1.5720436184837698e-05
0.0
0.00014416285657295295
0.000416502788696798
0.0007820279311820943
0.001208682955740308
0.0016718916006182114
0.0021565999002542482
0.002656549009887611
0.0031711045616072513
0.003700497962058332
0.004240687513770812
0.004779150787251542
0.005292749570107582
0.005748394042494986
0.006106651679619929
0.006327811549689977
0.006379352287859531
0.0062433872145292914
0.005922554275817963
0.005443012844487449
0.004853677488059389
0.004221480265182682
0.003623187888859537
0.0031349704587210463
0.0028213949143453794
0.002725702506599291
0.0028630812053756093
0.0032181785351275694
0.0037473950327667695
0.004385676927617475
0.005056736435815162
0.005685013877379453
0.006207372264455862
0.006582544925835451
0.006796738930775665
0.0068644658414070605
0.00682450798004377
0.006731782810888046
0.006646586113506802
0.006623146697849915
0.006699530177882191
0.006890668880620866
0.0071857180886873255
0.007550151837016092
0.007932158544549813
0.008272133057586225
0.008513524792125816
0.008613086295111226
0.008548707417953234
0.008323486322466375
0.007965389317292218
0.007522654826956833
0.007055853687469542
0.006628090725053789
0.006295120185636556
0.006097103950838009
0.0060533830885228295
0.006161034955602882
0.006397267751065238
0.006725000117687593
0.00710041669720945
0.007480981833193216
0.007832383668219721
0.008133162295191745
0.008376285513721857
0.008567569028597581
0.008721468450427232
0.00885527575719171
0.008983037758990118
0.009110528503070205
0.009232355269553735
0.009331814671921387
0.00938353731719508
0.009358383014891416
0.009229587604573935
0.008978906268563461
0.008601494122959037
0.008108510095235742
0.007526872986798071
0.0068961497951123725
0.006263106853035756
0.005674897239339969
0.005172109267235445
0.004782915591114134
0.004519342389391385
0.004376270498933977
0.004333267844307773
0.004358835828515143
0.00441623040503748
0.004469768945095962
0.004490498436902952
0.004460277590272338
0.004373672117127657
0.004237504122891777
0.004068342622029794
0.003888584900145946
0.00372199033284486
0.0035895551765014666
0.003506463725804175
0.0034805598289186896
0.003512421741420892
0.003596773120109649
0.003724698529556964
0.0038860068289572978
0.004071121697824897
0.004272060690675577
0.004482345625079857
0.004695999246593833
0.004906051085083137
0.005103134561136518
0.005274767646528343
0.005405764324838697
0.005479952859908583
0.005483038304545939
0.005406117028520612
0.005249107714012792
0.005023267947332676
0.004752050314454182
0.004469811309035567
0.004218277095070191
0.004041118789961539
0.003977407008750634
0.004055013372295004
0.004285137848544705
0.004659031840545501
0.005147666823825755
0.005704617989364785
0.006271875928770911
0.006787768804997705
0.00719577297704568
0.007452790949073789
0.007535524327154603
0.007443863167162273
0.007200702932784114
0.006848200382690642
0.006441082877718669
0.006038123304810823
0.0056931954991979485
0.00544737890794311
0.005323378221714695
0.005323102811953459
0.005428690519818365
0.0056066635973383095
0.005814379343273295
0.006007576954412172
0.006147685842348056
0.006207666765234144
0.006175477979622015
0.006054727683447059
0.0058625993941007724
0.00562561941537121
0.005374187778903284
0.005136956589071442
0.004936091536132917
0.004784213492289168
0.004683443218800901
0.0046265423758059705
0.004599744376460774
0.004586575131729526
0.004571827588483672
0.004544892452199492
0.004501841963263088
0.004445964824670269
0.004386789899162425
0.00433794134849321
0.004314376732081689
0.004329634004129643
0.004393645858703096
0.0045114941885607655
0.004683222280584283
0.00490456009912455
0.005168210397237217
0.005465237902526845
0.005786123098879283
0.006121179085760186
0.0064602495104414135
0.006791852378576343
0.0071021457493759335
0.007374210706063226
0.007588138169531766
0.007722261535274222
0.007755620913635177
0.007671428781510326
0.0074610003998332505
