0.0053926661342137226
0.0053743966807724905
0.005362762943169213
0.00535732074349019
0.005357542476631005
0.005362822839728635
0.005372485750088833
0.00538579239403324
0.005401950328592314
0.0054201235380335515
0.005439443328232134
0.0054590199242486115
0.005477954620546478
0.005495352319409957
0.005510334281627948
0.0055220509046761965
0.00552969433769584
0.005532510739723827
0.0055298119880172305
0.0055209866470103544
0.005505510015472313
0.005482953079753521
0.005452990214520689
0.005415405488918593
0.005370097455441026
0.00531708232066439
0.005256495421064792
0.005188590953025641
0.005113739933429018
0.005032426395458348
0.00494524185294373
0.004852878095258736
0.0047561184029238195
0.004655827301182345
0.0045529389943959366
0.004448444647680586
0.004343378703326035
0.004238804437797099
0.004135798980140527
0.004035438024100314
0.003938780473922543
0.003846853267516433
0.003760636620208454
0.0036810499277304207
0.0036089385583431724
0.0035450617512123943
0.0034900818214932596
0.0034445548522888804
0.0034089230300348057
0.003383508753302557
0.00336851061594136
0.0033640013343711247
0.0033699276562262903
0.0033861122539873196
0.0034122575733064953
0.0034479515720326082
0.0034926752530634606
0.0035458118626965933
0.003606657596679029
0.0036744336292193003
0.0037482992563232192
0.0038273659244036687
0.0039107118985919846
0.003997397312876184
0.0040864793363700365
0.004177027186859506
0.0042681367243807295
0.004358944363973703
0.0044486400578595785
0.004536479112953742
0.004621792629614482
0.004703996371521786
0.0047825979041905995
0.00485720187038746
0.004927513304117089
0.004993338920302152
0.005054586354178122
0.005111261362117208
0.005163463033410941
0.00521137709980172
0.005255267465583845
0.005295466115234166
0.005332361587148374
0.00536638623055685
0.005398002487529609
0.005427688462668565
0.005455923059212169
0.005483170971504477
0.005509867829854143
0.005536405794564625
0.00556311989128375
0.005590275369823176
0.005618056353356566
0.005646556024633859
0.005675768570854901
0.005705583079522209
0.005735779544414393
0.005766027104336745
0.005795884598125724
0.005824803478175558
0.005852133082226861
0.005877128220048246
0.005898958988709584
0.0059167226881514465
0.005929457668452071
0.005936158902311828
0.005935795041510569
0.00592732668509348
0.005909725560393506
0.005881994296221157
0.005843186451082415
0.005792426448471681
0.00572892906638255
0.005652018129337725
0.005561144058509224
0.00545589994882423
0.005336035861167796
0.005201471042634538
0.005052303817881467
0.004888818929532148
0.004711492144731175
0.004520991987721521
0.0043181785040217425
0.004104099009665745
0.0038799808282397696
0.003647221068286594
0.0034073735432032562
0.003162132984194583
0.002913316743329478
0.0026628442274772668
0.0024127143441154486
0.002164981275989672
0.001921728932730711
0.0016850444532293105
0.0014569911523625626
0.0012395813191789992
0.0010347492806092452
0.0008443251450117239
0.000670009633336909
0.0005133503924618279
0.00037572016548542003
0.00025829716777278676
0.0001620479856863236
8.771327773974321e-05
3.579651594396837e-05
6.555959052479462e-06
0.0
1.5885977863698206e-05
5.372249100831254e-05
0.0001127751935843151
0.00019207600312834937
0.00029043559356447743
0.0004064589963081282
0.0005385640832871563
0.0006850026603284274
0.0008438838582685137
0.0010131994730190608
0.0011908508752531766
0.0013746770858903833
0.0015624835955532139
0.0017520714949502817
0.0019412664788962444
0.0021279472894796822
0.0023100731736889844
0.002485709947439044
0.002653054281129406
0.0028104558512185313
0.002956437037327019
0.0030897098844974626
0.0032091900947685825
0.0033140078604204488
0.0034035154023098744
0.0034772911297869386
0.0035351403928798207
0.003577092851852294
0.003603396542971885
0.0036145087714854166
0.0036110840125202336
0.0035939590470946614
0.0035641356028686937
0.003522760807004299
0.0034711057909246282
0.0034105428133457353
0.0033425212882869605
0.0032685431185383103
0.0031901377420791126
0.003108837299122287
0.0030261523208389247
0.002943548327551974
0.0028624237045404358
0.0027840891979404275
0.0027097493420409854
0.002640486093117657
0.0025772449044750532
0.0025208234333008715
0.0024718630230468643
0.0024308430561696096
0.0023980782220382295
0.0023737186945156376
0.0023577531640116616
0.002350014620543313
0.0023501887383417467
0.0023578246695958524
0.0023723480157390175
0.0023930757099200556
0.002419232514521001
0.0024499688132728547
0.002484379359056806
0.0025215226261384727
0.002560440409533852
0.0026001773145034636
0.002639799785759309
0.0026784143386811665
0.0027151846734009564
0.0027493473766512424
0.0027802259453173113
0.0028072428991263395
0.0028299297872218785
0.0028479349338129257
0.0028610288109090828
0.002869106970573649
0.002872190514338648
0.002870424122614043
0.0028640717112778757
0.0028535098253644965
0.002839218920118586
0.002821772716943987
0.0028018258552998097
0.0027801000908034014
0.0027573693141938163
0.002734443684982874
0.002712153187262944
0.0026913309230417928
0.002672796460531062
0.0026573395510277775
0.0026457045185056902
0.0026385756109860163
0.0026365635824954032
0.0026401937493459654
0.002649895735075848
0.002665995085234591
0.002688706896914197
0.002718131569199772
0.002754252740266927
0.0027969374354406894
0.0028459384089194067
0.0029008986208247005
0.0029613577515183033
0.003026760617455248
0.0030964673179052693
0.003169764910303635
0.0032458803843574036
0.0033239946818265247
0.0034032574905330983
0.003482802527946112
0.00356176302186787
