0.005175926784592291
0.005324086135402031
0.005446578075520819
0.0055423679273638535
0.005610717970917488
0.0056511963351048465
0.005663681704726486
0.005648363790579236
0.005605739574198343
0.005536605402021177
0.005442045065629898
0.00532341406411915
0.005182320300623568
0.005020601516759033
0.0048402998153873325
0.004643633662999537
0.00443296779752081
0.004210781494969486
0.003979635668771004
0.0037421392883705633
0.0035009156089678625
0.003258568701701081
0.003017650763547113
0.0027806306688159276
0.0025498641997502387
0.0023275663628594344
0.002115786160782359
0.001916384147342065
0.001731013046761023
0.0015611016675485163
0.0014078422882061316
0.001272181636513367
0.0011548155276667838
0.0010561871698732113
0.0009764890900521644
0.0009156685779731122
0.0008734364952896932
0.0008492792473335201
0.0008424736709284029
0.0008521045515389881
0.0008770844483470014
0.0009161754768301606
0.0009680126754782531
0.0010311285666867401
0.0011039785117797993
0.001184966456580902
0.0012724706669087946
0.001364869062662308
0.0014605637744979762
0.0015580045681331395
0.0016557108075680319
0.0017522916594782203
0.0018464642760790996
0.0019370697322447469
0.0020230865338671244
0.002103641557627976
0.0021780183267660464
0.0022456625722911817
0.0023061850736671857
0.0023593618165197996
0.0024051315467209385
0.0024435908395953774
0.002474986839387113
0.0024997078569695464
0.0025182720426193818
0.0025313143751110904
0.0025395722281244424
0.002543869789777483
0.002545101620878021
0.002544215642195073
0.002542195840744672
0.0025400449799052745
0.0025387675883525645
0.0025393534886338975
0.0025427621080609027
0.002549907792917862
0.0025616463222486686
0.002578762790223968
0.002601960996861585
0.002631854456257612
0.0026689591000721084
0.002713687722390873
0.002766346180829064
0.0028271313384077208
0.002896130701841489
0.002973323684905693
0.003058584400933989
0.00315168586660912
0.00325230548036156
0.003360031623130367
0.0034743712171445406
0.0035947580698568278
0.003720561825239725
0.0038510973432984525
0.003985634330763534
0.004123407051326972
0.004263623952251802
0.004405477055432582
0.004548150974684121
0.0046908314368184455
0.004832713201535838
0.004973007293881254
0.005110947482567865
0.005245795957403213
0.0053768481789360145
0.0055034368928503575
0.005624935320168665
0.00574075955161497
0.00585037019020122
0.0059532732999407235
0.006049020730320641
0.006137209895588802
0.006217483094892872
0.006289526463772873
0.006353068649429923
0.0064078793016101275
0.006453767467943957
0.00649057997731105
0.006518199887450428
0.006536545063841487
0.00654556694611582
0.006545249546227866
0.006535608709643571
0.006516691657246092
0.006488576811861506
0.006451373899631983
0.006405224303258442
0.006350301631735061
0.006286812459917886
0.00621499718139496
0.006135130909906599
0.006047524358213345
0.005952524618992004
0.005850515770176827
0.005741919227220787
0.005627193767049103
0.0055068351529772176
0.005381375296482578
0.005251380900317128
0.0051174515378433465
0.004980217135445535
0.004840334838147149
0.0046984852528594075
0.004555368078675441
0.0044116971489680315
0.004268194925396665
0.004125586498925351
0.003984593167245013
0.0038459256712425243
0.003710277185040401
0.003578316164350938
0.00345067916618118
0.0033279637590654205
0.0032107216468058378
0.003099452130035035
0.002994596028691464
0.002896530184688285
0.0028055626576813926
0.002721928717979617
0.0026457877294202613
0.002577221001637528
0.002516230675809613
0.0024627396909557052
0.002416592859478667
0.002377559061257631
0.002345334545557505
0.0023195473097293745
0.0022997625035267675
0.002285488788261974
0.002276185561372263
0.0022712709396430623
0.0022701303787088308
0.0022721257928576756
0.00227660502790317
0.0022829115312143454
0.002290394057122766
0.0022984162430123092
0.0023063658915443526
0.002313663797722141
0.002319771965835705
0.002324201070675446
0.0023265170296207062
0.0023263465671042555
0.002323381670274536
0.0023173828541252412
0.002308181175590322
0.0022956789587290937
0.002279849216734246
0.0022607337806462807
0.0022384401688957407
0.0022131372556573664
0.002185049819027294
0.0021544520717761903
0.0021216602974570863
0.0020870247325548634
0.002050920850788213
0.002013740218292106
0.0019758810979464796
0.001937738987358328
0.0018996972777937371
0.0018621182206010913
0.0018253343833421897
0.0017896407699958647
0.0017552877683298792
0.0017224750730267134
0.0016913467156381562
0.001661987312230842
0.0016344196170249325
0.0016086034458221803
0.0015844360070121977
0.001561753650912394
0.0015403350206396088
0.0015199055601456222
0.0015001433079966972
0.0014806858794566328
0.0014611385149471252
0.00144108305048879
0.0014200876457178286
0.0013977170879328489
0.0013735434767096358
0.001347157083227384
0.0013181771718148334
0.0012862625685163946
0.0012511217627935133
0.0012125223338370146
0.0011702995023191991
0.00112436362163093
0.0010747064395285263
0.0010214059813843396
0.0009646299295573535
0.0009046373993769018
0.0008417790404127283
0.0007764954215918258
0.0007093136897828802
0.0006408425231427873
0.000571765432229611
0.0005028324930482155
0.00043485062623056054
0.0003686725648970263
0.00030518467986100366
0.00024529385422282935
0.00018991361959440562
0.0001399497827995382
9.628578456597446e-05
5.9768040191879746e-05
3.119151623407618e-05
1.1285796808999191e-05
7.018880828759885e-07
0.0
9.638530385798396e-06
2.9964458473201623e-05
6.120533292375057e-05
0.00010346301390842935
0.00015670930020494
0.00022078354104395205
0.00029539229913583373
