0.007840406333644398
0.00843871149685732
0.009063677896090387
0.009621819678343278
0.01001650175339951
0.010163141526923061
0.010003178064754422
0.009514514227629296
0.008716663443583
0.007669659516218951
0.006466780575197216
0.005222132940806871
0.004054971795036403
0.003073164492088681
0.0023583411354861986
0.0019550034512780465
0.0018652241194573277
0.0020496726924538614
0.002434701214426381
0.0029242788876737685
0.0034148343557816917
0.0038106616552436618
0.004037529514043789
0.0040524953398062375
0.0038485938568488566
0.0034539257289574435
0.0029255663701128506
0.002339501225200694
0.0017783472264332805
0.0013188616754896479
0.0010211465502832193
0.0009210628900126394
0.0010267599179469723
0.0013195120626679235
0.0017583690863303045
0.0022875726937900604
0.0028453584733455833
0.003372682476392346
0.0038205777716507445
0.0041552066350668175
0.00436014799616039
0.00443595427458547
0.004397439294444619
0.004269453148941056
0.004082025690551506
0.0038657175727770145
0.003647837585694658
0.0034499204794024405
0.0032865727773289926
0.0031655431939932163
0.0030887016167803127
0.003053536174545956
0.0030547977597998894
0.003086011477978759
0.003140698686391789
0.0032132731443131704
0.003299659236608742
0.003397712501643511
0.003507503340455703
0.0036314701037840815
0.0037743842731721784
0.003943026951611223
0.0041454749864098086
0.004389946517197179
0.0046832531027504575
0.005029027019772314
0.005426005679821055
0.005866725809890748
0.006336980161505995
0.006816305720218133
0.0072796108094734455
0.007699835148616962
0.008051313428122979
0.008313328097407252
0.008473236124702578
0.00852856862156629
0.008487640168864764
0.008368449011930094
0.008195958215019599
0.007998162507903951
0.00780160147564422
0.007627120353464389
0.007486668827293761
0.00738175907933496
0.007303902539884111
0.007236965057521411
0.007160996232955175
0.007056778948049416
0.006910176740257382
0.006715370787475639
0.006476280304624664
0.0062058169449989604
0.005923068614640056
0.005648952860259102
0.005401232423334894
0.0051899680579028705
0.005014449980089957
0.004862395309796601
0.004711765588796967
0.004535025684975691
0.004305137183328363
0.004002164049209749
0.003619156769097948
0.0031660275396591924
0.00267043839859402
0.0021752490692366396
0.0017327190532676158
0.001396307666318259
0.0012114388007692374
0.0012068856622080688
0.0013884170154250877
0.0017360188979810565
0.002205412887333001
0.0027338354728046977
0.0032492597924545026
0.0036815779265519707
0.003973848225061955
0.004091633779337211
0.004028740299094226
0.003808262208618375
0.0034786615995618794
0.0031054897142546853
0.0027601525818171284
0.002507673070168865
0.0023956050391273154
0.0024460685681666258
0.0026523275407139375
0.002980518967745227
0.003376214408264461
0.0037746180477906187
0.0041125453311975525
0.004340003535066096
0.004429272109847539
0.004379842848866137
0.004218342928836827
0.00399348644270294
0.0037670112254485585
0.0036022887840479233
0.0035527110697066338
0.003651982885615931
0.003908080335417376
0.0043019447824523376
0.004791099053537045
0.005317463813537846
0.005817886516393377
0.006235414224140461
0.006529231437195242
0.006681461083595848
0.006699634417203851
0.006614455896824873
0.0064733658753305555
0.00633117237594815
0.006239541372121065
0.006237310066904421
0.006343392995670387
0.006553529750126751
0.006841379884886133
0.007163649256013257
0.007468188759667701
0.007703479435889383
0.007827701670283127
0.007815714423510043
0.0076627107230714375
0.007383977310786488
0.0070109387212735005
0.006584364437063676
0.006146131184440437
0.005731168369204771
0.005361135654143201
0.005041011094802469
0.004759184133745321
0.00449096646896238
0.004204786737175394
0.003869842984140773
0.0034637377370669506
0.0029786530459665053
0.002424921490829463
0.0018313486701245093
0.0012422426751382992
0.0007116914456525712
0.0002960925622193943
4.620286316152442e-05
0.0
0.00017744420216470828
0.0005778480858502325
0.001180087238767502
0.0019454086883663544
0.0028222054052212606
0.0037518862511522807
0.004674911221216883
0.005536172606482762
0.006289141905373656
0.006898506265126643
0.007341316691426325
0.00760690200498075
0.007695928028626495
0.007618990040288229
0.007395036435302879
0.007049773718704331
0.006614049531756046
0.006122101191460961
0.005609527023875623
0.005110897791950335
0.0046570604836723645
0.004272358602703887
0.003972150458715462
0.0037610978234926978
0.003632682600525766
0.003570273400645693
0.0035498209104681947
0.003543952616587999
0.003526926127126945
0.003479655798009211
0.0033939114892732655
0.0032748404871578416
0.0031411905760323922
0.0030229840080634013
0.0029568461444700114
0.0029796447782733226
0.0031214572949537587
0.0033990764689900616
0.003811244568440635
0.004336562372197709
0.004934590751425438
0.005550121359013257
0.006120037737638137
0.0065817224455332795
0.006881678567592179
0.006982981657852735
0.006870372955432889
0.006552211560020555
0.00605904615291177
0.005439143516011194
0.004751812994880379
0.004059699852942361
0.003421326616736714
0.0028850260414643625
0.0024850664524006198
0.0022402951595645324
0.0021551190060567346
0.0022222080135799677
0.002426036299962038
0.0027463160559676727
0.003160540866053419
0.003645191735350257
0.004175591690663721
0.004724820074603506
0.005262413610083672
0.005753709006915238
0.006160583345875324
0.006444036287809511
0.006568594364649091
0.006508001979144638
0.006251213493546772
0.005807425862152273
0.0052088701380086306
