0.0009126411604074525
0.0009283855778003522
0.0009455632208280225
0.000963687543276568
0.0009822509505359616
0.0010007350114506668
0.0010186205949761094
0.0010353977542227647
0.0010505751895043389
0.0010636891338727896
0.0010743115190479445
0.0010820572963183132
0.0010865908055515802
0.0010876311055288024
0.0010849562000047588
0.001078406115783783
0.0010678848112656903
0.0010533609159422168
0.0010348673228025842
0.0010124996761469549
0.000986413816542254
0.0009568222622510418
0.0009239898221221868
0.0008882284483955333
0.0008498914489309837
0.0008093671868643558
0.0007670724015087181
0.0007234452874044054
0.0006789384687707486
0.0006340120042776902
0.0005891265521368055
0.0005447368181582301
0.0005012853998267617
0.0004591971278518057
0.0004188739933119734
0.00038069073374603956
0.0003449911356611026
0.00031208509427657605
0.0002822464542496959
0.0002557116379882313
0.00023267905129879568
0.0002133092398840064
0.00019772575491046893
0.00018601667182107382
0.00017823669402893265
0.00017440976234213141
0.00017453208212574504
0.00017857547346557517
0.0001864909450678871
0.00019821239037547773
0.0002136603044201118
0.00023274542223484683
0.00025537218414102233
0.0002814419397834116
0.0003108558112513264
0.0003435171457934435
0.00037933350027613555
0.0004182181123865902
0.0004600908273571932
0.0005048784633829234
0.0005525146136043365
0.0006029388972151516
0.0006560956866075668
0.0007119323511797946
0.0007703970712029194
0.0008314362867020464
0.0008949918563992768
0.0009609980101735863
0.001029378185030195
0.0011000418390931775
0.0011728813405351606
0.0012477690285756914
0.0013245545416990258
0.0014030625040912397
0.0014830906550494208
0.0015644084978885082
0.001646756534821906
0.001729846142615351
0.001813360130739244
0.0018969540095314773
0.001980257980814035
0.002062879647784729
0.0021444074251453717
0.002224414614651838
0.0023024640959021796
0.0023781135675332308
0.002450921260378441
0.00252045203183691
0.002586283739978384
0.002648013786995449
0.0027052657147124885
0.0027576957301337778
0.0028049990365819717
0.0028469158459212564
0.002883236949709352
0.0029138087318660052
0.002938537512523316
0.0029573931220304136
0.0029704116154738516
0.002977697051356639
0.0029794222730269966
0.0029758286478030376
0.002967224736213636
0.0029539838820572236
0.0029365407327402986
0.0029153867182556766
0.0028910645358513343
0.0028641617055801608
0.002835303279172431
0.002805143800714057
0.002774358632142542
0.0027436347693123317
0.0027136612850867624
0.002685119544375064
0.0026586733420798448
0.002634959118425933
0.0026145764070235607
0.002598078669242976
0.002585964664056446
0.002578670495498362
0.002576562470411813
0.0025799308873430985
0.002588984863508358
0.0026038482909221403
0.0026245569953134767
0.0026510571526585616
0.0026832049983514755
0.002720767843556131
0.0027634263924854055
0.002810778333596304
0.0028623431573302
0.0029175681334158055
0.002975835362226913
0.0030364697975652282
0.0030987481228136526
0.0031619083489397405
0.0032251599915502655
0.00328769467529418
0.003348697007528741
0.0034073555594032003
0.0034628737914306515
0.0035144807622181566
0.003561441463267962
0.0036030666295608807
0.0036387218848556056
0.003667836092110453
0.003689908792944022
0.0037045166353512314
0.00371131870570307
0.0037100606990798255
0.0037005778808965675
0.003682796812241057
0.003656735831015895
0.0036225043005153547
0.0035803006561355645
0.0035304092991884123
0.0034731964039562938
0.0034091047199012693
0.0033386474650709055
0.0032624014189995953
0.003180999333600206
0.0030951217885281843
0.0030054886231725567
0.0029128500807228926
0.0028179778006605163
0.0027216557945521553
0.0026246715362553096
0.0025278072916878553
0.0024318318053219664
0.0023374924507204584
0.0022455079409620165
0.002156561681947443
0.0020712958376112585
0.0019903061612692157
0.0019141376320104299
0.0018432809194975281
0.001778169685073193
0.0017191787119844786
0.0016666228431132545
0.0016207566911105775
0.0015817750735204147
0.0015498141145631706
0.0015249529459190343
0.0015072159312586068
0.0014965753335285867
0.0014929543401902554
0.001496230359762807
0.001506238503137422
0.0015227751651548927
0.0015456016257943302
0.00157444759588032
0.0016090146393235938
0.0016489794123774437
0.0016939966700033138
0.0017437019999563333
0.0017977142563696986
0.0018556376761682104
0.0019170636733021672
0.001981572317288441
0.0020487335136063415
0.0021181079138626923
0.0021892475930707297
0.002261696539658762
0.0023349910107413685
0.0024086598105823778
0.002482224553921908
0.002555199977833986
0.0026270943659687726
0.0026974101473964673
0.0027656447288314876
0.0028312916138384077
0.0028938418558070614
0.0029527858831725623
0.0030076157257201428
0.0030578276600592004
0.0031029252807077525
0.0031424229909511525
0.0031758498949996123
0.0032027540602501785
0.0032227071059501783
0.0032353090625498603
0.0032401934348055897
0.0032370323915228076
0.0032255419959644907
0.0032054873836264465
0.003176687788498788
0.0031390213152631217
0.0030924293532514657
0.003036920528509125
0.002972574093011715
0.0028995426549937482
0.002818054161415528
0.002728413052745211
0.0026310005213379646
0.0025262738175869407
0.0024147645624950803
0.0022970760411296096
0.002173879468299247
0.00204590923543663
0.0019139571657537172
0.0017788658229291987
0.001641520936537642
0.0015028430247928093
0.0013637783116077357
0.0012252890501388957
0.0010883433785662665
0.0009539048455733776
0.0008229217525705503
0.0006963164669239049
0.0005749748651269315
0.0004597360668384331
0.00035138261991671943
0.00025063129296154464
0.00015812462544022537
7.4423376283241e-05
0.0
