0.008589154218915616
0.008099475954403874
0.007552591929977145
0.007017473812639728
0.006558814363420706
0.006227003123175525
0.006050205285639878
0.006029828710908813
0.006140163974324655
0.006332346397621371
0.006542113315605879
0.006700219757901785
0.006743929386256194
0.006627789854363818
0.0063319717245799495
0.005866793324301387
0.005272622200696677
0.004615051602111141
0.003975987803010056
0.0034419341963780638
0.003091215904558197
0.002982078515582369
0.0031434829653508582
0.003570020434482463
0.004221747807316681
0.005028994028526499
0.005901429832938304
0.006740048444226316
0.007450275017905745
0.007954274496311201
0.008200681459792003
0.008170402411805017
0.00787776756311669
0.007367031106372805
0.006704918360328442
0.005970483799169127
0.0052438897925943225
0.004595794773855133
0.004078850235238436
0.003722391674212073
0.003530848226257409
0.003485788810064294
0.003550971533283394
0.0036793551965980456
0.003820824874480741
0.003929397589906562
0.0039688894401777065
0.003916388874469755
0.0037633167222739525
0.0035142794005453832
0.0031842631541429854
0.002794921226272779
0.002370749188109619
0.0019358348421532477
0.001511644644898641
0.0011160238397502466
0.00076330457569881
0.0004651914437759745
0.0002319667759122573
7.35451957133669e-05
0.0
2.135350230050327e-05
0.00014662648464072899
0.0003823318271627633
0.0007307341589613331
0.001188255462873146
0.0017443793677502316
0.002381306747678587
0.0030744694775629274
0.0037938527918418632
0.004505944024538515
0.0051760425111446705
0.0057706442201965425
0.0062596516733288
0.006618237579486559
0.006828283466534969
0.006879395101349865
0.0067695431152238065
0.006505379918150896
0.0061022467161973275
0.005583824330129889
0.0049813241967623595
0.004332088675917769
0.003677493735449726
0.0030601306826961387
0.002520378797129085
0.002092643086252307
0.0018016844605177836
0.0016595725592964596
0.0016638085662104515
0.0017970753329248032
0.002028874889009445
0.0023190326589240962
0.002622728434176728
0.0028964151776630148
0.0031037695389779718
0.003220733946741735
0.0032387890397637216
0.0031658370382601046
0.0030244493555445333
0.002847675115692159
0.0026730429891105504
0.002535734836551653
0.0024620961952481254
0.0024646323731551405
0.002539413035893876
0.002666405485379846
0.0028127452202877986
0.002938423141881601
0.003003419930598962
0.002975035704484774
0.00283410415711583
0.002578961196094213
0.00222642979294626
0.0018096157555362808
0.0013728856821103447
0.0009649107653186577
0.0006310113966382647
0.0004061603292080506
0.0003098722704649431
0.000343849357950044
0.000492733396857287
0.0007277366571691365
0.0010123950906666774
0.0013093127951190817
0.0015866161271019656
0.0018229372881104367
0.0020100775960893375
0.0021529913246840482
0.002267281063302651
0.002374892191015796
0.00249903539293574
0.002659482221412269
0.002869246190788499
0.0031333094710856925
0.003449558353779242
0.0038115565249409156
0.004212330948725581
0.004648073520012464
0.005120638808432937
0.005637958923417116
0.0062119592527208395
0.006854152492043646
0.007569689556280243
0.008351123303336858
0.00917338223939775
0.009991387410214578
0.010741366834691964
0.011346282693201338
0.011724997991045618
0.011804019349315315
0.011530017857570213
0.010880986034941913
0.009873922325022676
0.008567363516201784
0.007057853692204753
0.005470422423853254
0.003944175340243975
0.0026149914902765807
0.0015979069296224065
0.0009719258379019408
0.0007696956845301218
0.0009737514506293716
0.001519993711724431
0.002307892647178632
0.003215807917506124
0.004118976368384206
0.004907294254338739
0.005500084300475421
0.00585557984392125
0.005973782635885381
0.005892493616239584
0.005677474623216458
0.005408669415387347
0.005165025744448619
0.005010613467012757
0.004984407720215497
0.005095368523718724
0.005323439657061022
0.005625997835376236
0.005948307359708638
0.006235849929353973
0.006446122081106913
0.006557664553650915
0.00657466638741894
0.006526355673048004
0.006461381699209012
0.006438324111724391
0.006514163766976071
0.006732894369060768
0.007116389383918582
0.007659187640236376
0.00832811661028359
0.009066779179430114
0.009804055443008048
0.010465074712796386
0.010982715570342659
0.011307655459270224
0.011415309405203751
0.011308598622297137
0.011016253598718148
0.010587137680935275
0.010081734528804108
0.00956236406829623
0.009083813851363946
0.008685891610655243
0.008388972022998889
0.00819302134197359
0.008079955522423642
0.008018637676411346
0.007971442889200906
0.007901166639253991
0.0077771340184434705
0.007579642158265981
0.007302265090718482
0.006951979087071948
0.006547440231614212
0.006115997722250945
0.005690121767696974
0.005303866690406807
0.004989814092047616
0.004776706538822941
0.0046877555942055095
0.004739447150928449
0.004940608148735649
0.0052915487382256335
0.005783229637713459
0.006396579341502665
0.007102242203346686
0.007861121904226826
0.008626058472267228
0.009344831250443102
0.009964436372640186
0.010436294132855864
0.01072176501946031
0.01079716165638046
0.010657392797542995
0.010317493537823144
0.009811576878078782
0.009189143878315698
0.008509142222826362
0.007832580066632977
0.0072147993121587555
0.0066986251007467735
0.006309504908869378
0.006053441033958295
0.00591805497901806
0.005876583766831096
0.005894095458761029
0.005934820373976733
0.005969300326443283
0.005980098667052811
0.0059650826454453664
0.0059377366403019615
0.005924506158971337
0.0059597064484911404
