0.007509693986222061
0.007568370860377583
0.007630605173457856
0.007696107191530277
0.007764469221755519
0.007835171876764857
0.007907592602697504
0.007981016330623203
0.008054648070707469
0.008127627231026759
0.008199043409107855
0.008267953374690364
0.008333398937463807
0.008394425374098805
0.00845010007517328
0.008499531064887697
0.0085418850449615
0.008576404618891292
0.008602424363801982
0.00861938543429714
0.008626848405763929
0.008624504093155785
0.008612182114904825
0.00858985700975442
0.00855765175631424
0.008515838590314764
0.008464837062102621
0.008405209326050544
0.008337652703398531
0.008262989609719783
0.008182154986833376
0.008096181425695206
0.008006182210744103
0.007913332556558081
0.007818849343738443
0.007723969692008798
0.00762992873399531
0.007537936972540036
0.007449157617289924
0.007364684302408928
0.007285519586404998
0.007212554627192615
0.007146550410692417
0.007088120889691046
0.007037718361654592
0.006995621380130935
0.006961925454820529
0.006936536750972463
0.00691916895019312
0.006909343382835728
0.006906392487732652
0.006909466599049882
0.0069175440034304906
0.006929444154315308
0.006943843875349806
0.006959296332057227
0.006974252501398125
0.0069870848233174725
0.006996112677710636
0.006999629295150864
0.006995929680854277
0.006983339109253977
0.006960241731640256
0.006925108831908462
0.006876526265722229
0.006813220626402234
0.006734083696512107
0.0066381947672266755
0.006524840437799143
0.006393531544336271
0.006244016910072808
0.006076293657730545
0.0058906138775816005
0.005687487501655141
0.00546768129420992
0.005232213930166676
0.004982347195643843
0.004719573407036943
0.0044455992061943166
0.004162325948153334
0.003871826953628135
0.003576321950048353
0.003278149071569918
0.0029797348293253414
0.002683562497558277
0.002392139388606341
0.002107963509485751
0.0018334901047418338
0.0015710985940442191
0.001323060408639735
0.0010915082182825207
0.0008784070198270123
0.0006855275306143155
0.0005144222945536498
0.0003664048669634627
0.00024253239646879112
0.00014359186932781653
7.009022434295402e-05
2.2248485933840795e-05
0.0
2.992792908928024e-06
3.05960093613623e-05
8.191032106476866e-05
0.00015578213613102066
0.0002508213799160032
0.0003654225626014314
0.0004977887980827491
0.0006459583934929347
0.000807833589689457
0.0009812110008853023
0.0011638132768244523
0.0013533214938743834
0.0015474077723904578
0.0017437676168230985
0.0019401514822777396
0.002134395086452908
0.0023244480087966715
0.0025084001489303906
0.0026845056533674255
0.0028512039626680807
0.003007137679685945
0.003151167012653618
0.003282380603633429
0.0034001026123691982
0.003503895986825643
0.003593561913674834
0.0036691355036596635
0.003730877827117679
0.0037792644729969724
0.003814970859495157
0.0038388545751172516
0.003851935074667729
0.0038553710947414215
0.003850436187032284
0.0038384927947217352
0.0038209653169395327
0.0037993126185339016
0.003775000446993792
0.0037494742153147504
0.003724132598997795
0.003700302377452013
0.0036792149251902717
0.0036619847268324368
0.0036495902526358856
0.0036428574887283757
0.0036424463691759686
0.003648840306301082
0.00366233896215056
0.003683054348618869
0.003710910287399044
0.003745645204614092
0.003786818179616219
0.0038338181139481436
0.003885875835718658
0.003942078907477431
0.004001388862838605
0.004062660559275396
0.004124663302274464
0.004186103369884763
0.004245647546999121
0.0043019472657328086
0.004353662942161064
0.0043994881004768656
0.004438172883245468
0.004468546560661018
0.00448953867224217
0.004500198460822218
0.004499712290483724
0.004487418776661793
0.004462821397321375
0.00442559839816938
0.0043756098515077705
0.004312901776751694
0.004237707279987731
0.0041504447193868345
0.004051712951978436
0.003942283764423304
0.003823091635217057
0.003695221017487327
0.00355989136955125
0.0034184401940841164
0.003272304375605408
0.0031230001295950234
0.002972101894586834
0.0028212205108252885
0.002671981035394421
0.0025260005441205165
0.0023848662650968197
0.002250114377568395
0.0021232097934286765
0.002005527217088317
0.0018983337534339067
0.0018027733035236096
0.0017198529541558563
0.001650431531132744
0.0015952104475987117
0.0015547269389688373
0.00152934973538572
0.0015192771820755125
0.001524537778115181
0.0015449930656537686
0.0015803427651922704
0.001630132018714194
0.0016937605718094747
0.0017704936989187251
0.0018594746528401668
0.0019597384010054055
0.0020702263969758785
0.00218980212628502
0.002317267161210257
0.00245137745927302
0.002590859645118444
0.0027344270247198757
0.0028807950943111884
0.0030286963237247284
0.003176894014493642
0.0033241950566990667
0.003469461434594669
0.003611620358977017
0.0037496729335212593
0.0038827012922841497
0.004009874175706464
0.004130450942148282
0.004243784040708758
0.00434931999829117
0.004446598999088967
0.004535253157452483
0.0046150036050672735
0.004685656530216045
0.004747098320355229
0.004799289969134987
0.004842260915222928
0.004876102482825051
0.004900961092676698
0.004917031407617003
0.00492454956884692
0.004923786667852979
0.004915042585063766
0.0048986403099531735
0.004874920838917085
0.004844238727266541
0.004806958350565367
0.004763450908774478
0.004714092184736157
0.004659261046923797
0.004599338665567137
0.004534708391688251
0.004465756230667648
0.004392871826079564
0.0043164498560234205
0.004236891733311196
0.004154607492868031
0.004070017744723375
0.003983555569102996
0.0038956682314042197
0.003806818599205515
