0.00880819563849454
0.00849234252321797
0.008066238309198222
0.007546009127611122
0.006959025882774163
0.006342233528624558
0.00573878218672396
0.005193353474210815
0.004746856632864775
0.004431337364883191
0.004265958026809114
0.004254760425993102
0.004386633526350501
0.004637528435982258
0.004974562355762267
0.0053613082516659315
0.005763345708058178
0.006153096226853551
0.0065130968278914805
0.006837157618456087
0.007129248745353967
0.007400394634198281
0.007664235893244925
0.007932177420804837
0.008209123915793133
0.008490693364895403
0.00876251466952428
0.009001810789983355
0.009181020874450045
0.009272810065330692
0.009255532568730341
0.009118107588675062
0.008863360299592947
0.008509154225158098
0.008087045058295154
0.007638641793672873
0.007210281630065389
0.006846929956280707
0.006586348049830828
0.006454505035294208
0.006462961870712724
0.006608573912249537
0.006875420735499549
0.007238463609884107
0.0076681319045411485
0.008134906876374385
0.008613028148125016
0.009082679856379089
0.009530369933374073
0.00994762232794293
0.010328473467130573
0.010666523644308864
0.01095238718001084
0.011172292266286892
0.011308320944086809
0.011340405126434392
0.011249783649008615
0.011023264278317353
0.010657400792598372
0.010161641236921102
0.009559645982159689
0.008888290268965877
0.008194296731595569
0.0075289057065328685
0.006941393447412174
0.006472509101951666
0.006148965149735592
0.005979965286240043
0.005956412495879676
0.006052969876448782
0.006232635254036875
0.006453034586281088
0.006673325919977077
0.006860496054134747
0.006993948374110794
0.007067601820109526
0.00708918759606179
0.007076954074145385
0.007054472384336216
0.00704458427749707
0.007063684267681163
0.007117451993913075
0.007198863588612026
0.007288868117124896
0.007359601729060181
0.007379525895341942
0.0073195090785333405
0.007158692170542297
0.006889019553829413
0.00651757008374877
0.0060662361278342805
0.005568794444556683
0.00506589596309662
0.004598881746086593
0.004203539540603913
0.003904912943768906
0.003714066925633375
0.003627341509047194
0.0036281620123200984
0.003691007371312312
0.0037867544584919127
0.0038883852963204615
0.003976004785079272
0.00404027146406271
0.004083659126758507
0.004119380198079543
0.004168233792916676
0.0042540124758864
0.004398346071208153
0.004615938320183914
0.004911054872746491
0.00527587352348203
0.005690960667274458
0.006127758305061947
0.006552622849902235
0.00693170942146149
0.007235881610872195
0.007444858754439913
0.007549975579196004
0.007555185420326506
0.007476237069626962
0.007338242459345703
0.007172080597859421
0.0070102202858217146
0.006882577437780775
0.006812959243805488
0.006816509834514638
0.006898393034534761
0.007053761701334273
0.007268899609987802
0.00752330054935749
0.007792378011860422
0.008050474407142096
0.008273850372030786
0.008443368880469804
0.008546633628045483
0.008579389779653229
0.008546047019673552
0.008459244276639641
0.00833844863825978
0.008207671645475464
0.008092492121236245
0.008016685520063162
0.007998857169798607
0.008049537552494308
0.008169199155630654
0.008347580339654012
0.008564548589653298
0.008792516254580999
0.009000165993771115
0.009156993467017625
0.00923798023667065
0.009227615790207077
0.009122525712705255
0.008932142743389038
0.008677161044393086
0.008385897061950118
0.008089077720091056
0.007813913450083082
0.007578519146051529
0.007387768839918575
0.00723148891166717
0.007085526969164171
0.006915733744936629
0.0066843480267610835
0.006357780092829385
0.00591444510550265
0.005351180460076389
0.004686928331889268
0.003962767051292785
0.0032379740197355828
0.002582499568262275
0.002066902238952866
0.0017513161700913882
0.0016752868550875015
0.0018502609668363717
0.0022561433731961783
0.002842693393633499
0.003535727995653544
0.004247271346846666
0.004888086623391375
0.005380577888284339
0.005669944915438248
0.005731739259152097
0.005574565661079663
0.0052374976382114635
0.0047826844624513296
0.004284455610146294
0.003816827307075991
0.0034415738323179115
0.00319889540300941
0.003102218050889002
0.0031378903620457406
0.0032696403482948637
0.0034467912146074783
0.003614569018633509
0.003724492553989115
0.0037428793736951774
0.003655921146284583
0.0034704937875392012
0.0032107336038039885
0.0029112604117747217
0.002608595129300036
0.0023326705130368277
0.0021002984760211773
0.0019120402709937086
0.0017532068788270651
0.0015988371531088586
0.0014216356535012185
0.0012011758879462275
0.0009323289411532444
0.0006309407890695952
0.00033525349410101594
0.00010236482650962872
0.0
9.484116051082254e-05
0.00043943406107935495
0.0010601088252437246
0.001948318663368605
0.0030573061888845916
0.004305128383682218
0.005583959952801307
0.006774450319617715
0.007762942739916579
0.008458757999106694
0.008808620507828385
0.008805696098984395
0.008491559672754046
0.007950574246997619
0.007297439314584863
0.006659831406509772
0.006158907061900247
0.0058908170593958715
0.00591222263426178
0.0062321365080889885
0.0068113510530180485
0.007569448736774795
0.008398137137698358
0.009178628508043747
0.0098001650055715
0.010176674632507206
0.010258938833113098
0.010040479747209192
0.009556478685459786
0.008876218449714583
0.008090593921442835
0.007296980619823094
0.0065840727533873905
0.006019163032890124
0.005639781815674421
0.0054507605244322015
0.005426798964359834
0.0055196790981776826
0.005668542009247833
0.0058112462222151525
0.005894804306808867
