0.0009459216372425907
0.0009586019718384572
0.0009718261185790042
0.000985597796937987
0.000999920148665363
0.001014795621679443
0.0010302258542699283
0.0010462115602274317
0.0010627524155158207
0.0010798469471018754
0.0010974924245521324
0.0011156847549995386
0.0011344183820726458
0.0011536861893675057
0.0011734794090273299
0.001193787535977328
0.0012145982483420079
0.0012358973345497311
0.001257668627604489
0.0012798939469778284
0.0013025530485447111
0.0013256235829559335
0.0013490810628066924
0.0013728988389260835
0.0013970480860759115
0.0014214977983092664
0.0014462147942001144
0.0014711637321147186
0.0014963071356542865
0.0015216054293559495
0.001547016984696213
0.0015724981763975208
0.0015980034489947574
0.0016234853935745103
0.0016488948345559492
0.0016741809263383658
0.0016992912595970176
0.001724171976966045
0.001748767897805058
0.0017730226517047613
0.0017968788203467745
0.001820278087293863
0.0018431613952492232
0.0018654691102874782
0.00188714119252573
0.0019081173726705764
0.0019283373338465594
0.001947740898083184
0.0019662682168115767
0.0019838599646981626
0.002000457536121495
0.0020160032435797403
0.0020304405173003164
0.0020437141053099425
0.0020557702732129186
0.0020665570029178813
0.002076024189548625
0.00208412383577287
0.002090810242784125
0.0020960401971760437
0.002099773152955914
0.0021019714079541334
0.002102600273899691
0.002101628239447787
0.0020990271254646576
0.0020947722318964994
0.0020888424755738863
0.0020812205183303365
0.0020718928848434317
0.002060850069639228
0.0020480866327353235
0.002033601283434887
0.002017396951822993
0.001999480847557646
0.0019798645055907815
0.0019585638184990892
0.001935599055150644
0.0019109948654807976
0.0018847802711994864
0.0018569886423017753
0.0018276576593040388
0.00179682926117931
0.0017645495790170294
0.00173086885548428
0.0016958413502176281
0.0016595252313265163
0.0016219824532407296
0.00158327862118547
0.0015434828426179152
0.001502667566008572
0.0014609084073990617
0.0014182839652150804
0.0013748756238588465
0.0013307673466493868
0.0012860454587211455
0.0012407984205316351
0.0011951165926669266
0.0011490919926695682
0.0011028180446469012
0.00105638932244857
0.0010099012872301126
0.000963450020244901
0.0009171319517290572
0.0008710435867634429
0.0008252812290130812
0.0007799407032575663
0.0007351170776359226
0.0006909043865360362
0.0006473953550620957
0.0006046811260134903
0.0005628509903052013
0.0005219921217530414
0.0004821893171369743
0.0004435247424423401
0.0004060776861621383
0.00036992432052353435
0.00033513747147866915
0.0003017863982735453
0.0002699365833795659
0.00023964953354003245
0.00021098259264889976
0.00018398876714133912
0.00015871656453531036
0.00013520984572059432
0.00011350769154661066
9.364428421317788e-05
7.564880391910272e-05
5.954534117251671e-05
4.535282511419097e-05
3.3084968150999105e-05
2.2750227141297074e-05
1.4351781317636361e-05
7.887527074893754e-06
3.350089694030686e-06
7.268520132845159e-07
0.0
1.1465851176648695e-06
4.138603324277358e-06
8.943090480091273e-06
1.552223388533798e-05
2.3833499611927798e-05
3.382977523745732e-05
4.545952753550299e-05
5.8666974623210015e-05
7.339227201582895e-05
8.957171198830868e-05
0.00010713793559652537
0.00012602015666531973
0.00014614439700747525
0.00016743373209722294
0.0001898085463839206
0.00021318679739649364
0.00023748428775693313
0.00026261494419208887
0.0002884911026069378
0.0003150237982597571
0.00034212306006026465
0.00036969820799576765
0.0003976581526778898
0.0004259116959934438
0.0004543678318376799
0.0004829360459062753
0.0005115266135243257
0.0005400508944959662
0.0005684216239673393
0.000596553198308186
0.0006243619550335036
0.0006517664458063213
0.0006786877015857028
0.000705049489010416
0.0007307785571383997
0.0007558048736948775
0.0007800618500178062
0.0008034865539280553
0.0008260199097932239
0.0008476068850981218
0.0008681966628815232
0.0008877427994477722
0.0009062033668128072
0.0009235410793972438
0.0009397234045338998
0.0009547226564135407
0.0009685160731503337
0.0009810858767074367
0.0009924193154829954
0.001002508689417466
0.001011351357544302
0.0010189497279675444
0.001025311230311369
0.001030448270748105
0.0010343781697723041
0.001037123082948951
0.0010387099049236502
0.0010391701570413277
0.0010385398589775425
0.0010368593848425617
0.0010341733042729
0.0010305302090776207
0.0010259825260574454
0.0010205863166631302
0.0010144010642057378
0.001007489449375006
0.0009999171148629268
0.0009917524199277421
0.0009830661857686625
0.000973931432613622
0.0009644231094512351
0.0009546178173635389
0.0009445935274382662
0.0009344292942579472
0.0009242049659782057
0.0009140008920190569
0.0009038976294008002
0.000893975648760246
0.0008843150410833987
0.0008749952261875252
0.0008660946639785263
0.0008576905694989955
0.0008498586327681148
0.0008426727443967654
0.0008362047279399859
0.0008305240799242064
0.0008256977184586635
0.0008217897413091879
0.0008188611942781423
0.0008169698506969964
0.0008161700027977501
0.0008165122656865665
0.0008180433945974595
0.0008208061160560207
0.0008248389735331491
0.0008301761881165541
0.0008368475346739218
0.0008448782339260052
0.0008542888607908144
0.0008650952693018469
0.0008773085343439232
0.0008909349103900714
0.0009059758073621485
0.0009224277836767835
0.0009402825564769023
0.0009595270289879131
0.0009801433348766726
0.001002108899430885
0.001025396517316916
0.0010499744466151671
0.0010758065187745375
0.0011028522640711919
0.0011310670521021212
0.0011604022467909933
0.001190805375332728
0.0012222203104543085
0.0012545874653226976
0.0012878440003865688
0.0013219240413969735
0.0013567589078133221
