0.009469701725051034
0.009137606099352078
0.008725256099470238
0.00830519637423303
0.007942561610311765
0.007684424701765156
0.007553959287709269
0.00755018758124619
0.007652910611397968
0.007831375157671678
0.00805452183563031
0.008300413475668962
0.008562698946551171
0.008852661807947615
0.009196386874205759
0.00962764722573822
0.010178051674846636
0.010866609436787649
0.011691041767980326
0.012622865737217714
0.01360755404017553
0.014570079740782758
0.01542508215549137
0.016089950428667895
0.016498498715960205
0.01661272324032933
0.016430423597222167
0.01598718384696706
0.015352208308986513
0.014618604256882689
0.013889693682295243
0.013263636077259017
0.01281892764379158
0.012603163048439949
0.012626844436510031
0.012863117234386566
0.01325327534757214
0.013716901816818401
0.014164770321831218
0.01451225442369275
0.014691029886457676
0.014657285998780311
0.014395387500259527
0.013916801228087933
0.013254951517136914
0.012457338296114593
0.011576625990253242
0.010662436259728247
0.009755269700720114
0.008883421068216773
0.008063064788998013
0.007301016618856157
0.006599156728763584
0.005959226064757834
0.005386723858045158
0.00489292135843891
0.004494492460502319
0.004210835590129574
0.0040596990848850625
0.004052112569950686
0.0041877923406004
0.004452101557023719
0.0048153314423061665
0.0052345992081312305
0.005658133638703105
0.006031249677434774
0.006302993604133074
0.006432331030520994
0.006392866004093
0.006175388816960109
0.005787981544308986
0.005253870012577896
0.004607602736450932
0.003890383530292422
0.003145441458241349
0.0024141886332491704
0.0017336338129799603
0.0011351600834268718
0.0006444253937511512
0.000281887722910908
6.335137343947868e-05
0.0
9.76066515470924e-05
0.00035493508827563747
0.0007616887462221986
0.0012966360103805492
0.0019266681560584495
0.002607485297709245
0.00328635356978198
0.003906975210969931
0.004416040670185384
0.0047705880742530665
0.00494498093076119
0.004936209588137249
0.004766366869286625
0.004481535343233571
0.004146894816162703
0.003838515170999696
0.003632920481529275
0.0035959748130473413
0.003772852157519377
0.004180760515968445
0.004805696923020396
0.00560387663161995
0.006507712944223931
0.007435459086307864
0.008302997609045947
0.009035890583531077
0.009579755014059235
0.009907313839460079
0.010021044052961937
0.00995109819618428
0.00974897869227545
0.009478152662985417
0.009203282638642691
0.008979931763375405
0.008846453075156926
0.008819324665995854
0.008892533691361183
0.009040867231100811
0.009226275298513829
0.009405956688287191
0.009540571832846194
0.009601046323583306
0.00957277396898882
0.00945658567311426
0.009266508175534571
0.009024966565944838
0.008756566510739342
0.008481837253051853
0.008212282882555216
0.00794778965298345
0.007676934703227675
0.007380137721809546
0.007035011018458647
0.006622809008803821
0.006134642227388491
0.0055761475085554435
0.004969587969286329
0.004352838244473936
0.0037752990047363304
0.0032913678432969
0.002952561136119013
0.002799646402446291
0.0028561589179193396
0.003124439092287527
0.003584884345670042
0.004198544172243298
0.004912604265994984
0.005667811006352703
0.006406569215842112
0.007080358034941484
0.007655263154445775
0.008114785639380272
0.008459588377669627
0.008704387713212174
0.008872691225490236
0.008990436324120542
0.009079739318112538
0.00915389923221115
0.009214533296116637
0.009251305635274496
0.009244225818283465
0.009168027935172301
0.008997775872404494
0.008714637839146876
0.008310763613257059
0.007792376965756538
0.007180525860303225
0.00650935173016649
0.005822170609260385
0.005166027861373094
0.004585633036019999
0.0041176640482261445
0.0037863418413105303
0.003600938987502628
0.0035555441774731723
0.0036310211000950138
0.0037987414884182048
0.004025398095586607
0.004278057493626106
0.004528615041089809
0.004756959544004893
0.004952413500773378
0.00511333861933793
0.005245128053355658
0.005357089143731076
0.005458905575891314
0.005557425244432595
0.00565444122963546
0.00574593273303463
0.005822945736260372
0.005873969415907584
0.005888360456919664
0.005860137285223726
0.005791352415848838
0.005694277560083125
0.005591803907555155
0.005515746368897909
0.005503101897648294
0.005590690057738709
0.005808934779787161
0.00617577023572267
0.006691725904684887
0.00733714383104831
0.008072210106878629
0.008840076561974943
0.009572866017724843
0.010199870326339129
0.010656845013447613
0.010895050052350197
0.01088863505174637
0.010639140385212447
0.010176268923749803
0.009554625529790884
0.008846743132567612
0.008133316852585573
0.0074920506420042155
0.006986798088554099
0.006658694172448681
0.006520712854612589
0.006556577407862168
0.006724270506595751
0.006963646001357535
0.007206956625897367
0.00739059972433599
0.007466139475177194
0.007408739803689375
0.007221535176158816
0.006935120144351559
0.006602149415764868
0.006287874391890877
0.006058157325396953
0.005966974580545872
0.006045558825332068
0.006295104396223213
0.00668440088603247
0.007152956081616296
0.007619253918761019
0.00799292122481459
0.008188898860058844
0.008141347204071975
0.007815028721755365
0.0072123024343243095
0.0063745714020960464
0.005377924671799523
0.004323655331585873
0.0033251552576982263
0.0024932454830375386
0.0019222060898066396
0.0016785913498558458
0.0017943927345813928
0.0022653432190086033
0.0030542819727261035
0.004098676037045161
0.005320769007205604
