2.1496580582225063e-05
9.480681239300293e-06
2.2445940683149274e-06
0.0
2.8663378672628363e-06
1.0870284183336649e-05
2.3946897647422055e-05
4.194237386339304e-05
6.461832888850845e-05
9.165750532939766e-05
0.00012267077217174524
0.00015720526971880078
0.0001947535342178299
0.00023476342320991202
0.0002766486525215353
0.0003197997492362496
0.00036359522198603825
0.000407412750464685
0.00045064020010537995
0.0004926862752373572
0.0005329906345393793
0.0005710333059867191
0.000606343254441283
0.0006385059732191896
0.0006671699910105232
0.0006920522070195745
0.0007129419897202449
0.0007297039977492614
0.0007422797047563585
0.0007506876330685447
0.0007550223233912122
0.000755452089070059
0.0007522156233099764
0.0007456175458603353
0.0007360229917402342
0.0007238513583465516
0.0007095693385648838
0.0006936833761422832
0.0006767316854879883
0.000659275981204397
0.0006418930630292185
0.0006251663995569556
0.0006096778492194952
0.0005959996497040335
0.0005846867974770964
0.0005762699276089915
0.0005712487909293156
0.0005700864109929548
0.00057320398771965
0.0005809765982239825
0.0005937297286188214
0.0006117366537954634
0.0006352166656928679
0.0006643341346874822
0.00069919837376601
0.0007398642613619447
0.0007863335663888331
0.0008385569082997931
0.0008964362761164188
0.0009598280234319923
0.0010285462514920717
0.001102366489633564
0.0011810295816208779
0.0012642456877101542
0.0013516983155135512
0.0014430482977992043
0.0015379376420861803
0.0016359931850829588
0.0017368299944497784
0.001840054470794185
0.0019452671139723694
0.0020520649293919685
0.0021600434618148996
0.0022687984558618273
0.002377927153749743
0.002487029251489788
0.0025957075445901317
0.0027035683030276723
0.0028102214226786225
0.002915280406369158
0.003018362232094897
0.0031190871686708104
0.0032170786000583432
0.003311962918861327
0.003403369547012695
0.0034909311375562056
0.003574284005763508
0.0036530688307554516
0.0037269316604867653
0.003795525243603708
0.003858510701516541
0.003915559543284003
0.003966356014840246
0.00401059976296912
0.004048008783512523
0.004078322612851525
0.004101305711975546
0.004116750983696011
0.004124483355987344
0.0041243633582461236
0.004116290612616598
0.004100207159572943
0.0040761005357756175
0.004044006522893118
0.004004011488624258
0.003956254245552271
0.003900927359653213
0.0038382778481704655
0.0037686072160203884
0.0036922707907417807
0.0036096763280426348
0.0035212818730023894
0.0034275928757034058
0.003329158574220873
0.0032265676722106618
0.0031204433525084847
0.003011437681897298
0.0029002254752243817
0.0027874976990766454
0.0026739545059897285
0.002560297999433281
0.002447224837367162
0.0023354187878190692
0.0022255433535463003
0.002118234584304615
0.0020140941944889494
0.0019136831009102526
0.0018175154902504533
0.0017260535183585798
0.0016397027341230421
0.0015588083093286324
0.0014836521428706051
0.0014144508931780502
0.0013513549769516306
0.0012944485556312436
0.0012437505136839526
0.0011992164151642484
0.00116074140738038
0.001128164023238776
0.0011012708172673878
0.0010798017547626543
0.0010634562592727703
0.001051899811008939
0.0010447709780259816
0.0010416887533602549
0.001042260064945559
0.001046087321193261
0.0010527758537239983
0.0010619411199292344
0.0010732155318281904
0.0010862547840249578
0.0011007435623695471
0.0011164005260441805
0.001132982469045808
0.001150287582188587
0.0011681577535379113
0.0011864798633090018
0.0012051860483875128
0.0012242529314045458
0.0012436998293548027
0.0012635859767065201
0.001284006817435113
0.00130508943904418
0.0013269872390549028
0.0013498739303045766
0.0013739370053793482
0.001399370792330254
0.0014263692432375367
0.0014551186039921226
0.0014857901176974365
0.001518532915253219
0.0015534672449122515
0.0015906781879021675
0.001630209999634502
0.0016720612056926791
0.0017161805688642102
0.0017624640281745487
0.001810752693452538
0.0018608319597142708
0.0019124317849349703
0.0019652281529596
0.002018845720779611
0.0020728616265894644
0.0021268104123571565
0.002180189992523465
0.002232468579305284
0.0022830924553257277
0.002331494466312151
0.002377103090748753
0.002419351929963209
0.0024576894514447695
0.0024915888104650166
0.002520557570480113
0.0025441471414571755
0.0025619617572505337
0.002573666818458893
0.0025789964357634566
0.002577760020460704
0.002569847783583942
0.0025552350224203966
0.0025339850930889674
0.0025062509898133587
0.002472275475229617
0.002432389731094677
0.0023870105246729632
0.002336635912411355
0.002281839528796229
0.002223263534043463
0.00216161031903237
0.002097633089199716
0.0020321254705248934
0.0019659102998566083
0.0018998277782878523
0.0018347231797563647
0.0017714343172610426
0.0017107789758250334
0.0016535425244491471
0.0016004659186939002
0.0015522343011804818
0.0015094663992522336
0.001472704907398693
0.0014424080269877099
0.0014189423176151688
0.001402576993262388
0.0013934797727979057
0.0013917143685714512
0.0013972396693621826
0.0014099106452334863
0.0014294809724108475
0.0014556073466519197
0.0014878554242408217
0.001525707301232121
0.0015685704144023816
0.00161578772202732
0.0016666489995493764
0.0017204030648553734
0.001776270730623045
0.001833458267341933
0.0018911711504337085
0.0019486278585909601
0.0020050734881556283
0.002059792950132668
0.002112123522272959
0.002161466538481849
0.0022072980114653247
0.0022491780017949935
0.0022867585671710678
0.0023197901492450794
0.002348126281531609
0.002371726530244188
0.0023906576098488203
0.002405092646221134
0.0024153085919803533
0.0024216818303029277
0.002424682034734926
0.0024248643826775508
