0.0027295087832597104
0.0032598345826163793
0.0037445530912185348
0.004141936926725114
0.004425212952583669
0.004585102092876385
0.0046296313517835645
0.004581432949912007
0.004473122539210244
0.00434160196034676
0.004222230867068942
0.004143753173641795
0.004124672376731726
0.004171487713883884
0.004278884473109329
0.004431670300867439
0.004608009910379792
0.00478336275679637
0.004934483481475128
0.005042897243116292
0.00509739160097039
0.005095245100460421
0.005042109310122398
0.004950647632748695
0.0048381889595096195
0.004723763379503032
0.004624944807237189
0.004554932060370015
0.004520260444734153
0.004519457479117557
0.004542847270811541
0.004573577113046389
0.004589796933630423
0.004567778676822383
0.004485631945890628
0.0043271693667639305
0.0040854156176700655
0.0037652514180404675
0.003384746607224338
0.002974865614776105
0.002577415130773423
0.0022413282661813447
0.002017613704098019
0.001953508664559718
0.0020865270668206965
0.0024391608291675177
0.0030149557114187145
0.0037965415833894015
0.004745965377658665
0.005807383554396462
0.006911861110021641
0.007983742048500605
0.008947844790252464
0.009736627742004313
0.010296481528111943
0.010592432415902613
0.010610764847652169
0.010359353506740044
0.009865792443277469
0.009173675451859837
0.008337580436122436
0.007417416732778403
0.006472801099118013
0.005558045192481265
0.004718188769313163
0.003986330741782984
0.00338232835247058
0.0029127815418204385
0.002572113255798341
0.002344502340250208
0.0022064169006957564
0.0021295167233950922
0.002083723954622136
0.0020402841777145838
0.0019746448314874
0.0018689641350525818
0.0017140411099275583
0.0015104432564940376
0.001268622865080996
0.0010078722240626503
0.0007540792711796026
0.0005364024797533994
0.0003831667744464201
0.000317459127213743
0.00035303523393683846
0.0004912011194566869
0.0007192796435720114
0.0010111030255884152
0.0013297016407892142
0.0016320212281226206
0.0018751474922704806
0.0020232102217051205
0.0020539380258831745
0.0019637858684846236
0.001770683829325049
0.0015137507321821538
0.0012497438304395867
0.001046513251771968
0.0009742187807036022
0.0010954650977811724
0.0014557492144896605
0.002075643907868691
0.0029459497723254057
0.004026658729782933
0.005250039580588548
0.006527562160364927
0.007759812988897049
0.008848110096868228
0.009706267483946707
0.010270929774709323
0.010509098137616395
0.010421866161384529
0.010043915780161932
0.009438906142901665
0.008691435116707356
0.007896685669260675
0.007149130693573682
0.006531732001309111
0.006106935894091833
0.005910471263836365
0.005948550096677991
0.006198618919874952
0.006613377198038473
0.007127418867499248
0.007665602941700747
0.008152135141693533
0.008519342254836056
0.008715226658792482
0.008709073203406498
0.008494614560321703
0.008090516716624788
0.007538201505161038
0.006897262176588589
0.006238940135348776
0.0056383074332224045
0.005165931344286906
0.004879873187399256
0.004818880595787354
0.004997558343018602
0.005404139953743416
0.006001232312438339
0.006729583242094848
0.007514557510334532
0.008274643551844037
0.008931003735004422
0.009416878341720846
0.009685601581114634
0.009716112100043164
0.009515139400951597
0.009115690359976612
0.008571987849818455
0.007951547240463996
0.00732552922605449
0.006758799024991076
0.006301194703386491
0.0059813377213993775
0.005803924393729305
0.005750875915489192
0.005786087442826108
0.0058629116239905564
0.005933045970588123
0.005955252753863408
0.0059023733914098965
0.005765407227096682
0.005553957898958295
0.005293017170018022
0.005016737112976627
0.004760411967808822
0.004552243076710755
0.004406524020545238
0.004319640254441609
0.004269766615119677
0.004220456404341419
0.004127572168095917
0.003948348596129266
0.003650927478560326
0.003222552499213369
0.0026747933256956523
0.0020446581433462827
0.0013911679356788885
0.0007877776981423824
0.0003117922801131462
3.2497211975399294e-05
0.0
0.00023670041640711653
0.0007328885652249546
0.0014472789971373915
0.0023124498697767734
0.003244317893634151
0.004154092706321941
0.004960741245646878
0.005601926621228922
0.006041676634584033
0.006273629326223597
0.00631948718296835
0.006223144483270884
0.006041683092524268
0.005834930950095008
0.00565545910933091
0.005540731835142225
0.005508657926401603
0.0055571137262073675
0.0056672500761256114
0.005809699765981729
0.005952296953255217
0.006067695026326028
0.006139359140503356
0.006164788604738825
0.006155412691647721
0.00613328357114682
0.006125329389194368
0.006156407178207021
0.006242621114189291
0.0063863082116559725
0.006573758485015364
0.006776198978751799
0.006953937110472362
0.007062950785496278
0.007062745439290155
0.006924057015590574
0.006635005615619546
0.006204586585768449
0.005662865727467292
0.005057829344329114
0.0044494177532062775
0.003901737408393705
0.0034747213726751868
0.0032165489902816462
0.0031579470365589437
0.0033091226711241747
0.00365960128240017
0.004180753088073376
0.004830380958338092
0.005558477519893441
0.006313178455024081
0.007046039322011572
0.007716008244179727
0.008291793955111683
0.008752664267812637
0.009087985054001853
0.009295973989664766
0.009382174443795556
0.00935806178446421
0.009240013057318749
0.009048655103726742
0.008808414036636555
0.008546970055621887
0.008294305439779602
0.008081123623614416
0.007936590557425686
0.007885562443982409
0.007945662466177856
0.008124701561896746
0.008418967199923664
0.008812815035525893
0.00927980351625544
