0.0006681577474756063
0.000604255477030076
0.0005417635065512456
0.0004814057995808594
0.00042389470488791894
0.0003699193284199334
0.00032013406881662625
0.0002751475190733831
0.00023551193297985948
0.00020171344743503722
0.00017416324076007786
0.00015318979286330753
0.00013903239578555546
0.00013183604305257147
0.00013164780371880433
0.0001384147623831513
0.0001519835802105676
0.0001721017045534126
0.00019842022660630483
0.00023049835813664207
0.0002678094702052594
0.0003097486094213026
0.00035564138114516607
0.00040475406462694
0.0004563048027814558
0.0005094756895558346
0.0005634255610001902
0.0006173032825166676
0.0006702613145919302
0.0007214693328098554
0.0007701276752282377
0.0008154803913540359
0.0008568276719677354
0.0008935374478632022
0.000925055958053549
0.0009509171039503249
0.0009707504251964658
0.0009842875549098597
0.0009913670367098677
0.0009919374126442083
0.000986058519560801
0.0009739009611002072
0.0009557437528190222
0.0009319701684786001
0.0009030618457280465
0.0008695912387604687
0.0008322125335251675
0.0007916511672556109
0.0007486921179732794
0.0007041671508385707
0.000658941226374262
0.0006138982903686409
0.0005699266764150032
0.0005279043593641004
0.0004886843013233149
0.0004530801311653478
0.00042185239381265687
0.00039569559691321216
0.00037522627005674367
0.00036097223560216363
0.00035336327076121573
0.0003527233181326387
0.0003592643767788068
0.000373082178601543
0.0003941537256622041
0.00042233673369007846
0.00045737099584119306
0.000498881649328666
0.0005463842963718928
0.0005992919005263456
0.0006569233503665933
0.0007185135551876366
0.0007832249123190796
0.0008501599632297494
0.0009183750362089292
0.000986894657364497
0.0010547264992413592
0.001120876627737744
0.0011843648033198464
0.0012442395918778359
0.0012995930439314986
0.0013495747082172282
0.0013934047568387696
0.0014303860139471402
0.0014599146980750091
0.001481489709476265
0.0014947203177504552
0.0014993321312582752
0.0014951712579150485
0.001482206596411348
0.0014605302272596087
0.0014303559037955975
0.0013920156738629638
0.0013459546928706754
0.0012927243177436746
0.0012329735985135547
0.0011674393094761241
0.0010969346845689863
0.001022337041532374
0.0009445744961960111
0.0008646119816243209
0.0007834367966508966
0.0007020439144008247
0.0006214212836604125
0.0005425353543961949
0.0004663170534012738
0.00039364842707262577
0.000325350155873579
0.00026217012934458836
0.00020477325187807254
0.00015373262820300628
0.00010952225400677452
7.25113117650009e-05
4.296014509198496e-05
2.101795722171413e-05
6.722251051556084e-06
0.0
6.705112153572966e-07
8.449915880053656e-06
2.295719592200116e-05
4.372163277954798e-05
7.019154234544486e-05
0.00010174414117340171
0.00013769637275828917
0.00017731650943813584
0.0002198363353993055
0.0002644637095262595
0.0003103953034966163
0.00035682931059496806
0.0004029779241611277
0.00044807939129937115
0.0004914094572995616
0.0005322920289526962
0.0005701089003288403
0.0006043084023295018
0.0006344128570971001
0.0006600247397993317
0.0006808314730197215
0.0006966088025751147
0.0007072227276337965
0.0007126299821100574
0.0007128770880527487
0.000708098024729158
0.000698510578952693
0.0006844114625598356
0.0006661703014860343
0.0006442226173351325
0.0006190619364372465
0.0005912311729440552
0.000561313441365027
0.0005299224599982621
0.0004976927099019638
0.00046526951438380674
0.00043329920150278684
0.00040241950687696726
0.0003732503663127517
0.0003463852376012434
0.0003223830784886252
0.0003017610935782285
0.00028498834704915213
0.00027248032089111
0.0002645944801859903
0.0002616268881539829
0.00026380989457136495
0.0002713109021028695
0.00028423219641135976
0.00030261180793530974
0.0003264253562661384
0.0003555888123936867
0.0003899620999720892
0.0004293534444095278
0.0004735243681874453
0.0005221952225121889
0.0005750511392980974
0.0006317482836370853
0.0006919202853442363
0.0007551847288582744
0.0008211495836553607
0.0008894194623004638
0.0009596016001723858
0.0010313114595826033
0.0011041778712611845
0.0011778476377770557
0.001251989536145634
0.0013262976703907045
0.0014004941388941832
0.001474330995708597
0.0015475914993434573
0.0016200906565953974
0.0016916750825108416
0.001762222210302762
0.0018316388967629
0.0018998594792158678
0.001966843349176419
0.0020325721154516928
0.0020970464353642247
0.002160282596981286
0.0022223089376793488
0.0022831621850411526
0.002342883805005288
0.002401516439425028
0.0024591005108378214
0.0025156710664219198
0.0025712549259714864
0.002625868190428887
0.002679514158264582
0.0027321816869986726
0.0027838440266320084
0.0028344581409238236
0.002883964521543398
0.002932287489360007
0.002979335966734522
0.0030250046948436704
0.0030691758609940035
0.0031117210927386505
0.0031525037685452193
0.003191381588902116
0.003228209347191184
0.0032628418364657854
0.003295136826494999
0.003324958045076813
0.0033521780986659954
0.0033766812697573452
0.00339836613213679
0.0034171479299596125
0.003432960672513274
0.0034457589033271892
0.003455519109842659
0.0034622407479784753
0.0034659468644379215
0.0034666843083117896
0.003464523532249
0.0034595579920038595
0.0034519031613450173
0.003441695186955495
0.0034290892149080147
0.003414257426425666
0.003397386825814218
0.0033786768275813877
0.0033583366927663607
0.0033365828663413435
0.003313636268194387
0.0032897195896634092
0.003265054645896686
0.003239859831521052
0.003214347723286254
0.0031887228686250436
0.0031631797935454454
0.0031379012570938543
0.003113056772947998
0.0030888014116807086
0.003065274890049004
0.003042600946481352
0.003020886994931063
0.003000224042603168
0.002980686850904711
