0.0038961720873019615
0.003553016760143521
0.0034537969428682
0.0036101426469544963
0.004002571707282923
0.004581885728514789
0.00527483264692676
0.005993369672152056
0.006646276261717607
0.007151460991332768
0.007447151633505927
0.007500287455952315
0.007310832927019532
0.006911343224646593
0.006361838179762459
0.005740765641035151
0.005133439519959932
0.0046197225780744405
0.004262825896131929
0.004100899440804229
0.004142624706887847
0.004367368871393648
0.004729729060504244
0.0051676063506533474
0.005612414770032569
0.005999736092301082
0.0062787201634358705
0.006418797891048873
0.006412768024784545
0.006275950570417464
0.0060417591726550715
0.005754620450863989
0.005461565987124098
0.005203981588363269
0.005010900454666178
0.0048948984031840165
0.004851155262772588
0.004859677891012077
0.004890137222979936
0.004908346224764606
0.004883165535169191
0.004792602139793411
0.004628057806917562
0.004396046071528277
0.004117159723464344
0.0038225513621057113
0.0035486049425086717
0.003330758856440768
0.0031975494592051497
0.0031658682749423073
0.003238188217587425
0.0034021619609334985
0.003632593380041714
0.0038953995830646833
0.004152877939989015
0.004369414080177955
0.004516734223750234
0.0045779145976348485
0.004549585826701972
0.004442068526712138
0.004277497207972791
0.004086283035418461
0.003902490400572554
0.003758830029101339
0.003681991532150313
0.0036889564140024384
0.0037847678106040427
0.00396201424062293
0.004202044255329372
0.0044776993289892585
0.004757161348546329
0.005008379170121757
0.005203477982179397
0.0053225691451183384
0.005356462369366265
0.005307925398823255
0.005191322192114335
0.005030668286596471
0.004856348358886958
0.0047009218777605425
0.004594575334345197
0.004560844695277254
0.0046132167284967055
0.004753118930061877
0.0049696320128616665
0.005241024885060496
0.005537948779053437
0.005827871197472081
0.006080120847069775
0.0062707876936483106
0.006386704084061121
0.006427834887473784
0.006407619580762709
0.006351110704835387
0.006291098204806285
0.0062627442986589385
0.006297522917244033
0.006417412877855852
0.006630302421695683
0.00692741507318352
0.0072832794400452885
0.007658379636475366
0.008004198297836974
0.008269969727407454
0.008410163253586421
0.008391568958818136
0.008198888376881253
0.007837940806059963
0.007335950589294853
0.0067388255798341255
0.006105799400813794
0.005502213675909919
0.004991494424799002
0.004627483922080941
0.004448209548936345
0.004471920736020743
0.004695849371590316
0.005097714260743824
0.005639571419811762
0.006273279484492712
0.00694665632164153
0.007609375588802389
0.008217786355043414
0.008738101818784205
0.009147739459444474
0.009434938477706985
0.00959706681958939
0.009638209205988606
0.009566672402008466
0.009392955128721334
0.009128534785139739
0.008785569005746403
0.00837735458198657
0.007919185051065352
0.007429143656831137
0.006928381063342783
0.006440552231701549
0.005990295204569939
0.005600879385622803
0.005291377695096659
0.005073874912273717
0.004951277169266697
0.004916220562979608
0.004951400918281134
0.0050313955305058555
0.005125770978782111
0.0052030244555775
0.005234739599303502
0.005199285836227183
0.00508446417214483
0.0048886884360635485
0.004620552943086717
0.004296924116959458
0.003939948859401812
0.0035735471490818487
0.0032200179250153026
0.0028973263298870005
0.002617472296839282
0.0023861021683421416
0.0022032671207005247
0.00206500830802556
0.0019653044347507343
0.0018978809999279835
0.001857456545793599
0.0018401705685614474
0.001843161058743202
0.0018634861476010999
0.0018967625866979504
0.001935982692399323
0.001970949155469359
0.0019886361637480835
0.0019745720730327083
0.0019150886351827611
0.0018000492829047111
0.0016255069283004596
0.0013956896715049253
0.0011237883055463596
0.0008312138497722108
0.0005452726234777125
0.00029551768825548247
0.00010931725389736954
7.374843747496446e-06
0.0
8.484371219400454e-05
0.0002465897147816516
0.00045876859020613225
0.0006874938638452652
0.0008965751361313104
0.0010532066284057312
0.001133308654340596
0.001125637992839761
0.0010339751608229569
0.0008770082607676404
0.0006859089185415768
0.0004999693661547917
0.00036097607243770324
0.000307183189024807
0.00036778991390779264
0.0005587184428228467
0.0008802587428902841
0.001316838844025556
0.0018388516411620994
0.002406178012887487
0.002972837128985172
0.0034920950062083188
0.003921375969943998
0.004226431501543274
0.004384393757246833
0.004385535938748654
0.004233739536685845
0.003945800191484298
0.003549775960739028
0.0030825975290338066
0.002587136936191979
0.0021088954273001076
0.0016924479110601398
0.0013777895233443413
0.0011967739263821983
0.0011699028229416341
0.0013037979641470402
0.0015897294165466338
0.002003556646510466
0.002507341518794043
0.00305271117607639
0.003585801473907003
0.004053335646595064
0.004409139679733889
0.004620221136403522
0.004671489813819768
0.004568305192526266
0.0043362980227685585
0.004018301339500899
0.003668681364579658
0.003345803796031819
0.003103723352678903
0.0029843723466516235
0.0030115014302477656
0.00318738301900067
0.003492856595877643
0.0038907438206063714
0.004332084967781184
0.004764150914860981
0.005138860745456976
0.00542014944524302
0.005589006231819076
0.005645316466595585
0.005606218231985151
0.005501324576253837
0.005365745689840115
0.005232261184519127
0.005124159664396244
0.005050144912643696
0.005002322831732364
0.004957699732283683
0.0048829488780416
0.004741565784128001
