0.002539153958265982
0.0024554113060253407
0.0023738490333884204
0.0022941022963568454
0.0022157703190351786
0.002138428374275039
0.002061640426297906
0.001984972189884633
0.0019080043487082008
0.001830345668103256
0.0017516457352144432
0.0016716070621587199
0.001589996295595369
0.0015066542888473046
0.0014215048102911793
0.0013345616838718174
0.0012459341839511583
0.001155830536842733
0.0010645594148033831
0.0009725293443812841
0.0008802459892222085
0.0007883073070370202
0.0006973966207204137
0.0006082736838498777
0.0005217638602416689
0.00043874557515926954
0.00036013623143905374
0.0002868768165295208
0.00021991545559044883
0.00016019019077934517
0.00010861128714575227
6.604338071811286e-05
3.328779404949836e-05
1.1065348428382707e-05
0.0
6.036191282842926e-07
1.3262218510298827e-05
3.822391599319968e-05
7.55888930027886e-05
0.00012530157933832772
0.0001871452602829342
0.00026073926307389845
0.0003455388374044282
0.00044083779948909116
0.0005457739620794272
0.0006593373244689399
0.0007803809478143598
0.0009076343928765183
0.001039719550404686
0.0011751686496957333
0.0013124441891680513
0.0014499604948717748
0.0015861065794262159
0.0017192699455773096
0.0018478609559650265
0.001970337374253119
0.002085228672868824
0.0021911596994868034
0.0022868732982128
0.0023712514922024537
0.002443334852093727
0.002502339698921205
0.002547672820784143
0.0025789434190116177
0.002595972041355483
0.0025987963061959835
0.0025876732721294
0.0025630783608105757
0.002525700796672447
0.0024764355842192515
0.0024163721010378317
0.0023467794415241968
0.0022690887016135622
0.0021848724475814693
0.002095821661335921
0.0020037204996797386
0.0019104192449879705
0.0018178058588956933
0.001727776578297971
0.0016422060137004024
0.0015629172233139112
0.0014916522419701162
0.0014300435417805065
0.0013795868914404283
0.0013416160632871445
0.001317279811890562
0.0013075215154444075
0.0013130618320171513
0.0013343846774130663
0.001371726780688799
0.001425071018068338
0.0014941436669803267
0.0015784156601548669
0.0016771078561623898
0.0017892002784911471
0.0019134452112957669
0.0020483839773618832
0.0021923671636579203
0.0023435780030869506
0.002500058568659703
0.002659738389166841
0.0028204650543336533
0.002980036343096649
0.0031362333816422434
0.003286854318668057
0.0034297479943137263
0.003562847076574053
0.0036842001448281324
0.0037920022143297723
0.003884623217904364
0.003960633991347018
0.004018829346647344
0.0040582478615864784
0.004078188064756614
0.0040782207508365635
0.004058197221123334
0.0040182533079016714
0.003958809107204402
0.003880564411810194
0.003784489903852525
0.0036718142330799996
0.0035440071715334867
0.0034027590971399857
0.00324995711646736
0.0030876581897018294
0.0029180596679494173
0.002743467693462746
0.002566263946706366
0.0023888712497636805
0.0022137185530513533
0.0020432058413714657
0.0018796694958635903
0.0017253486404252452
0.0015823529847959173
0.001452632652030089
0.001337950445934012
0.0012398569747490732
0.0011596690015871817
0.0010984513406208157
0.0010570025616529742
0.0010358447053693963
0.001035217148295697
0.001055074691280774
0.0010950898792656955
0.0011546594942459503
0.0012329150987569005
0.0013287374449445586
0.0014407745053199913
0.0015674628265702978
0.0017070518581715289
0.0018576308637904542
0.0020171579862424153
0.002183491006650132
0.0023544193158613067
0.0025276966014420406
0.002701073746848405
0.002872331440736125
0.0030393120037108053
0.003199949956930101
0.003352300881500061
0.003494568149094828
0.003625127142096925
0.0037425466251263715
0.003845606978336332
0.00393331505545926
0.00400491548539013
0.004059898294146096
0.004098002783370727
0.004119217661169737
0.004123777479992419
0.004112155493550014
0.004085053099465796
0.00404338608561332
0.003988267945116198
0.003920990567032685
0.003843002646200214
0.003755886186039653
0.003661331491894785
0.0035611110694061263
0.003457052852301644
0.0033510131867675753
0.003244849995295489
0.0031403965317626167
0.0030394361217809794
0.002943678258444357
0.002854736394008828
0.002774107733350603
0.0027031552959214
0.002643092470101203
0.0025949702381179093
0.002559667201889539
0.002537882491097753
0.002530131585381061
0.002536745033595234
0.002557870005460091
0.0025934745653930736
0.0026433545156698776
0.00270714261693768
0.0027843199591533656
0.0028742292257589704
0.0029760895687822135
0.003089012792905556
0.0032120205326254714
0.0033440620985612903
0.003484032666802259
0.00363079148882699
0.003783179808815326
0.003940038189824055
0.004100222969947571
0.004262621593782738
0.004426166592737736
0.004589848019378656
0.004752724175451457
0.004913930509768919
0.005072686600100783
0.005228301171826474
0.005380175144677095
0.005527802736694613
0.005670770690882083
0.005808755724259621
0.0059415203305747885
0.006068907096200956
0.0061908317133192795
0.006307274894922088
0.006418273412183878
0.0065239104860930095
0.006624305771788103
0.006719605175752668
0.006809970742939157
0.0068955708431564485
0.00697657087388679
0.007053124680405523
0.007125366874037644
0.007193406206046381
0.007257320128513179
0.007317150645185986
0.0073729015252307
0.007424536921730155
0.0074719814052608136
0.007515121391565523
0.007553807911845473
0.0075878606451100315
0.0076170731049073435
0.007641218848129086
0.007660058551901458
0.007673347786243994
0.007680845295531237
0.007682321591089293
0.00767756765068099
0.007666403518279647
0.0076486865994196875
0.0076243194534782715
0.007593256894340712
0.007555512224811869
0.0075111624475629486
0.0074603523159873075
