0.0016936169843185262
0.0017454010220327382
0.0017989181372533507
0.0018530484794482807
0.0019067192565840022
0.001958920720455808
0.00200872081874295
0.0020552782958414527
0.0020978540521769218
0.002135820602209458
0.002168669504182784
0.002196016669274961
0.002217605493588313
0.0022333077927662046
0.0022431225553342653
0.00224717256652951
0.002245698988814447
0.0022390540179125858
0.0022276917635197773
0.0022121575313594527
0.002193075707527868
0.0021711364667452056
0.0021470815428817538
0.0021216893127263834
0.0020957594522408806
0.0020700974284068086
0.002045499089205559
0.0020227356093364315
0.0020025390401046707
0.0019855886987045464
0.001972498615151234
0.0019638062347097536
0.0019599625502145592
0.0019613238126019944
0.0019681449397616355
0.0019805747139544803
0.001998652827070832
0.0020223088014461247
0.002051362782359604
0.002085528167243468
0.0021244160065481406
0.0021675410826382385
0.002214329546496545
0.002264127967812993
0.0023162136326086618
0.0023698059042147643
0.0024240784484593717
0.002478172112514907
0.0025312082391670985
0.002582302194355786
0.002630576885717488
0.0026751760534718004
0.0027152771222173347
0.0027501034128565357
0.0027789355277141993
0.002801121738662197
0.0028160872273773926
0.002823342048366509
0.002822487708684268
0.002813222282918486
0.002795344007570982
0.0027687533249703515
0.0027334533728566876
0.0026895489413314468
0.002637243943536323
0.0025768374698047552
0.002508718516740136
0.002433359502374034
0.002351308695945526
0.002263181705665534
0.00216965217988418
0.002071441886214539
0.001969310339286738
0.0018640441508721844
0.0017564462761438648
0.0016473253268940854
0.0015374851167365838
0.0014277145948449477
0.0013187783138375571
0.0012114075642646453
0.0011062922930737027
0.0010040739067418499
0.000905339041806983
0.0008106143666572994
0.0007203624590144846
0.0006349787839333386
0.0005547897776998793
0.00048005202408826406
0.0004109524913642297
0.00034760978150512843
0.00029007632762098417
0.00023834146175087298
0.00019233526327994653
0.00015193308834020487
0.00011696067284467466
8.719969633810983e-05
6.239369066098478e-05
4.225417650564412e-05
2.6466912239536677e-05
1.4698142784212026e-05
6.600741735341819e-06
1.8201471188514229e-06
0.0
7.874053691491953e-07
3.837746070730827e-06
8.818992756676192e-06
1.5415465656934847e-05
2.3331017088512596e-05
3.2291616792350965e-05
4.204733512285473e-05
5.237373155849139e-05
6.307266771147569e-05
7.397257476964838e-05
8.492821490949554e-05
9.581998451098925e-05
0.00010655281384888173
0.00011705472323336871
0.0001272750992618566
0.0001371827568970559
0.00014676385351397982
0.00015601971990500765
0.00016496467057668996
0.0001736238516248966
0.00018203117917508192
0.00019022741498609438
0.00019825841852417472
0.00020617360682059012
0.00021402464494596745
0.00022186438118796162
0.00022974603223016653
0.00023772261501983855
0.0002458466137933901
0.0002541698631024511
0.0002627436208340404
0.0002716187993093398
0.0002808463177164232
0.0002904775354950228
0.00030056472392914115
0.00031116153216732443
0.0003223234042003776
0.00033410790496879146
0.0003465749167021303
0.000359786670733609
0.0003738075852793546
0.0003887038858912681
0.0004045429923279337
0.00042139266326366755
0.00043931989837758725
0.00045838960572790275
0.00047866305070811224
0.0005001961110865823
0.0005230373704350247
0.0005472260894491302
0.0005727901010606704
0.0005997436806567844
0.0006280854470004109
0.0006577963524520224
0.0006888378227200664
0.0007211501065389802
0.0007546508943449171
0.0007892342621787247
0.0008247699927168032
0.0008611033195696279
0.0008980551338862721
0.0009354226839828675
0.0009729807893262775
0.0010104835799302065
0.0010476667612621929
0.0010842503933386257
0.00111994216103823
0.0011544411010402985
0.0011874417394449137
0.0012186385833115637
0.001247730899307575
0.0012744277036256155
0.001298452879531508
0.0013195503325404197
0.001337489088466807
0.0013520682365974132
0.0013631216191108053
0.0013705221686891081
0.0013741857990774169
0.0013740747581442406
0.0013702003597420359
0.0013626250192801696
0.0013514635282839463
0.0013368835151650004
0.0013191050527778677
0.001298399387859945
0.001275086782894193
0.0012495334770189735
0.0012221477890414431
0.0011933754020812216
0.0011636938855626186
0.0011336065258690537
0.001103635551658632
0.0010743148533132675
0.001046182307969292
0.0010197718317930585
0.0009956052893856997
0.0009741843962263854
0.0009559827537291537
0.000941438157673404
0.0009309453193946937
0.0009248491351605108
0.0009234386326226571
0.0009269417142007618
0.0009355208058245148
0.0009492695058077988
0.0009682103129521594
0.000992293495527996
0.001021397143845433
0.0010553284290210512
0.0010938260696179418
0.0011365639864517568
0.0011831561043973001
0.0012331622388885332
0.001286094984371551
0.001341427502629324
0.0013986020910208962
0.0014570393946165632
0.0015161481122881126
0.0015753350353189754
0.0016340152482831882
0.0016916223160099476
0.0017476182775580413
0.001801503268375254
0.0018528245952596826
0.0019011850953638654
0.0019462506202216241
0.0019877564985075727
0.002025512846780311
0.0020594086155789073
0.002089414278655271
0.002115583095503872
0.002138050901326038
0.002157034403736607
0.0021728279914558684
0.0021857990864805653
0.002196382097332631
0.0022050710564785873
0.0022124110494356904
0.0022189885659854376
0.0022254209248746566
0.002232344942001762
0.002240405027999729
0.002250240914020488
0.002262475214129606
0.0022777010388219756
0.002296469876615053
0.0023192799593744423
0.0023465653219514613
0.0023786857579036224
0.0024159178606331082
0.002458447323386765
0.0025063626524479787
