0.00026192015766326755
0.00022328555682125419
0.00018588490351035755
0.00015014713199200478
0.00011659299614368273
8.582937289566914e-05
5.854149714856847e-05
3.548322986672743e-05
1.7465499326103397e-05
5.343091637258213e-06
0.0
2.333572057262867e-06
1.3237720641936894e-05
3.358548465860322e-05
6.421124339698638e-05
0.00010589289890418699
0.0001593343469075371
0.00022514855703414244
0.0003038415776691738
0.0003957977697847917
0.0005012665576056433
0.0006203509623019937
0.0007529981583569911
0.0008989922612660205
0.0010579495202990333
0.0012293160517672943
0.0014123682072217105
0.001606215627958112
0.0018098069928416836
0.0020219384215398183
0.0022412644505347672
0.0024663114555388416
0.002695493351906608
0.0029271293650545184
0.0031594636264442406
0.0033906863179955058
0.003618956059439957
0.003842423209609394
0.004059253734389512
0.004267653281395289
0.004465891094574212
0.004652323401058388
0.004825415907705259
0.004983765055827221
0.005126117699450325
0.005251388894801566
0.005358677516249618
0.005447279446174804
0.005516698122700198
0.005566652269285849
0.005597080673219788
0.005608143925330909
0.005600223080059753
0.005573915242588531
0.005530026137273329
0.0054695597583625825
0.005393705249163095
0.005303821198691732
0.005201417584730014
0.005088135628433383
0.004965725857651836
0.0048360247033799215
0.004700929975837623
0.004562375583241749
0.004422305867105302
0.0042826499327407236
0.0041452963524821985
0.004012068612021212
0.0038847016573059657
0.00376481988092209
0.0036539168630733672
0.0035533371536270644
0.003464260348666071
0.0033876876781572295
0.003324431281318768
0.0032751063037160526
0.0032401259057378753
0.0032196992266349264
0.003213832302480864
0.003222331890988194
0.003244812111808204
0.0032807037684741557
0.003329266178182907
0.0033896012987772884
0.0034606699091596104
0.003541309570438377
0.0036302540708152845
0.00372615403790687
0.0038275983881280538
0.003933136274117731
0.004041299188042173
0.004150622880961093
0.004259668766184351
0.004367044487495241
0.00447142335099742
0.004571562341804716
0.00466631847341305
0.004754663247883916
0.004835695038385995
0.0049086492415976995
0.004972906085344899
0.005027996015987654
0.005073602629817254
0.0051095631524185935
0.00513586650894105
0.005152649065872644
0.005160188160627225
0.005158893568474124
0.0051492970865549955
0.005132040441492565
0.005107861750014651
0.0050775807807783265
0.0050420832799431565
0.0050023046328459084
0.0049592131392894164
0.004913793180471663
0.004867028551523427
0.004819886225145233
0.00477330079916115
0.004728159864229188
0.004685290507818269
0.004645447147286563
0.0046093008589283
0.004577430341686065
0.0045503146243720625
0.004528327594242336
0.004511734393169115
0.004500689696004831
0.004495237854562682
0.004495314860470148
0.0045007520514721774
0.00451128145902298
0.004526542670618795
0.004546091058648798
0.004569407208881947
0.004595907366309812
0.004624954704112014
0.004655871213120405
0.0046879500043838
0.0047204678162654674
0.004752697519865726
0.004783920422317143
0.004813438176457631
0.004840584117303564
0.004864733860330713
0.004885315013494887
0.004901815873823353
0.004913792999893479
0.004920877573179425
0.004922780483674287
0.004919296097964823
0.004910304690635259
0.00489577354210604
0.0048757567273928545
0.00485039364044837
0.004819906317404331
0.004784595638883459
0.004744836506359965
0.004701072100121447
0.004653807336578797
0.004603601650389673
0.00455106123206076
0.00449683085437965
0.004441585421252752
0.004386021370390562
0.004330848056928637
0.004276779238682524
0.00422452477552283
0.004174782645566203
0.0041282313697759985
0.004085522924435601
0.004047276208092478
0.004014071116269159
0.003986443263794715
0.003964879381313955
0.003949813399654877
0.003941623223530789
0.00394062818475124
0.003947087154915043
0.003961197288626608
0.003983093360745914
0.004012847655146813
0.004050470357974803
0.004095910405480505
0.004149056735138295
0.0042097398888822895
0.004277733918811443
0.004352758548507074
0.004434481547015878
0.00452252127740242
0.0046164493873696874
0.004715793615572655
0.004820040693687374
0.004928639330821379
0.0050410032732378166
0.005156514438398913
0.005274526127811263
0.005394366327889484
0.00551534111188144
0.00563673815867947
0.005757830405968093
0.0058778798555527735
0.005996141547832824
0.006111867720216693
0.006224312160857704
0.006332734764474862
0.006436406291314898
0.0065346133236365185
0.00662666340661479
0.0067118903524574485
0.0067896596780015195
0.006859374137342732
0.006920479302376772
0.006972469135744831
0.007014891492819742
0.007047353482284237
0.007069526608769464
0.007081151616155303
0.007082042946677762
0.007072092729112256
0.007051274209142582
0.00701964453668917
0.006977346828523848
0.0069246114299700914
0.0068617563068641575
0.006789186508178647
0.006707392650688321
0.006616948389650922
0.006518506853505126
0.006412796035840698
0.006300613154125091
0.00618281800160045
0.0060603253360964554
0.005934096366919219
0.005805129418144336
0.005674449863227696
0.005543099441513637
0.0054121250816393
0.005282567369690798
0.00515544881096771
0.005031762043089222
0.004912458164693624
0.00479843534794523
0.004690527904315326
0.004589495971537946
0.004496015985199291
0.004410672091095298
0.0043339486443314795
0.004266223928243617
0.004207765210739908
0.004158725237808289
0.004119140243949499
0.004088929537482829
0.004067896695363817
0.004055732377722098
0.0040520187471711116
