0.003345362409732304
0.003161329740507691
0.002985966329138474
0.0028200395668986113
0.0026641466844097854
0.0025187099117424923
0.0023839746870107773
0.0022600109185775207
0.0021467172530962655
0.0020438282497598735
0.0019509243112027582
0.0018674441743730796
0.0017926997211640738
0.0017258928294144856
0.0016661339507241342
0.001612462072959826
0.0015638657028280364
0.0015193044878357314
0.0014777310876078796
0.0014381129020204757
0.0013994532679627533
0.0013608117476632997
0.0013213231491863587
0.0012802149435973713
0.0012368227729743697
0.0011906037783682103
0.0011411475163642338
0.0010881842763667418
0.0010315906573454257
0.0009713923117273676
0.000907763814529154
0.0008410256668179477
0.0007716384932782787
0.0007001945431606843
0.0006274066513412432
0.000554094860807848
0.0004811709488428003
0.00040962113579090347
0.0003404872869644934
0.0002748469444066059
0.00021379254547358598
0.00015841019917529897
0.00010975839870235905
6.884704946511812e-05
3.661718627426865e-05
1.3921741127020937e-05
1.5077046571203984e-06
0.0
9.887358055308583e-06
3.1510448430011224e-05
6.505248133152879e-05
0.000110532453039075
0.00016780116205985813
0.00023654007546854454
0.0003162630760596124
0.00040632107165750617
0.0005059093990760662
0.0006140779076332773
0.0007297435616201117
0.0008517053584642439
0.0009786613202382808
0.0011092272812913738
0.0012419571647092325
0.0013753644155227694
0.0015079442394876868
0.001638196283145008
0.0017646473839396763
0.0018858740185081413
0.00200052408282552
0.0021073376496007446
0.0022051663658928388
0.002292991177062315
0.0023699380914453737
0.0024352917330368005
0.0024885064664066426
0.0025292149184074205
0.002557233764251249
0.002572566690507529
0.0025754044937223546
0.0025661223199064244
0.0025452740962953607
0.002513584251783603
0.0024719368655261136
0.002421362423685009
0.0023630224015161504
0.002298191921349935
0.002228240765998986
0.00215461305128013
0.002078805880312668
0.0020023473157846825
0.0019267740142942468
0.001853608869100771
0.0017843390041881323
0.0017203944535666453
0.0016631278454389965
0.001613795391527294
0.0015735394578882058
0.0015433729653874851
0.0015241658361875433
0.0015166336676997235
0.0015213287780899412
0.0015386337282585955
0.0015687573849211206
0.001611733548681494
0.0016674221305028004
0.0017355128204064132
0.0018155311542196934
0.001906846848348829
0.002008684239439873
0.002120134635912338
0.002240170362147371
0.002367660253957485
0.0025013863461522327
0.002640061479758697
0.002782347547891098
0.002926874095438568
0.003072256988622317
0.0032171168759484296
0.00336009717195965
0.0034998813092056063
0.0036352090216754214
0.0037648914441809128
0.003887824836401674
0.004003002767022212
0.00410952662209019
0.004206614331864291
0.004293607241448439
0.004369975081871238
0.004435319029417992
0.004489372871427497
0.004532002325922497
0.004563202589883004
0.004583094216268517
0.0045919174426726755
0.004590025114430473
0.004577874361832677
0.0045560172046374345
0.0045250902671724776
0.004485803793928549
0.00443893015865551
0.004385292059653553
0.004325750590329208
0.004261193367345432
0.004192522889073972
0.0041206452848417735
0.0040464596009762
0.003970847753254267
0.0038946652574320755
0.0038187328304722518
0.003743828935308025
0.0036706833218920834
0.0035999715972774744
0.00353231083795257
0.0034682562389655547
0.0034082987768586075
0.003352863847386431
0.0033023108246738302
0.0032569334760855335
0.003216961156801039
0.0031825607000220317
0.0031538389129512653
0.0031308455851806975
0.003113576914872854
0.0031019792590258072
0.00309595311704514
0.003095357261632622
0.00310001293743086
0.0031097080556949167
0.003124201322231379
0.0031432262456683987
0.003166494983503021
0.003193701994015462
0.003224527472747889
0.0032586405625308935
0.0032957023357337695
0.0033353685562656585
0.003377292236643436
0.0034211260119789643
0.0034665243578719694
0.00351314568281176
0.003560654327721479
0.00360872250569484
0.0036570322137937767
0.0037052771460559133
0.0037531646327034662
0.003800417625090014
0.003846776739343336
0.003892002364167188
0.003935876830084496
0.003978206628791708
0.004018824662515882
0.004057592494597751
0.004094402564241887
0.0041291803207502914
0.0041618862258478535
0.004192517567157523
0.004221110021706709
0.004247738905730442
0.004272520046133154
0.004295610209891506
0.0043172070304961395
0.004337548375264484
0.00435691110398926
0.004375609177848322
0.004393991087676709
0.004412436582430513
0.004431352691751988
0.004451169050735163
0.0044723325500150065
0.004495301349856002
0.004520538312670322
0.004548503924006455
0.004579648787162692
0.0046144057908401
0.004653182062306218
0.0046963508300566
0.004744243329619952
0.0047971408936660605
0.004855267372690028
0.004918782035049296
0.00498777309485594
0.0050622520130606755
0.005142148710947984
0.005227307826191555
0.005317486129653475
0.0054123512063664996
0.005511481486792834
0.0056143676947377884
0.005720415756500618
0.005828951192303926
0.005939224986138826
0.006050420904315273
0.00616166420666512
0.006272031667983444
0.006380562801398873
0.006486272150428854
0.006588162492990797
0.006685238779080472
0.00677652260464826
0.006861067007824425
0.006937971360446624
0.007006396118161472
0.007065577186482639
0.007114839658307597
0.007153610680670828
0.007181431215019857
0.00719796646604309
0.00720301476898114
0.007196514744264819
0.0071785505510168265
0.007149355097132168
0.007109311092945814
0.007058949867474886
0.006998947900398086
0.006930121058770345
0.006853416564387824
