0.0049398637223199565
0.004815691312094535
0.00468426238407758
0.0045463508541081655
0.004402825712973299
0.004254641141871719
0.004102825091659915
0.00394846648643837
0.003792701238231317
0.003636697282866734
0.0034816388672244338
0.003328710334390655
0.003179079665600275
0.0030338820458921923
0.002894203723952181
0.002761066435550048
0.002635412654253962
0.0025180919227657033
0.0024098485033892747
0.0023113105670255424
0.00222298111695833
0.002145230816917583
0.0020782928628951766
0.0020222600054326093
0.0019770837941338448
0.0019425760795620853
0.001918412770071538
0.0019041398031435298
0.001899181253092404
0.0019028494602339446
0.0019143570314107388
0.0019328305287667127
0.0019573256334462297
0.0019868435440075416
0.0020203483462790887
0.0020567850725806435
0.0020950981540402537
0.0021342499604457815
0.002173239117877381
0.0022111182953887367
0.0022470111582650653
0.00228012819681936
0.0023097811561394914
0.002335395813424624
0.0023565228752225817
0.002372846796594068
0.002384192357506567
0.0023905288680571585
0.0023919719128411665
0.002388782585278453
0.002381364204303648
0.002370256547819251
0.0023561276789902576
0.0023397634821153836
0.0023220550637471377
0.0023039842112809396
0.002286607134759808
0.002271036747562789
0.0022584237674381203
0.0022499369405506522
0.002246742707459057
0.0022499846409261464
0.002260762990990044
0.002280114672671275
0.0023089940260436342
0.002348254667232738
0.002398632732398133
0.0024607317951674235
0.0025350097116764335
0.002621767616761927
0.002721141260461643
0.002833094836374335
0.002957417413250752
0.003093722039100292
0.0032414475438161984
0.003399863022575165
0.003568074938793353
0.003745036742955094
0.0039295608628902735
0.004120332882749867
0.0043159276926630595
0.0045148273594480025
0.0047154404413224165
0.0049161224467791104
0.005115197120033144
0.005310978223004081
0.005501791476867807
0.00568599632490272
0.0058620071826716285
0.006028313851433995
0.006183500785887581
0.006326264927616635
0.006455431840610976
0.006569969914470656
0.006669002433906636
0.006751817349306724
0.006817874621822904
0.006866811056974016
0.006898442582439191
0.006912763967817974
0.006909946025923183
0.006890330375931359
0.00685442188774281
0.0068028789635320094
0.006736501846077799
0.006656219173485309
0.006563073025848453
0.006458202730827202
0.006342827711685018
0.0062182296727929355
0.006085734423794774
0.005946693644474602
0.005802466887900131
0.005654404109757033
0.005503828997154039
0.0053520233508710085
0.005200212751427943
0.005049553711933997
0.004901122489960923
0.004755905697260196
0.0046147928106405394
0.0044785706504086985
0.004347919855141409
0.004223413343899631
0.004105516720013725
0.0039945905349418635
0.003890894297085664
0.0037945920794507006
0.0037057595522263865
0.003624392242230696
0.003550414801150319
0.0034836910489580517
0.0034240345480739272
0.0033712194579325464
0.0033249914187119104
0.00328507821705976
0.0032511999956196715
0.0032230787818165133
0.0032004471294268186
0.003183055688568702
0.003170679545456686
0.003163123202069764
0.0031602240972085412
0.0031618546036536284
0.003167922470630756
0.0031783697158619868
0.003193170006449115
0.003212324602008026
0.003235856966178971
0.0032638061832309154
0.0032962193443513534
0.003333143092808891
0.003374614537997912
0.0034206517649966227
0.003471244178343772
0.0035263429260022493
0.003585851651757403
0.003649617821515297
0.003717424861138398
0.0037889853306963097
0.003863935342523779
0.003941830408565385
0.0040221428765289235
0.004104261084830166
0.0041874903337230365
0.004271055734965844
0.004354106965520771
0.00443572491280438
0.004514930160611897
0.004590693226751506
0.004661946426371833
0.004727597199657311
0.004786542709688342
0.004837685486462648
0.004879949866947022
0.004912298959108527
0.00493375184062266
0.004943400690753581
0.00494042754703921
0.004924120377089877
0.0048938881601200464
0.004849274682776692
0.004789970769298504
0.00471582468683251
0.004626850492543491
0.004523234119581145
0.004405337033534988
0.00427369732914611
0.004129028178125738
0.003972213582263434
0.003804301430855528
0.003626493907077335
0.0034401353334692244
0.0032466975914101047
0.003047763292522251
0.002845006920620629
0.0026401742003552974
0.0024350599824118696
0.0022314849644097306
0.002031271590917835
0.001836219494825018
0.0016480808552760647
0.0014685360542372639
0.0012991700143074746
0.0011414495945739943
0.0009967024091664454
0.0008660974148342201
0.0007506275896201385
0.0006510949948835406
0.000568098477996343
0.0005020242335427674
0.0004530393974249273
0.00042108880161161695
0.00040589496812386576
0.0004069613700325215
0.00042357893558768326
0.0004548357199622771
0.0004996296183324626
0.0005566839449846622
0.0006245656566562568
0.0007017059551688797
0.0007864229653307946
0.0008769461497339444
0.0009714420930403388
0.0010680412651430976
0.0011648653556044835
0.0012600547613189268
0.0013517958056166826
0.0014383472700946198
0.0015180658303024456
0.0015894300028796457
0.0016510622345739779
0.0017017487924126506
0.0017404571486782513
0.0017663505937053337
0.001778799853219262
0.0017773915342722277
0.001761933274017196
0.0017324555177762348
0.0016892099062477458
0.001632664305382081
0.001563494565554751
0.001482573148310683
0.0013909548082954822
0.0012898595642227826
0.0011806532350968645
0.0010648258557268554
0.0009439683182209946
0.0008197476131110871
0.0006938810645985456
0.0005681099688075414
0.0004441730516586209
0.0003237801639302024
0.00020858662526144394
0.00010016861638590703
0.0
