0.005875873700666138
0.005842319610237371
0.005802629270696854
0.005756556101679161
0.005703927466026824
0.005644649506963457
0.005578710659238291
0.005506183763738256
0.0054272267402667475
0.005342081799313095
0.005251073200201765
0.005154603589524078
0.005053148979725426
0.004947252452663943
0.004837516696406207
0.004724595505042114
0.004609184390479419
0.004492010471656187
0.004373821820072826
0.004255376450736903
0.0041374311543355856
0.0040207303695691315
0.0039059952940277798
0.003793913427775654
0.0036851287359893127
0.0035802326057233404
0.0034797557573438306
0.0033841612536472192
0.003293838729487811
0.0032090999422444166
0.00313017571908068
0.003057214351147264
0.0029902814581169767
0.0029293613192356563
0.0028743596399204907
0.0028251076963528793
0.002781367774993896
0.0027428397999778404
0.0027091690193657503
0.0026799546016820783
0.0026547589773857176
0.002633117746260965
0.0026145499614169
0.002598568593854266
0.002584690978529378
0.0025724490435775635
0.0025613991288458097
0.002551131208046246
0.002541277340529682
0.002531519193675247
0.0025215944949186814
0.002511302293160043
0.002500506932311677
0.002489140664634555
0.002477204857794066
0.0024647697767456803
0.002451972949118768
0.0024390161501765175
0.0024261610701657734
0.002413723752418615
0.0024020679144339035
0.0023915972858893067
0.0023827471166886828
0.002375975024360286
0.002371751363067271
0.0023705493059134573
0.0023728348379314884
0.00237905685900462
0.002389637593948022
0.002404963501086056
0.0024253768610076184
0.002451168213935209
0.0024825697975468177
0.0025197501174515314
0.002562809760207949
0.002611778534211095
0.002666613997426009
0.002727201403319378
0.002793355067966784
0.0028648211327425305
0.0029412816687890003
0.0030223600421672133
0.0031076274327498593
0.0031966103760485897
0.0032887991757501855
0.003383657016209313
0.003480629588894031
0.0035791550351293128
0.003678673999691554
0.0037786395860593736
0.0038785270045321968
0.003977842709018231
0.00407613282701743
0.004172990700052108
0.004268063368319331
0.004361056853371048
0.004451740115815523
0.004539947590958459
0.004625580233488299
0.004708605032233342
0.004789052987115174
0.004867015572101216
0.004942639739609216
0.00501612155282128
0.005087698562113626
0.005157641069705316
0.005226242452108268
0.005293808732494083
0.0053606476142020205
0.005427057201877491
0.005493314647799434
0.005559664967550697
0.005626310271111619
0.0056933996526020835
0.005761019974239508
0.005829187767686317
0.005897842458988532
0.0059668411020018875
0.0060359547798937655
0.006104866805407129
0.006173172818558958
0.006240382845867411
0.006305925348661689
0.006369153250174286
0.006429351892628783
0.006485748837121113
0.006537525381461224
0.006583829635004616
0.006623790955551714
0.006656535522290974
0.006681202791129979
0.006696962555165706
0.0067030323139935025
0.0066986946414727844
0.006683314232801829
0.006656354308558971
0.006617392055902365
0.006566132795443703
0.006502422576379189
0.0064262589221268105
0.006337799473734253
0.006237368308338942
0.006125459744540984
0.006002739485162676
0.0058700429899090495
0.0057283710152370906
0.005578882305553843
0.005422883467916532
0.005261816110890211
0.00509724137629931
0.0049308220394553084
0.004764302398228105
0.004599486213254164
0.004438212999878668
0.004282333006402735
0.004133681242206971
0.003994050942781895
0.0038651668761359318
0.0037486589060897898
0.0036460362323249567
0.0035586627245658684
0.00348773375888688
0.0034342549479093993
0.0033990231337706666
0.0033826099834972615
0.003385348491207355
0.003407322650904676
0.0034483605181191714
0.0035080308289871754
0.0035856432923167827
0.0036802526145844994
0.0037906662605414793
0.0039154558940898984
0.004052972386263477
0.004201364220454943
0.004358599070411846
0.004522488274877739
0.004690713884954219
0.004860857917108207
0.005030433406986615
0.005196916827480811
0.0053577814093649385
0.005510530884769595
0.005652733163085871
0.0057820534458469085
0.0058962862918012695
0.005993386155747876
0.006071495944590862
0.0061289731612165724
0.006164413240795712
0.006176669724459655
0.0061648709613727985
0.006128433081309544
0.006067069035146757
0.005980793559331066
0.005869923981448848
0.0057350768465465616
0.005577160406825933
0.005397363079768423
0.005197138040629196
0.004978184173609238
0.004742423660931207
0.00449197653963174
0.004229132601331286
0.003956321049825909
0.003676078364434478
0.003391014843103633
0.0031037803179114845
0.0028170295465311185
0.0025333877862518507
0.0022554170522766344
0.0019855835493108693
0.0017262267451546253
0.0014795305274504108
0.0012474968503860913
0.0010319222375797308
0.0008343774612527451
0.000656190666890934
0.000498434157737932
0.0003619149955607637
0.000247169514119044
0.00015446178063464313
8.37859792889228e-05
3.487263035972018e-05
7.1985000207643035e-06
0.0
1.2289824115789896e-05
4.287652100513906e-05
9.038665986875255e-05
0.00015328920943960891
0.00022992172018793068
0.00031851787645060647
0.0004172359690460415
0.0005241878302126102
0.000637467771474384
0.0007551810712494679
0.0008754715725099757
0.0009965479712932025
0.0011167084039525998
0.0012343629742181577
0.0013480538998052209
0.001456473001778074
0.0015584763073734653
0.0016530955876931062
0.0017395467047087265
0.0018172346964820797
0.0018857555844632025
0.0019448949412695915
0.001994623310559002
0.0020350886216105825
0.002066605789190608
0.002089643733425767
0.0021048100940355883
0.0021128339477670096
0.002114546866701022
0.002110862677837517
