0.0012558856529533292
0.0012861402648461668
0.001315994089476948
0.001345416338433809
0.0013743743487278992
0.0014028336309634412
0.0014307579312530013
0.0014581093066987525
0.0014848482141957633
0.0015109336122494494
0.0015363230754366936
0.0015609729210789187
0.0015848383476359368
0.001607873584271896
0.001630032050989362
0.0016512665286747687
0.0016715293383483157
0.001690772528864178
0.0017089480722627436
0.0017260080659357792
0.0017419049407280459
0.0017565916740651824
0.0017700220071677352
0.0017821506653852063
0.0017929335806620322
0.0018023281151295805
0.0018102932848046791
0.0018167899823658827
0.0018217811979737743
0.0018252322371010345
0.001827110934341871
0.0018273878621786546
0.0018260365336962472
0.0018230335982514871
0.0018183590291265552
0.0018119963022204476
0.00180393256486238
0.0017941587938645742
0.0017826699419694258
0.001769465071887305
0.0017545474771661646
0.0017379247891824107
0.001719609069594098
0.0016996168876520959
0.0016779693818223548
0.0016546923052324746
0.0016298160545182281
0.0016033756817103184
0.001575410888868113
0.0015459660052352473
0.0015150899467614345
0.0014828361579054
0.0014492625357052044
0.0014144313361741194
0.0013784090631522947
0.0013412663398165527
0.0013030777631223146
0.001263921741522755
0.0012238803163804003
0.0011830389675553691
0.0011414864037218259
0.0010993143380299629
0.0010566172497944411
0.0010134921329515369
0.0009700382320860868
0.0009263567668852445
0.0008825506459290831
0.0008387241707777031
0.0007949827313607873
0.0007514324937180669
0.0007081800811778584
0.0006653322500955164
0.0006229955613041287
0.0005812760484559495
0.000540278884454773
0.0005001080471966639
0.0004608659858489196
0.00042265328890504165
0.00038556835525646637
0.0003497070695201252
0.0003151624828542966
0.00028202450048386753
0.00025037957713995194
0.00022031042159787037
0.00019189571147195717
0.00016520981939534187
0.0001403225516782181
0.0001172989004988652
9.619881063835573e-05
7.707696172225623e-05
5.9982566881189e-05
4.495918868675482e-05
3.204457316049948e-05
2.127050259131632e-05
1.2662667831259133e-05
6.240560671437684e-06
2.017386828647447e-06
0.0
1.8885736726846798e-07
2.5779968552757607e-06
7.155036369667486e-06
1.3901195159191733e-05
2.2791337366369954e-05
3.379403774856032e-05
4.687166946917192e-05
6.198051377648284e-05
7.907089130548199e-05
9.808731465670386e-05
0.00011896866182544027
0.00014164836997535794
0.00016605464897268517
0.00019211071402102362
0.000219735036662968
0.0002488416133430329
0.00027934025065758203
0.0003111368663514188
0.00034413380505798636
0.00037823016772077977
0.00041332215357797806
0.00044930341354058835
0.0004860654137467922
0.0005234978080319648
0.0005614888180150155
0.0005999256194676509
0.0006386947336038155
0.0006776824219022504
0.0007167750830557489
0.0007558596506265815
0.0007948239899785248
0.0008335572930522832
0.0008719504695526771
0.0009098965331228603
0.0009472909810930943
0.0009840321664090182
0.00102002166036718
0.0010551646048133927
0.001089370052492519
0.001122551294276187
0.0011546261720377733
0.00118551737599149
0.0012151527253644444
0.0012434654313270026
0.001270394341167384
0.0012958841627609475
0.001319885668452987
0.0013423558775456134
0.0013632582166543691
0.0013825626572782123
0.0014002458300072524
0.0014162911148756945
0.001430688707452683
0.0014434356603507525
0.0014545358999200596
0.0014640002179862202
0.0014718462385800426
0.0014780983596983923
0.0014827876702265702
0.0014859518422434801
0.0014876349990213288
0.001487887559121155
0.0014867660570738682
0.0014843329412233767
0.0014806563493933922
0.001475809863122424
0.0014698722412918308
0.0014629271340494843
0.0014550627780061474
0.0014463716737529045
0.0014369502468155456
0.001426898493225588
0.0014163196109471434
0.0014053196184541175
0.0013940069618028808
0.001382492111591443
0.001370887151237095
0.001359305358040336
0.00134786077853345
0.001336667799637283
0.0013258407171694614
0.0013154933032614178
0.0013057383742500447
0.0012966873606125647
0.0012884498805103104
0.0012811333184984245
0.001274842410944137
0.0012696788396762988
0.0012657408353632222
0.0012631227920847394
0.001261914894527866
0.0012622027591936082
0.0012640670909554418
0.0012675833562579909
0.0012728214741876604
0.0012798455265854772
0.0012887134883066264
0.0012994769786611154
0.0013121810349960342
0.001326863909302359
0.001343556888648149
0.0013622841401559375
0.0013830625811552285
0.00140590177505156
0.001430803853362119
0.0014577634642743919
0.001486767747989504
0.0015177963390158396
0.0015508213954815659
0.0015858076554374676
0.0016227125200239884
0.0016614861632791573
0.001702071668267547
0.001744405189114718
0.0017884161384372867
0.0018340273995660675
0.0018811555628690322
0.0019297111853924824
0.001979599072953046
0.0020307185837304268
0.002082963952331288
0.0021362246332187387
0.002190385662329792
0.002245328035635281
0.0023009291033329765
0.0023570629783057906
0.0024136009574227176
0.002470411954211005
0.0025273629413842223
0.0025843194016722114
0.0026411457853660436
0.002697705972963683
0.002753863741280429
0.00280948323137262
0.002864429416613133
0.002918568569253401
0.002971768723808877
0.003023900135612846
0.003074835732897704
0.003124451560782735
0.0031726272155732484
0.0032192462678076947
0.003264196672526408
0.0033073711652786943
0.003348667642433036
0.003387989524408527
0.0034252461005043018
0.0034603528540667686
0.003493231766802444
0.0035238116011163684
0.0035520281594323983
0.003577824519531865
0.003601151245030778
0.003621966570202693
0.0036402365584442976
0.003655935233773261
0.0036690446848427014
0.0036795551410533835
