0.008913461736850235
0.008504821937147154
0.008082648873832103
0.007633687398284468
0.007146054336456341
0.006614493710619901
0.006044607581738217
0.005455111860927396
0.004877489734919603
0.0043528771584720825
0.003926534091159882
0.0036407362479134015
0.0035272728864503815
0.0036008854160331145
0.0038548934539651084
0.004259936498130506
0.004766260606473757
0.0053093849114064316
0.005818396550609229
0.006225649429546786
0.006476368285155398
0.006536636291503789
0.00639847908719243
0.006081211884312265
0.005628811583535152
0.005103710099294095
0.004577969726423148
0.004123201099488083
0.003800754188226633
0.003653629364127201
0.0037012401487486342
0.003937672885754331
0.004333519977305854
0.004840811964864978
0.005400131537659629
0.005948727634587027
0.006428393275781233
0.006792020522189194
0.007008058048985455
0.007062503316559091
0.006958482679047582
0.006713833522401872
0.006357345301368622
0.005924411476861656
0.005452793400409474
0.0049790300019937886
0.0045357933953016774
0.004150247784294455
0.0038432700053471955
0.0036292715685517997
0.003516338540581826
0.0035064674901401256
0.0035957935512030063
0.003774839429454819
0.004028919875909545
0.004338882172490846
0.004682334144477042
0.005035412533306074
0.005375000905112367
0.005681155461349072
0.005939380833210098
0.006142351395226539
0.00629071665446176
0.006392760857673333
0.0064628846185495106
0.006519100491172877
0.006579936772837927
0.00666127832795184
0.0067737066011770855
0.0069208208468539405
0.007098841106239552
0.007297545572611247
0.007502331524499012
0.007696965967651613
0.007866458433952263
0.00799947484038995
0.00808982316843559
0.008136756685670302
0.00814411267102292
0.008118574142608024
0.0080675476325352
0.007997242612980428
0.0079114924642866
0.007811677926639022
0.007697837351101761
0.007570733315263325
0.007434363733825829
0.007298225526914461
0.007178609603775804
0.007098346165624186
0.007084711410977396
0.00716559811372418
0.007364465190553195
0.007694926961285107
0.008156040997857153
0.008729349442117892
0.009378506251441161
0.010051910115355358
0.010688228956161533
0.011224145323072431
0.011603181610571497
0.011784177953222792
0.011747960667331381
0.01150097581814262
0.01107513905222219
0.010523789053632729
0.009914313249915447
0.009318613041366816
0.008802975855350715
0.008419041645350175
0.008197362913551899
0.008144589946523612
0.00824465154157818
0.008463570336498409
0.008756891023455947
0.009078237756186285
0.009387345181409879
0.009656060792377567
0.009871265505269438
0.01003431565663556
0.010157341258557101
0.010257393409851538
0.010349881977291892
0.010442887376940293
0.010533732890792825
0.010608701438855377
0.010646072329557651
0.010621884145902944
0.010517161774867877
0.010324925324778885
0.010055226793811212
0.00973676887903364
0.009414303653118967
0.009141870011592473
0.008972840356343808
0.00894852285376145
0.009087537886487824
0.009378240858834857
0.009776061322274043
0.010206822478546814
0.010576030201959278
0.010782971335602538
0.010737456049592232
0.010376380175135137
0.009677115325985492
0.00866511478506492
0.0074140074215675155
0.006037699068227579
0.004675395737512163
0.0034717548928407424
0.0025553190023040696
0.0020188046466112896
0.0019046171298856334
0.002198153071138249
0.002830171143093056
0.0036879730871475897
0.004633613838735582
0.005526124139388056
0.006244007027032445
0.006704197167041099
0.0068742694875239445
0.0067758505435443345
0.0064787182225836334
0.006086701170852321
0.005717918654989065
0.005482878847944075
0.005464304198343425
0.005702215131641447
0.006186840715189295
0.0068605127906214355
0.007628094691408342
0.008373986840436786
0.008982609613586776
0.009358690507245
0.009443774459179296
0.009226107912739253
0.008742277603027539
0.008070483865560061
0.007316819636075458
0.006597139905457431
0.006017827089244967
0.005658864431796557
0.005562115922665576
0.005726685131087313
0.0061118869627613485
0.006646969200197804
0.007245523803382052
0.00782174744257099
0.008305480404593663
0.008653300983753692
0.008853798083628786
0.008926315955514377
0.008913732558124937
0.00887095491941545
0.00885158223347524
0.008895463290274675
0.009019618652048957
0.009214271292549505
0.009444682078298404
0.009658326440335986
0.009795901152957228
0.009803914687822303
0.00964632711635422
0.009312913806180989
0.008822683367097038
0.00822165182266957
0.007575371183306552
0.006957620161492168
0.0064373962600921325
0.006066666325324012
0.005871181927158078
0.005846081186580724
0.005957095818414221
0.006147135010796948
0.006347024149956806
0.006488420492797472
0.00651654594083926
0.006400432970707828
0.006138854828344981
0.005760909535409597
0.005321196101633775
0.004890480374600298
0.004543523956624064
0.004346208161588625
0.004344154014327998
0.004554720193293909
0.004963625374650199
0.005526615792525397
0.006175737914594818
0.006829033810432484
0.007401977552300259
0.007818788476940225
0.008021903291107777
0.00797831538769696
0.007682100213940831
0.007153117260962123
0.0064324875483379755
0.00557588753101914
0.004645913148655886
0.003704737123709016
0.002808042169391601
0.0020008332723565406
0.0013153044325835573
0.0007705498719192457
0.00037363877658683903
0.00012145601601421495
2.75101975309288e-06
0.0
9.091490818875433e-05
0.00024965790262164965
0.00044798115981933406
0.000656567704674425
0.0008467881638942231
0.0009929307819359079
0.001074753154647454
0.0010800036183232133
