0.0034265057032586786
0.0034169423002499283
0.003404169045464505
0.0033881949279816513
0.0033690366952683
0.0033467188461388823
0.0033212735999945953
0.0032927408423712176
0.0032611680469042444
0.003226610173899468
0.0031891295457760257
0.0031487956997269606
0.0031056852180193512
0.0030598815364316495
0.0030114747313998887
0.0029605612865165306
0.002907243839095682
0.0028516309075860306
0.002793836600677781
0.002733980309011991
0.0026721863804597514
0.002608583779994373
0.0025433057352320263
0.0024764893687648755
0.0024082753184554856
0.0023388073469020687
0.002268231941320722
0.0021966979051231666
0.0021243559424964737
0.0020513582373147014
0.001977858027731298
0.0019040091778154153
0.0018299657476048264
0.001755881562953064
0.0016819097865485235
0.0016082024914786715
0.0015349102387032512
0.0014621816597863424
0.0013901630462185856
0.0013189979466376686
0.0012488267732275768
0.001179786418545064
0.001112009883985545
0.0010456259210601948
0.0009807586866116564
0.0009175274130475454
0.0008560460946190698
0.0007964231907167435
0.0007387613470965896
0.0006831571358885472
0.0006297008151742978
0.0005784761088546438
0.0005295600074570503
0.0004830225904624092
0.00043892687065657523
0.000397328660937185
0.00035827646392983404
0.0003218113846902295
0.00028796706669064127
0.000256769651210208
0.0002282377601696089
0.00020238250237164415
0.00017920750303058693
0.0001587089563951185
0.000140875701192444
0.00012568931854514903
0.00011312425193769383
0.00010314794873648406
9.572102269638037e-05
9.079743681765355e-05
8.832470585088911e-05
8.82441176835347e-05
9.049097278079053e-05
9.499484079564767e-05
0.00010167983340822321
0.00011046489240336193
0.0001212640919478951
0.000133986953985172
0.00014853877562461394
0.00016482096736824701
0.00018273140098455025
0.00020216476581260166
0.0002230129322565291
0.00024516532121170956
0.0002685092781500872
0.00029293045058243703
0.00031831316761037266
0.00034454082028044546
0.000371496241456719
0.0003990620839367816
0.00042712119554918
0.0004555569899876555
0.00048425381215930034
0.000513097296849715
0.0005419747195383094
0.0005707753382309637
0.0005993907252151872
0.0006277150876845554
0.0006556455762243782
0.0006830825801990915
0.0007099300091336337
0.0007360955592357209
0.0007614909642634938
0.0007860322300029928
0.000809639851682334
0.0008322390137139227
0.0008537597712223342
0.0008741372128834709
0.0008933116046698401
0.0009112285141672013
0.000927838915199032
0.0009430992725670578
0.0009569716067881699
0.0009694235387802154
0.0009804283145210529
0.0009899648097767147
0.0009980175150652274
0.0010045765010923463
0.0010096373649639374
0.0010132011575467086
0.0010152742924142534
0.001015868436878649
0.0010150003856689686
0.0010126919178767612
0.0010089696378446653
0.0010038648007276295
0.0009974131235065127
0.0009896545822810302
0.0009806331967128444
0.0009703968025299958
0.000958996813040657
0.0009464879706372849
0.0009329280893014865
0.0009183777891452907
0.000902900224045839
0.0008865608034478647
0.0008694269094215359
0.000851567610072312
0.000833053370404476
0.0008139557617407851
0.0007943471707974187
0.0007743005095060093
0.0007538889266631309
0.0007331855224722207
0.0007122630670236072
0.00069119372373523
0.0006700487787498046
0.0006488983772538104
0.0006278112676498225
0.0006068545544765604
0.0005860934609307111
0.0005655911018012999
0.0005454082675812873
0.0005256032204723461
0.0005062315029476469
0.0004873457594841283
0.0004689955720203837
0.00045122730963915514
0.00043408399291476504
0.00041760517330576447
0.0004018268279120667
0.0003867812698537719
0.00037249707446648095
0.0003589990214448407
0.00034630805300314455
0.00033444124805881664
0.00032341181238208826
0.00031322908459320987
0.00030389855782741705
0.0002954219168278296
0.0002877970901676737
0.0002810183172460138
0.00027507622964560957
0.0002699579463879775
0.00026564718256925386
0.0002621243708113433
0.0002593667949161954
0.0002573487350671289
0.0002560416238799372
0.0002554142125684542
0.0002554327464541148
0.00025606114901733886
0.00025726121366005243
0.00025899280232366946
0.00026121405008535455
0.0002638815748374808
0.0002669506911409612
0.00027037562733252284
0.0002741097449591777
0.0002781057596099612
0.00028231596221562185
0.0002866924398911997
0.00029118729540441414
0.00029575286436428147
0.0003003419292396107
0.00030490792933553733
0.00030940516587833517
0.0003137890013840425
0.00031801605251489896
0.00032204437565920666
0.000325833644504628
0.0003293453189122494
0.0003325428044385412
0.0003353916018947208
0.0003378594463775224
0.0003399164352521328
0.0003415351446165001
0.000342690733826576
0.0003433610377136663
0.0003435266461781496
0.0003431709708978189
0.0003422802989440154
0.00034084383315420867
0.00033885371916559103
0.0003363050590702631
0.00033319591170864044
0.0003295272796733658
0.00032530308315123436
0.0003205301207851354
0.00031521801779147855
0.0003093791616210151
0.00030302862550192673
0.0002961840802535226
0.00028886569480653866
0.0002810960259118183
0.00027289989756271106
0.0002643042706978857
0.00025533810379009157
0.00024603220496266395
0.00023641907630906744
0.00022653275112142194
0.0002164086247615787
0.00020608327993286787
0.000195594307132002
0.00018498012107869227
0.0001742797739353164
0.00016353276614031274
0.00015277885568696975
0.00014205786668372382
0.00013140949803314942
0.00012087313306439779
0.0001104876509479488
0.00010029124071230422
9.032121866956648e-05
8.06138500409068e-05
7.120417555372873e-05
6.212584375996663e-05
5.341094979954982e-05
4.5089881304683855e-05
3.719117210938491e-05
2.97413643948072e-05
2.276487986441764e-05
1.6283900504175317e-05
1.031825944177063e-05
4.88534237571398e-06
0.0
