1.6664488356800096e-05
1.5349541274277357e-05
1.393644087329185e-05
1.2444647111566282e-05
1.0897400292873014e-05
9.321651385201923e-06
7.747974929022934e-06
6.2104647538452e-06
4.746612791095128e-06
3.397171340385058e-06
2.205999214283062e-06
1.219892253437587e-06
4.883987691148284e-07
6.362053356703812e-08
0.0
3.540944928882763e-07
1.1843381658830938e-06
2.5507925782281265e-06
4.514886791325652e-06
7.139147934571467e-06
1.0486923233716562e-05
1.4622094535526268e-05
1.960878639928115e-05
2.5511068858565748e-05
3.239265598556948e-05
4.031660141481409e-05
4.9344992003534866e-05
5.9538640821934184e-05
7.095678067800407e-05
8.365675938858011e-05
9.769373801068494e-05
0.00011312039324496716
0.0001299866252162244
0.00014833927182450186
0.00016822183084424006
0.00018967419092827962
0.00021273237264847543
0.000237428280675098
0.00026378946816336566
0.0002918389143773425
0.0003215948165392706
0.00035307039684624405
0.00038627372554619877
0.0004212075609115963
0.0004578692068921764
0.0004962503891678348
0.0005363371502594017
0.0005781097642889397
0.0006215426719124696
0.0006666044358769703
0.0007132577175803809
0.0007614592749383509
0.0008111599817850034
0.0008623048689571757
0.0009148331871328677
0.0009686784914151277
0.0010237687475727639
0.0010800264597692507
0.0011373688195314264
0.001195707875630198
0.0012549507244669598
0.0013149997204818847
0.0013757527060241329
0.0014371032600495079
0.0014989409649384918
0.0015611516906572148
0.0016236178954159798
0.0016862189419147445
0.0017488314282027382
0.001811329532120339
0.00187358536823579
0.0019354693561373431
0.0019968505988933894
0.002057597270449092
0.0021175770106882266
0.0021766573268535523
0.0022347059999881192
0.002291591495033716
0.002347183373201231
0.002401352705211074
0.0024539724839902307
0.0025049180354058532
0.0025540674256137362
0.0026013018636035145
0.00264650609753098
0.002689568803441584
0.0027303829650077893
0.0027688462429266633
0.002804861332652583
0.002838336309173359
0.0028691849575761584
0.002897327088192305
0.0029226888351572143
0.002945202937273157
0.0029648090001181534
0.002981453738403839
0.0029950911976484185
0.0030056829542976365
0.0030131982934968045
0.0030176143637900867
0.003018916308099216
0.0030170973704123248
0.00301215897769435
0.003004110796613224
0.00299297076476055
0.002978765096131263
0.0029615282607137923
0.002941302938129906
0.0029181399453517176
0.0028920981386116353
0.00286324428970934
0.0028316529370076083
0.0027974062114958097
0.00276059363838584
0.002721311914789734
0.002679664664111096
0.002635762167863249
0.002589721075705643
0.0025416640945659682
0.002491719657788696
0.0024400215753206753
0.0023867086660112917
0.0023319243731676257
0.002275816364564514
0.0022185361181644822
0.0021602384948536946
0.002101081299546519
0.0020412248320533562
0.0019808314291436028
0.001920064999267948
0.0018590905514315674
0.0017980737197319826
0.001737180285092393
0.0016765756957330873
0.0016164245879299595
0.0015568903086103283
0.0014981344413320756
0.0014403163371824695
0.0013835926521183588
0.0013281168922491674
0.0012740389685389662
0.0012215047623734179
0.0011706557034020743
0.0011216283610262262
0.0010745540508574996
0.0010295584574228631
0.0009867612743376967
0.0009462758631103979
0.0009082089316797967
0.0008726602337206341
0.0008397222896828092
0.0008094801304571906
0.0007820110644848608
0.000757384469047905
0.0007356616063985601
0.0007168954653001022
0.0007011306284673332
0.0006884031663075098
0.0006787405572741012
0.0006721616350563518
0.0006686765627374725
0.0006682868339637567
0.000670985301076308
0.0006767562300667197
0.0006855753821282497
0.0006974101214851159
0.0007122195490948308
0.0007299546617322644
0.0007505585358796858
0.0007739665357647538
0.0008001065448084189
0.0008288992196674825
0.0008602582659821569
0.0008940907348678304
0.0009302973391225097
0.0009687727880573591
0.0010094061397975464
0.0010520811698445983
0.0010966767546396138
0.0011430672688193836
0.0011911229948147702
0.0012407105434027524
0.001291693283790497
0.0013439317817817227
0.0013972842445527896
0.0014516069705479751
0.0015067548029909397
0.0015625815855020025
0.0016189406183087594
0.0016756851135407568
0.001732668648107382
0.0017897456126717039
0.001846771655251773
0.0019036041180046511
0.0019601024657772822
0.002016128705041833
0.0020715477918715084
0.002126228027655752
0.002180041441300971
0.002232864156714547
0.0022845767444253
0.0023350645562531065
0.0023842180420032034
0.0024319330472270992
0.002478111091161476
0.002522659624028782
0.002565492262958031
0.0026065290058617224
0.002645696422683904
0.0026829278235155126
0.002718163403155536
0.002751350361780233
0.0027824430014670373
0.002811402798404852
0.002838198450707676
0.0028628059018336823
0.002885208339696698
0.0029053961716411607
0.0029233669755348093
0.0029391254273152
0.0029526832054065488
0.0029640588725017756
0.0029732777352810824
0.00298037168271227
0.002985379003649387
0.002988344184514661
0.0029893176879140122
0.0029883557130983007
0.0029855199392409045
0.0029808772525567466
0.0029744994583385774
0.002966462979032839
0.002956848539519684
0.002945740840799593
0.002933228223322346
0.0029194023212228233
0.002904357708752055
0.0028881915402112083
0.002871003184710498
0.0028528938570845748
0.0028339662463005453
0.002814324142694547
0.0027940720653676903
0.0027733148910623123
0.002752157485824769
0.002730704340741726
0.002709059213012897
0.0026873247735948605
0.002665602262617756
0.0026439911537397233
0.0026225888285629217
0.00260149026219002
0.00258078772095145
0.002560570473281586
0.002540924514666567
0.002521932307527997
