0.00019835741328017638
0.0002132976731424052
0.00023049260987591984
0.00024991152296223397
0.0002715176066289773
0.000295268017907403
0.0003211139637180749
0.0003490008067657276
0.00037886818996035157
0.00041065017901850383
0.00044427542283686605
0.0004796673311694159
0.0005167442690804501
0.0005554197675882945
0.0005956027498590979
0.0006371977722567791
0.0006801052795042257
0.0007242218731623533
0.0007694405925878543
0.0008156512074875063
0.0008627405211469716
0.0009105926833751993
0.0009590895121720122
0.0010081108230963177
0.0010575347652857232
0.0011072381630552965
0.001157096861983828
0.0012069860783803245
0.0012567807510116254
0.0013063558939640544
0.0013555869495079002
0.001404350139833281
0.0014525228165296188
0.001499983806688465
0.0015466137545208113
0.001592295457395183
0.001636914195221766
0.0016803580521304248
0.0017225182294166932
0.0017632893487595576
0.0018025697447479798
0.0018402617457895308
0.0018762719425140858
0.0019105114428281172
0.0019428961128205844
0.0019733468027695613
0.0020017895575494436
0.0020281558107916
0.0020523825622065263
0.0020744125375327348
0.0020941943306365166
0.002111682527347194
0.002126837810674298
0.0021396270471160357
0.0021500233538322283
0.00215800614651942
0.0021635611678907873
0.0021666804967286324
0.002167362537542393
0.0021656119909299865
0.002161439804804738
0.0021548631067138543
0.002145905117537205
0.0021345950469168432
0.002120967970827973
0.00210506469176083
0.0020869315820398696
0.0020666204108616814
0.0020441881556858546
0.002019696798663508
0.001993213108836202
0.0019648084108832035
0.0019345583412375784
0.001902542592431048
0.0018688446465639388
0.0018335514988297003
0.0017967533720532763
0.0017585434232289974
0.0017190174430664982
0.0016782735495724614
0.0016364118767115518
0.001593534259201881
0.001549743914508476
0.001505145123102702
0.001459842908056284
0.001413942715035493
0.0013675500937543397
0.0013207703819351115
0.0012737083928105683
0.0012264681071843826
0.0011791523710453116
0.001131862599705986
0.0010846984894093308
0.0010377577373145532
0.0009911357707404812
0.0009449254865069091
0.0008992170011747424
0.0008540974129431331
0.0008096505759167951
0.0007659568874093403
0.0007230930888989208
0.0006811320812011483
0.0006401427543709095
0.0006001898327901133
0.0005613337358421472
0.0005236304545166604
0.0004871314442300848
0.0004518835340883694
0.00041792885275901913
0.00038530477105982097
0.00035404386131186543
0.0003241738734448599
0.00029571772778347273
0.0002686935243847578
0.00024311456873884498
0.00021898941358815824
0.00019632191656476696
0.00017511131329114263
0.00015535230553694577
0.0001370351639734678
0.00012014584501846503
0.00010466612121719308
9.05737245609588e-05
7.784250210235866e-05
6.644258318682164e-05
5.6340557583305475e-05
4.749966376298891e-05
3.987998654378182e-05
3.34386632905193e-05
2.813009783589381e-05
2.3906181265529033e-05
2.071651869234607e-05
1.8508661130323427e-05
1.7228341566195675e-05
1.681971431940197e-05
1.722559677582629e-05
1.8387712579493376e-05
2.024693536842922e-05
2.2743532146322432e-05
2.581740539037451e-05
2.9408333007820186e-05
3.345620526887163e-05
3.790125786233144e-05
4.268430024163827e-05
4.774693845365418e-05
5.303179166989223e-05
5.8482701670023625e-05
6.404493456034174e-05
6.966537404506402e-05
7.52927056060686e-05
8.087759098641218e-05
8.637283241488087e-05
9.173352605253279e-05
9.691720418759367e-05
0.00010188396575199778
0.00010659659478111545
0.00011102066648756618
0.00011512464067035258
0.00011887994223159799
0.0001222610286247842
0.0001252454441103306
0.00012781386074644748
0.00012995010609525128
0.00013164117767590388
0.0001328772442478728
0.00013365163405809697
0.00013396081023572218
0.0001338043335668348
0.00013318481292931897
0.00013210784371411324
0.00013058193460389986
0.00012861842312312296
0.00012623138041439235
0.00012343750573529588
0.00012025601120656455
0.00011670849737707354
0.00011281882020330641
0.00010861295007051001
0.00010411882350972173
9.93661882890555e-05
9.43864425790496e-05
8.921246891037296e-05
8.387846365775576e-05
7.841976279658559e-05
7.28726646881206e-05
6.727425065579753e-05
6.166220411848067e-05
5.60746290469e-05
5.0549868506783195e-05
4.512632404648359e-05
3.984227667817972e-05
3.473571019005318e-05
2.984413751228e-05
2.5204430842345332e-05
2.0852656215022665e-05
1.6823913179665577e-05
1.3152180222114574e-05
9.870166540824682e-06
7.009170756767545e-06
4.598947104405508e-06
2.6675796168176835e-06
1.2413647818092753e-06
3.4470310796052075e-07
0.0
2.2757630196925012e-07
1.0455888243793114e-06
2.4699611283112224e-06
4.514324795121304e-06
7.189971365529572e-06
1.050581508631361e-05
1.4468366556994947e-05
1.9081717322852812e-05
2.4347535414551104e-05
3.0265071788813632e-05
3.6831177579125856e-05
4.404033202048377e-05
5.188468086804671e-05
6.035408508626473e-05
6.943617954283804e-05
7.911644140094461e-05
8.937826786356595e-05
0.00010020306288584702
0.00011157033243506186
0.00012345778784341377
0.00013584145676642898
0.000148695801229405
0.0001619938422162719
0.00017570729022950394
0.00018980668122635564
0.0002042615173159833
0.00021904041158373497
0.00023411123639344882
0.00024944127450577075
0.00026499737234047225
0.00028074609470357713
0.0002966538802956608
0.0003126871973162049
0.00032881269848012264
0.0003449973747667541
0.0003612087072285316
0.00037741481619622374
0.0003935846072301427
0.00040968791318176593
0.0004256956317479877
0.00044157985792045136
0.0004573140107551203
0.00047287295391230586
0.00048823310944465606
0.0005033725643400388
0.0005182711693576989
0.000532910629729369
0.0005472745873320559
0.0005613486939759031
0.0005751206754885592
0.0005885803863169202
0.0006017198544075565
