0.003548684534947618
0.0034411878619935283
0.0033249695279748944
0.003200353619526366
0.0030677709747600154
0.0029277597776759534
0.002780964673438923
0.002628134348916523
0.0024701175474537754
0.002307857512720969
0.002142384883158952
0.001974809085577134
0.0018063083033402962
0.0016381181208119458
0.0014715189708111023
0.0013078225353067411
0.0011483572709645898
0.000994453250051472
0.0008474265232107287
0.0007085632234146613
0.0005791036396969294
0.0004602264948512409
0.00035303366299881426
0.00025853556069110797
0.00017763743901203248
0.00011112679403231822
5.966209907622708e-05
2.376304478458966e-05
3.802452161495544e-06
0.0
1.2417881675860602e-05
4.095847770839564e-05
8.536410018663817e-05
0.0001452188336534552
0.00021995246486116804
0.0003088464615055883
0.0004110419281629107
0.0005255494367423623
0.000651260599359463
0.0007869612241384236
0.0009313458695424811
0.0010830335908406893
0.001240584653631553
0.001402517974283785
0.001567329035985038
0.0017335080220056067
0.001899557904909195
0.00206401223182629
0.0022254523515223617
0.002382523838743108
0.002533951885030087
0.0026785554426301747
0.002815259928964394
0.002943108323008701
0.0030612705114516194
0.0031690507711658183
0.0032658933048606746
0.003351385778240552
0.0034252608390308104
0.003487395630293964
0.0035378093419875757
0.0035766588751707552
0.003604232722126759
0.003620943192445809
0.0036273171393549934
0.0036239853618899144
0.003611670876529143
0.0035911762663729677
0.003563370326623939
0.0035291742318699516
0.003489547453405689
0.0034454736535526323
0.0033979467787233655
0.003347957563964905
0.0032964806491203686
0.0032444624908440716
0.0031928102358271294
0.0031423816991260995
0.003093976567867877
0.0030483289252988526
0.0030061011636505074
0.00296787932712161
0.0029341698989502345
0.002905398019587338
0.002881907096895571
0.0028639597445692406
0.0028517399620600604
0.002845356448615338
0.0028448469259606487
0.0028501833290035883
0.002861277711955135
0.0028779887086519927
0.002900128380740938
0.002927469285808062
0.0029597515994849166
0.002996690130952524
0.003037981079937447
0.003083308395031192
0.003132349607684366
0.0031847810331947423
0.003240282249040686
0.0032985397815847896
0.0033592499540324914
0.003422120871099503
0.003486873538630259
0.0035532421389242084
0.0036209735042815323
0.003689825851805803
0.0037595668613545036
0.0038299711953020464
0.003900817573108729
0.0039718855252600035
0.004042951959696969
0.0041137876792078825
0.004184153990265126
0.004253799542415532
0.004322457532578492
0.0043898434005612596
0.0044556531309194545
0.0045195622621950655
0.00458122568783943
0.004640278314117173
0.004696336619382734
0.004749001136760302
0.004797859858913031
0.004842492539755306
0.004882475844155489
0.004917389273414902
0.00494682177210495
0.004970378901196953
0.0049876904438006684
0.004998418293675578
0.00500226446338633
0.004998979038880386
0.004988367900651862
0.004970300028733588
0.004944714209671083
0.00491162496844343
0.004871127556995042
0.004823401843538643
0.004768714962915607
0.004707422607810652
0.004639968863198885
0.004566884511671322
0.004488783764797971
0.0044063594049502525
0.0043203763524782
0.004231663704250144
0.00414110532071767
0.004049629069258654
0.003958194860968007
0.0038677816457116116
0.0037793735555598867
0.003693945409132092
0.0036124478084159427
0.00353579207483821
0.003464835282374009
0.0034003656519919472
0.0033430885735130592
0.0032936135178744342
0.003252442094780406
0.003219957497835827
0.003196415561616735
0.003181937632966243
0.0031765054324163246
0.003179958051422999
0.003191991197533158
0.003212158763216995
0.0032398767555025126
0.003274429583390276
0.0033149786590012725
0.0033605732272378136
0.0034101632981535816
0.0034626145169713513
0.003516724769481605
0.003571242286103926
0.003624884976859056
0.003676360702495717
0.0037243881645943316
0.0037677180801069738
0.0038051542938854007
0.003835574476601475
0.0038579500552837383
0.0038713650295857773
0.0038750333388651486
0.003868314463078026
0.0038507269641702866
0.003821959703751412
0.0037818805069550765
0.0037305420810074446
0.0036681850395429176
0.003595237929453061
0.0035123142052880495
0.0034202061461582702
0.0033198757608737823
0.003212442777853251
0.003099169866261616
0.0029814452830321165
0.0028607631860475768
0.002738701895985552
0.002616900427409729
0.0024970336429147697
0.0023807864118790475
0.0022698271771112114
0.002165781347951371
0.002070204946871711
0.0019845589380918763
0.00191018466107757
0.0018482807790426942
0.0017998821328638105
0.00176584086439862
0.0017468101404525245
0.0017432307700454253
0.0017553209637849012
0.0017830694357372403
0.0018262319959729918
0.0018843317267894064
0.001956662778375714
0.002042297761328941
0.0021400986549149716
0.002248731092278857
0.0023666818279113318
0.0024922791395230173
0.002623715866972841
0.0027590747458967465
0.0028963556539701326
0.0030335043540132283
0.003168442291015524
0.0032990969801108523
0.0034234325099578174
0.00353947968112778
0.003645365302103358
0.003739340176339178
0.003819805332399232
0.0038853360751949766
0.00393470346941154
0.003966892905813948
0.003981119446643673
0.003976839697020428
0.00395376000433532
0.003911840846163804
0.003851297328281273
0.0037725957769270376
0.0036764464724998542
0.0035637926343340546
0.0034357958270609334
0.0032938180172879744
0.003139400563953826
0.002974240475821138
0.0028001643143074303
0.002619100158468811
0.00243304808078562
0.0022440496069087335
0.0020541566492873484
0.0018654004133195963
0.0016797607751871486
