0.005519228759446925
0.0051254888369330716
0.0048725956746720886
0.004772458292271822
0.004818764519035765
0.004989065427690698
0.005249056385367915
0.005558292986058821
0.005876380702125599
0.006168640265480628
0.006410379564575374
0.0065891718465207
0.006704900143107328
0.006767715126657874
0.006794400671432187
0.0068038894381772606
0.0068127798639974965
0.006831661691811485
0.006862872898989604
0.0069000244393785815
0.006929295549607115
0.0069321830963030295
0.0068891403963412656
0.006783405948651582
0.006604320178422548
0.006349553138932575
0.006025889492589465
0.005648493358585435
0.005238851311956672
0.00482181601457039
0.004422306741039713
0.0040622464042865255
0.0037582294380398614
0.0035202434664968344
0.0033515478183339105
0.0032495886891974494
0.0032076474306473955
0.0032168082229066686
0.003267811296711524
0.0033524261907365537
0.003464117054669799
0.0035979467013604154
0.0037498401562770004
0.003915466138140745
0.00408906975242306
0.004262589385897537
0.004425319069893027
0.004564252653502846
0.004665096302518187
0.0047137932021656575
0.00469829794864504
0.00461028811272639
0.004446514325544673
0.004209561845433557
0.003907908159555116
0.003555287722195081
0.003169489828819498
0.002770796479832656
0.0023803003289019726
0.0020183261565310663
0.0017031216353455194
0.0014499018680941946
0.001270248775815901
0.0011718012454646157
0.0011581394328713979
0.0012287719666156218
0.0013791729811614114
0.0016008730927114358
0.0018816655439381413
0.0022060263127821403
0.002555850149434438
0.002911567035565511
0.003253629866415429
0.003564268856100976
0.0038293131638034075
0.004039809940489186
0.0041931466801763
0.004293417339224981
0.004350867064204774
0.004380392261622612
0.004399238349955435
0.004424195803263274
0.004468713786035107
0.004540403006553375
0.0046393698953604975
0.00475771244856823
0.004880329627546763
0.004986980286104554
0.00505531191921519
0.005064403318800921
0.004998261721049574
0.004848704981383018
0.004617146759873258
0.00431497393655552
0.003962431410179509
0.003586170911726921
0.003215835531903774
0.0028802033454347277
0.0026034765988062333
0.0024022684244241663
0.002283715510268681
0.0022449566522694583
0.002273998282314486
0.0023517773177651824
0.0024550639599265137
0.0025597475520364285
0.002644028589697889
0.0026910956885600264
0.002690980752126716
0.0026414328527923905
0.0025478024879003903
0.00242205690974406
0.0022811360560913594
0.002144899853581686
0.002033914918418254
0.001967294217050051
0.0019607539301278215
0.0020250041192635846
0.0021645555761677093
0.0023770084694486092
0.0026528847260810775
0.002976064446929264
0.0033248730458883572
0.003673827999326771
0.0039959862551388545
0.004265739199424608
0.004461795726046112
0.004569997957597431
0.004585555032661971
0.004514282379276652
0.004372512553778974
0.004185500448630613
0.003984364998739568
0.003801859831644012
0.003667503290823165
0.0036027764375680484
0.0036171737227085263
0.0037058372357334263
0.003849315810712774
0.0040156842120798765
0.004164878752957433
0.004254715697123742
0.004247727188403296
0.004117741012130589
0.0038550926004254026
0.00346951010979248
0.0029900426272986215
0.002461861134563568
0.001940278869504528
0.0014828246743403112
0.001140572910090306
0.0009501160999194082
0.0009275211545460601
0.0010653349173337136
0.0013332383666606112
0.001682364649529415
0.0020526907343619677
0.002382388921591096
0.0026176742009650904
0.002721569917035448
0.0026801610463306003
0.0025052906696446777
0.0022332185342858815
0.001919407603666937
0.0016302270435261824
0.0014328540887827007
0.0013849407430279585
0.0015256386996773171
0.0018693456470474964
0.0024030904078055073
0.003087891137399522
0.0038637996216113325
0.004657788931517107
0.005393240412753353
0.005999598960857515
0.0064208137610494345
0.0066214451943085
0.006589741757151334
0.006337493673476106
0.005896963559788307
0.005315597598351753
0.004649473276487325
0.003956512963962178
0.0032903917162100524
0.00269582880538068
0.0022056334862010285
0.0018395434690091175
0.001604612148959092
0.001496714202304576
0.001502670944436622
0.0016025424546388238
0.0017717649870817756
0.00198298595096119
0.0022076160149026806
0.002417235997690723
0.0025850378185706506
0.002687437409432926
0.002705888166083276
0.0026287786163853846
0.0024531592699953706
0.0021859522638617997
0.0018442842699932281
0.0014546612838600122
0.001050865253880884
0.0006706689552398669
0.0003516946338464112
0.00012693586028216398
2.0577574605930467e-05
4.475738255623352e-05
0.00019780329667479744
0.000464273731305611
0.0008168495928771308
0.0012198345489169587
0.0016337611394002223
0.0020204243370175166
0.0023476021714678
0.0025927853665642276
0.002745411614579288
0.0028073517489996124
0.002791677750401619
0.002720005172129597
0.002618900014933224
0.0025159415428650054
0.0024360270413836616
0.0023984020755732248
0.002414728256861668
0.0024882988875444267
0.0026143226201824146
0.0027810516148937766
0.002971455422061361
0.003165139648509017
0.0033402671267804213
0.00347533360656054
0.0035507486094113255
0.0035502456074429176
0.0034621739043826853
0.003280701498110134
0.0030068933738303092
0.002649545839806102
0.0022255847297837942
0.0017598031391922405
0.0012837439484531792
0.0008336300938732019
0.00044740004434449176
0.00016108937116261724
4.972534022607174e-06
0.0
0.00015509925492723396
0.0004658344350933117
0.0009147400332828156
0.0014733843705544971
0.002105922891764512
0.002773626088690443
0.0034396687323294426
0.004073391362297729
0.004653315062911689
