0.008094028036215567
0.008224941264803783
0.008491487173158362
0.008897534095915758
0.009418479123203906
0.01000263429882569
0.010577928427680076
0.011062910180791984
0.011380190357107883
0.011469944395608361
0.011301014237216956
0.010877524021640477
0.010239693285942885
0.009458555856391219
0.008625384824062193
0.007837582124166461
0.007183437433859441
0.006728374915183843
0.00650504745966542
0.006508953987619995
0.006700272244119412
0.007011498606290764
0.007359469733902881
0.007659593507038494
0.007839772174385274
0.00785161654048119
0.007677097863335697
0.007329655659763614
0.00684980805154071
0.006296303397588429
0.0057346247214672234
0.0052250733130174585
0.00481264617264426
0.004520496631806983
0.004348019229890931
0.004273678607583706
0.004261787224101711
0.004271702420708403
0.004267495750744208
0.004226119038860231
0.004142448565728224
0.004030253300216465
0.00391896972167101
0.003847008445371704
0.0038530025429244106
0.003966803693498208
0.004202067833870149
0.004551945603167097
0.004988773475793742
0.005467873460404742
0.005934767588095972
0.006334453210821459
0.006620991675101842
0.006765608102382056
0.00676178937855201
0.006626440476117533
0.006396902118240639
0.006124401444104654
0.005865155625196368
0.005670756248308155
0.005579558171037028
0.005610570022241628
0.005760845739377972
0.006006708923907957
0.006308435216997378
0.006617406709284304
0.006884348523043966
0.0070671297520425915
0.007136772322829889
0.0070807194404583634
0.006902981579431769
0.006621386799846667
0.0062626941619779875
0.0058566846280683395
0.005430462146816352
0.005004066908071275
0.004588161074670704
0.004184073066730669
0.0037859813822219016
0.003384586733049951
0.002971346802813671
0.002542280630073802
0.0021004946701204306
0.0016569012884221327
0.0012290194961536204
0.0008381753528246567
0.0005057647792073355
0.00024943341088118094
8.002944327412283e-05
0.0
3.572556910837188e-06
7.866314164625948e-05
0.00021006909896433782
0.0003832184787912734
0.0005876213524712969
0.0008192273821375357
0.0010811262550758146
0.0013823842312987887
0.0017352160736934632
0.002151061680672826
0.00263639276207278
0.0031891622111868156
0.0037967073420273776
0.004435646477735659
0.00507391996816769
0.005674699060212839
0.006201504934283326
0.0066236224562049
0.0069208111739037965
0.007086427369180269
0.0071283548622455735
0.007067544061514922
0.0069344007324943745
0.006763662849478051
0.006588679678254126
0.006436109986421349
0.006321968043400745
0.006249685975819456
0.0062104810271621895
0.006185890467010961
0.006151946824310468
0.0060841846989543365
0.005962547963726784
0.0057753211733985056
0.005521425251018562
0.005210748222577248
0.004862559501506126
0.004502406735427775
0.004158151208947419
0.0038559156675200745
0.003616680658411955
0.003454086903823925
0.003373724007580328
0.003373870127058776
0.00344735860903257
0.0035840434284024896
0.003773253609655332
0.004005679172265401
0.004274301014768734
0.004574224219104476
0.0049015433418024825
0.005251601082340128
0.005617148990702167
0.005986950258760323
0.006345274610411506
0.0066725438126135845
0.00694713423631601
0.007148083248175421
0.007258233202185544
0.0072672247102711935
0.007173745253371168
0.0069865519949064755
0.00672399719293456
0.00641205027362411
0.006081081285932663
0.00576189469579976
0.00548163867219774
0.005260239159613547
0.005107917856205755
0.005024167917715351
0.0049983169666038925
0.005011549369063803
0.005040034602307379
0.005058653306094514
0.005044749717125157
0.004981372754197227
0.004859584416912119
0.004679585957998406
0.004450604707587415
0.00418966271422193
0.003919484549130893
0.0036658792516162985
0.0034549474419181547
0.0033104283161520223
0.003251430338000553
0.0032907050616215877
0.0034335447013872263
0.003677323483719252
0.004011664557338814
0.004419194052911298
0.004876831747896027
0.005357551988322179
0.005832520098102872
0.006273465913645838
0.0066551029121793585
0.0069573517340432624
0.007167098252640268
0.007279225939885699
0.007296721720399133
0.007229765293689825
0.007093862934674341
0.006907254808368271
0.0066879779795601235
0.006451071177087916
0.00620643261298188
0.0059577717348413255
0.00570293047730485
0.00543561009180835
0.005148264681050117
0.004835662823426278
0.0044984276153336444
0.004145788685705833
0.003796844921905417
0.0034798462296157743
0.0032293309911502165
0.0030813517993611168
0.00306741659695669
0.0032080907584834707
0.0035073811813444576
0.00394901074988152
0.004495476753901087
0.0050903924135847255
0.005664093519495589
0.006141935418190274
0.006454204709061379
0.006546216400297273
0.006387031307786623
0.005975346005502168
0.0053414719709584495
0.004544881941447276
0.003667474162592564
0.0028033812234156083
0.0020467174802517646
0.001479020801773381
0.0011582358629706386
0.0011108867628195542
0.0013286238174210763
0.0017696746027674338
0.0023649867197276164
0.0030281384065214954
0.003667527165576149
0.004199016067222746
0.004557173397157399
0.004703487679118531
0.0046304333777469195
0.0043609199232863115
0.003943370282178533
0.0034433306732444893
0.0029330081320979315
0.0024803942146776154
0.00213962790958466
0.0019439895364179033
0.0019024514155889173
0.0020001223911580556
0.0022023098072914437
0.0024613815374729823
0.002725223031772781
0.002945902438133485
0.0030871977006493275
0.0031298842385315447
0.003074080807590396
0.002938434122758384
0.0027564112204021014
0.002570388460247022
0.002424519358475953
0.0023574953584752393
