0.0013736724065827068
0.001371695231736705
0.0013702216898187256
0.0013692624615520067
0.0013688252709718924
0.0013689149511877806
0.0013695335217092824
0.001370680276827132
0.0013723518844964164
0.0013745424951293226
0.0013772438596669247
0.0013804454562647331
0.0013841346248949374
0.001388296709139574
0.0013929152044234085
0.0013979719119131865
0.001403447097291149
0.0014093196535954694
0.00141556726730849
0.0014221665868654654
0.001429093392751882
0.0014363227683564137
0.0014438292707491225
0.0014515871005606278
0.0014595702701476155
0.0014677527692431823
0.0014761087273070356
0.0014846125718104546
0.0014932391817140235
0.0015019640354224186
0.0015107633525298118
0.0015196142287016317
0.0015284947630733704
0.001537384177584662
0.0015462629277068459
0.0015551128040644851
0.0015639170244956552
0.0015726603161420683
0.0015813289872080483
0.001589910988076804
0.001598395961523222
0.0016067752818141726
0.0016150420825400114
0.0016231912730742533
0.0016312195436120973
0.0016391253587923645
0.0016469089399612454
0.0016545722361898116
0.0016621188842103093
0.0016695541574885623
0.001676884904701219
0.0016841194779367715
0.0016912676509881182
0.0016983405281516901
0.0017053504439936318
0.0017123108545869918
0.0017192362207652076
0.0017261418839761432
0.0017330439353573808
0.0017399590786872907
0.0017469044878973472
0.0017538976598592184
0.0017609562631850958
0.0017680979838015027
0.0017753403680753226
0.0017827006642858949
0.0017901956632487412
0.001797841538904641
0.0018056536896924745
0.0018136465815253118
0.0018218335931867642
0.0018302268649585353
0.0018388371512804984
0.0018476736782314651
0.0018567440066021511
0.0018660539013118228
0.0018756072078966023
0.0018854057367708055
0.0018954491559327355
0.0019057348927535096
0.0019162580454516022
0.0019270113048171747
0.0019379848867089816
0.0019491664758028832
0.00196054118102495
0.001972091503053937
0.001983797314227813
0.001995635851137147
0.0020075817201348017
0.0020196069159366613
0.002031680853432354
0.0020437704127682418
0.0020558399977076733
0.0020678516072157667
0.0020797649201581055
0.002091537392944918
0.002103124369894769
0.002114479206034808
0.0021255534019984108
0.002136296750625808
0.0021466574948193254
0.0021565824961523403
0.0021660174136801827
0.002174906892352284
0.0021831947603779952
0.0021908242348539744
0.0021977381349189366
0.002203879101662228
0.002209189823976113
0.002213613269508159
0.0022170929198397217
0.002219573008989507
0.0022209987643175217
0.0022213166488846358
0.0022204746043065693
0.0022184222931283183
0.002215111339736198
0.0022104955688195473
0.002204531240392986
0.002197177280392908
0.002188395505868513
0.002178150843798386
0.002166411542578101
0.002153149375242806
0.0021383398335109356
0.002121962311761267
0.0021040002800851855
0.0020844414455893465
0.0020632779011606856
0.0020405062609458254
0.002016127781840334
0.0019901484703296534
0.001962579174072899
0.001933435657672753
0.0019027386621293337
0.0018705139475328615
0.0018367923186091047
0.001801609632792574
0.001765006790565286
0.0017270297078630674
0.0016877292704169412
0.001647161269963518
0.0016053863223256368
0.001562469767432153
0.0015184815514137644
0.0014734960909797042
0.0014275921203477952
0.001380852521067504
0.0013333641351419632
0.0012852175619202373
0.0012365069392951
0.0011873297098040194
0.0011377863722917296
0.0010879802198513796
0.0010380170648175528
0.0009880049516384365
0.0009380538585054444
0.0008882753886669898
0.000838782452398136
0.0007896889406398091
0.000741109391359601
0.0006931586497209681
0.0006459515231786584
0.0005996024326452515
0.0005542250608967871
0.0005099319994043608
0.00046683439479331226
0.0004250415961419531
0.0003846608043379248
0.00034579672471182304
0.00030855122416500026
0.0002730229940011731
0.00023930721965984318
0.00020749525853341758
0.0001776743270294844
0.00014992719801489973
0.00012433190974937413
0.00010096148738298184
7.988367805488036e-05
6.116070058927062e-05
4.484901073969203e-05
3.099908288412966e-05
1.965520902123309e-05
1.0855315862587649e-05
4.630800757328651e-06
1.006387123959093e-06
0.0
1.622662253404736e-06
5.878411930718987e-06
1.2764241146011432e-05
2.2270056841840386e-05
3.4378663679307856e-05
4.9065769238759e-05
6.630001163622967e-05
8.604300958358734e-05
0.00010824943484274605
0.0001328671069466044
0.00015983710998178499
0.00018909393115109057
0.00022056562075713681
0.00025417397317313844
0.0002898347282926062
0.0003274577928770397
0.0003669474811497351
0.00040820277391507653
0.00045111759541610434
0.000495581107079135
0.0005414780172331415
0.0005886889058333731
0.000637090563163809
0.0006865563414415804
0.0007369565181987328
0.0007881586702726558
0.0008400280571965522
0.0008924280127455067
0.0009452203433621196
0.0009982657321585871
0.0010514241471694732
0.0011045552525114327
0.0011575188210928415
0.0012101751475077345
0.0012623854597446794
0.0013140123283422991
0.001364920071628934
0.0014149751556947676
0.0014640465877600304
0.0015120063016232658
0.0015587295338983427
0.0016040951897785321
0.001647986197099837
0.001690289847514086
0.0017308981236250278
0.0017697080109872298
0.001806621793918333
0.0018415473341296556
0.0018743983312381023
0.001905094564283769
0.0019335621134422337
0.0019597335611879767
0.0019835481722356822
0.0020049520516587293
0.002023898280659214
0.0020403470295404943
0.002054265647511892
0.002065628729034902
0.0020744181565013403
0.0020806231191155843
0.002084240107935339
0.0020852728871079687
0.0020837324414217932
0.002079636900373917
0.002073011439037565
0.002063888156092401
0.002052305929460524
0.0020383102500686387
0.0020219530343327133
