0.0011767766100333513
0.0011648769508401098
0.0011523130602585532
0.0011391803800387401
0.001125578006674378
0.0011116083722102171
0.0010973769104391448
0.0010829917095722518
0.0010685631525188574
0.0010542035459632506
0.001040026739470708
0.0010261477358968353
0.0010126822944114165
0.0009997465274805197
0.0009874564931784933
0.000975927784224605
0.0009652751151572614
0.0009556119090720066
0.0009470498853576982
0.0009396986498683941
0.0009336652889665232
0.0009290539688658484
0.0009259655416905525
0.0009244971596495674
0.0009247418987030125
0.0009267883930704329
0.0009307204818984598
0.000936616869368719
0.0009445507994853566
0.0009545897467355958
0.0009667951237664438
0.0009812220071661812
0.0009979188823808095
0.0010169274087333344
0.0010382822054479544
0.0010620106595119988
0.0010881327561361575
0.0011166609324983763
0.0011475999553790081
0.0011809468232147225
0.0012166906930165186
0.0012548128325132804
0.0012952865977969494
0.00133807743665884
0.0013831429177192395
0.0014304327853644832
0.00147988904041752
0.0015314460463798534
0.0015850306609950394
0.0016405623927968735
0.0016979535822193993
0.0017571096067611194
0.0018179291096127323
0.001880304251076497
0.0019441209820263428
0.0020092593385813303
0.0020755937570913047
0.002142993408462823
0.0022113225507859927
0.0022804408991588384
0.0023502040115456414
0.0024204636894493746
0.002491068392126256
0.002561863663022662
0.002632692567071379
0.0027033961374455626
0.0027738138303350047
0.002843783986280438
0.002913144296577771
0.0029817322732454536
0.0030493857210346477
0.0031159432099535735
0.0031812445467744067
0.0032451312439933377
0.0033074469847219246
0.003368038082000673
0.0034267539310437
0.0034834474529464856
0.0035379755284168373
0.003590199420122335
0.003639985182285456
0.003687204056200227
0.003731732850391476
0.003773454304189313
0.0038122574335472696
0.003848037857992323
0.0038806981076585667
0.003910147909423501
0.003936304451236296
0.003959092623800983
0.00397844523885389
0.003994303223353462
0.004006615788981869
0.004015340576440879
0.004020443774109307
0.004021900210715593
0.004019693421766284
0.004013815689559317
0.004004268056699451
0.003991060313121902
0.003974210956718703
0.003953747127750343
0.00392970451731246
0.0039021272502135287
0.0038710677427042056
0.003836586535582081
0.0037987521032766523
0.0037576406395981696
0.00371333582091029
0.0036659285475599637
0.003615516664468417
0.003562204661854253
0.003506103357123286
0.0034473295590196377
0.0033860057151885305
0.003322259544353037
0.0032562236543545228
0.0031880351473495532
0.0031178352134944767
0.0030457687144825633
0.002971983758327454
0.0028966312668106094
0.0028198645370293273
0.002741838798495874
0.0026627107672469365
0.002582638198426397
0.0025017794388029575
0.002420292980677619
0.0023383370186245422
0.0022560690104921955
0.002173645244070318
0.0020912204108018955
0.002008947187888366
0.0019269758301007681
0.0018454537725693617
0.0017645252457801474
0.0016843309039580865
0.0016050074679646153
0.0015266873837808605
0.0014494984975884592
0.0013735637483969028
0.0012990008791005105
0.0012259221667792611
0.0011544341729865805
0.0010846375146935097
0.0010166266564831676
0.0009504897245121329
0.0008863083426766064
0.0008241574913413813
0.0007641053889088402
0.0007062133964239941
0.0006505359453298569
0.000597120488406096
0.000546007473842483
0.0004972303423182237
0.0004508155468784378
0.000406782595320638
0.00036514411472694157
0.00032590593770255095
0.00028906720980764137
0.0002546205175989327
0.00022255203662858395
0.00019284169868244178
0.00016546337747680667
0.00014038509197345818
0.00011756922641640156
9.697276614136006e-05
7.854754816018629e-05
6.224052547747943e-05
4.79940440560754e-05
3.5746131311248895e-05
2.5430794981489498e-05
1.6978331195668505e-05
1.0315640533200914e-05
5.366550855000749e-06
2.052145668868352e-06
2.910967834437008e-07
0.0
1.0937125911283279e-06
3.4856913197708634e-06
7.0883297610756886e-06
1.1813293703056183e-05
1.7571853420013232e-05
2.4275211635034944e-05
3.183482601449542e-05
4.016272506820486e-05
4.917181636360354e-05
5.877618600101751e-05
6.889138833922781e-05
7.943472500643951e-05
9.032551228079801e-05
0.00010148533597685865
0.00011283829302951459
0.00012431121902467426
0.00013583390098627368
0.00014733927479159304
0.00015876360665130127
0.00017004665815674577
0.00018113183446454159
0.00019196631525724914
0.00020250116818857202
0.0002126914445917575
0.00022249625730055812
0.00023187884050279587
0.00024080659161719576
0.0002492510952541964
0.0002571881293909219
0.000264597653958847
0.00027146378210996316
0.00027777473449287304
0.0002835227769342997
0.0002887041419834354
0.0002933189348364061
0.00029737102421549663
0.0003008679188325408
0.00030382063011783465
0.0003062435219447991
0.0003081541481264039
0.00030957307850168546
0.000310523714469616
0.00031103209486275376
0.00031112669308466724
0.00031083820646266654
0.00031019933879114785
0.00030924457706038957
0.00030800996338134544
0.0003065328631283268
0.00030485173032882874
0.0003030058713328845
0.0003010352077933415
0.00029898003998331854
0.0002968808114678954
0.0002947778761338511
0.0002927112685640435
0.0002907204787219597
0.0002888442318870998
0.00028712027475336435
0.0002855851685705256
0.00028427409017351053
0.0002832206417054358
0.0002824566697987794
0.00028201209493426075
0.0002819147516498656
0.00028219024022252816
0.0002828617903929592
0.000283950137649899
0.0002854734125340998
0.0002874470433647016
0.0002898836727316869
0.0002927930880379485
0.00029618216631348434
0.0003000548334626133
0.0003044120380429827
0.00030925173961303344
0.0003145689116224325
0.0003203555587583328
