0.0011459301395173836
0.001074143351539096
0.0010624504191103215
0.0011338372434666257
0.0012994400295786531
0.0015566939889170728
0.0018896705730931385
0.0022714911148818615
0.002668352116248336
0.0030444347664442843
0.003366846618939732
0.003609778015640638
0.003757240135832324
0.0038040466770906216
0.0037550470092223526
0.003622945794067701
0.003425287914536209
0.003181301340544091
0.0029092548400011277
0.0026248139989465146
0.0023406083074224314
0.0020669147545225876
0.0018130875837256925
0.0015891808133313146
0.0014071611082538396
0.0012812059512114153
0.0012268062204254812
0.001258695399388062
0.0013879433294115753
0.0016188095144509087
0.001946088671299251
0.0023536622405222122
0.002814788909149795
0.0032943541688854007
0.003752912249272092
0.004151970312953004
0.004459664378560884
0.004655825439443678
0.00473547161223886
0.004709990489177092
0.004605659687128143
0.004459625123910739
0.004313928235203196
0.004208554505967489
0.004174690301889403
0.004229376911250885
0.004372533392744898
0.004586918434771752
0.0048410868809089045
0.005094862512327921
0.005306393875805169
0.005439569496459061
0.005470497763210104
0.00539191941570959
0.005214787500196409
0.004966753263188435
0.004687843640414384
0.004424105946941853
0.004220338656853893
0.004113162654184828
0.004125593603890454
0.004263975056668303
0.004517684146215212
0.004861514385539201
0.005260169672750087
0.005673957428026348
0.006064608081129153
0.00640019684835887
0.00665838457503317
0.006827573089169278
0.006906007223146799
0.00689926144925919
0.006816843696059151
0.00666877670316837
0.006462957855851076
0.0062038701793322385
0.005892872762561393
0.0055299140569148135
0.005116169193216689
0.004656875678572588
0.004163578674760755
0.0036551109686013402
0.003156899901756315
0.0026985578779595795
0.002310097938455609
0.002017439823690581
0.0018380654502291992
0.001777702702749248
0.0018287550877834238
0.0019708814843945504
0.0021737257308742514
0.0024013801515587567
0.002617823590628613
0.0027923727257967773
0.0029041673395334205
0.0029448815213387472
0.0029191815733302833
0.002842874431723472
0.002739125554910976
0.0026334877105339115
0.0025487013502778462
0.00250026087096144
0.002493583095720527
0.0025232964098676823
0.0025747539718492334
0.0026274437364950266
0.0026596055587749666
0.0026531411332384913
0.0025978579077582976
0.0024942294991482225
0.002354151977478185
0.002199566938470758
0.0020592300772280417
0.0019642476751528196
0.001943216894115054
0.0020178501837912937
0.0021998352787372328
0.002489411026991917
0.0028757847128715237
0.0033391534379565904
0.0038537955256308975
0.004391527546779876
0.004924810638987194
0.005428934520202264
0.0058829737815775315
0.00626953761116485
0.006573647045979405
0.0067813019279132514
0.006878389674685648
0.006850516061847299
0.006684115850616158
0.006368873099774656
0.005901116881837249
0.005287538089198249
0.004548371424015082
0.0037191562964937674
0.0028503506942226956
0.0020044040633300647
0.0012503436362180983
0.0006564117874045027
0.0002817170551561148
0.00016814229853711823
0.0003338276974499325
0.0007693882073608422
0.0014376516411684576
0.002277172529763723
0.0032091770755912404
0.004147029811659302
0.005006883217862267
0.005717955492434835
0.006230920086068216
0.006523179949308195
0.006600291814189543
0.006493417411118902
0.006253304628676213
0.005941835534697742
0.005622530240098187
0.00535150908838538
0.005170276544893895
0.005101328920172173
0.005147073455978166
0.005291972292783115
0.005507293174725039
0.005757450510436584
0.006006719910412854
0.006225133293281849
0.0063925955611833715
0.006500655857243584
0.006551838086503687
0.006556896879857881
0.0065307321656068625
0.006487904436156033
0.0064387118776070345
0.006386624492311706
0.006327558236294433
0.006251078910220764
0.006143228842026112
0.005990344968941548
0.005783044346961732
0.005519525298772948
0.00520747035699314
0.004864110818798385
0.004514367591005795
0.004187350988988624
0.003911814613637494
0.003711358809839034
0.00360023300421172
0.0035804865386297787
0.0036409854883283506
0.003758492545064457
0.003900656880252574
0.00403044285938725
0.0041112946663989635
0.004112225419562671
0.00401204854568809
0.003802126117123376
0.0034872622864565578
0.003084673735357097
0.0026212708603975056
0.002129733990500419
0.0016440302236540132
0.001195067352430719
0.0008071200281853067
0.0004955063309363462
0.00026577112001669335
0.00011438502737689572
3.07350990846238e-05
0.0
6.394091624490825e-06
3.624192484731007e-05
8.040516200930742e-05
0.00013571276467066106
0.00020521862601290998
0.0002973002589657038
0.000423789163218587
0.0005974635116611066
0.0008293191773928346
0.0011260568718589096
0.0014881813394324699
0.0019090115103225116
0.0023747632759030498
0.002865708608789384
0.0033582575857486817
0.003827674450853559
0.004251043279730499
0.004610056265463561
0.004893214828325929
0.0050971098247813195
0.005226573479575461
0.0052936564876384165
0.005315557595533343
0.005311795271808662
0.005301037235060593
0.005298072654972815
0.005311409870529959
0.005341905420210513
0.005382685360972125
0.005420425795944195
0.005437843968026668
0.005417047388699559
0.0053432298546892505
0.0052081183180659445
0.005012581595293904
0.004767914943913547
0.004495502027713062
0.004224801449061816
0.003989871463111957
0.003824890970885262
0.0037593163556708495
0.0038133998746899805
0.003994768486586711
0.004296622754259828
0.004697883144449772
0.005165321021388002
0.005657409703583631
0.006129365780235211
