0.004477297562347667
0.004550647032250828
0.004774661971166841
0.0050881165365673445
0.005418711368294879
0.005693887794434936
0.005851331443454718
0.005847638229796434
0.0056639341176431685
0.00530773675129333
0.004810938115467808
0.004224375839456736
0.003609953086008501
0.0030315887823338648
0.0025463877771362145
0.0021973078107068765
0.0020082968048195007
0.0019824393143476867
0.002103162414731543
0.002338090130137238
0.002644773026946395
0.0029773057476174367
0.0032928017450705
0.0035568132649843524
0.003747031732015562
0.003854927210992232
0.003885326161448493
0.0038542282976543256
0.0037853826332527943
0.0037062550386431237
0.003644020967550416
0.0036221224554437263
0.0036577669969402597
0.0037605533777087955
0.003932221535248651
0.0041673690429745915
0.004454874161840011
0.004779720746176842
0.005124928735461468
0.005473342614806826
0.005809102248524529
0.006118699173074859
0.006391593378159548
0.006620422471920172
0.006800873836868954
0.0069313120014890045
0.007012261333026175
0.007045842011729665
0.007035247729457164
0.006984337733074907
0.006897393599646949
0.006779062311363942
0.006634472869443092
0.006469477161603914
0.006290932829976689
0.006106923864608053
0.005926810888030229
0.005761022628503761
0.005620543547210197
0.0055161149265077584
0.005457237173310733
0.005451124717867151
0.0055018055572258456
0.005609561642568687
0.0057708667243251185
0.005978896873994041
0.006224577744386675
0.0064980125542220355
0.006790031810568669
0.00709354577621358
0.007404383345813123
0.007721374499980852
0.008045571169020093
0.008378681211443266
0.008720978127035843
0.009069104818451107
0.009414275022419472
0.00974136351075628
0.010029256305048008
0.010252617435915093
0.010384953371385048
0.010402570974611686
0.010288788149755096
0.010037622615990147
0.009656192095471052
0.00916522176474505
0.00859735470330035
0.007993351138212604
0.007396672711382572
0.006847298640714233
0.006375836536107375
0.005999017645025858
0.005717483814183327
0.005516401108484557
0.005368931838669268
0.005242052146536135
0.005103720394056267
0.00493008139911141
0.004711306822689538
0.004454854874637013
0.004185364332478398
0.0039410096773534135
0.003766827101537913
0.0037061456068279764
0.003791697342208987
0.0040381393556903
0.00443754727616974
0.0049589542056178776
0.005552282084833737
0.006156175969162647
0.006708460953099589
0.007157353717164355
0.007471301863046293
0.007645463361423422
0.007703371068180206
0.007693172364014256
0.007678845732688275
0.0077277887715551195
0.007896953864602346
0.008220117202401017
0.00869880568021251
0.009298861035152105
0.009953669515312616
0.010573887453886868
0.011062261802133476
0.011331109792742312
0.011319386943979319
0.011006175210824448
0.010417906402311284
0.009627636774349857
0.008746044975223487
0.00790530296130391
0.007238302424625595
0.006856658785829204
0.006831275424145936
0.00717894676536156
0.007857542939143779
0.008770899803107014
0.009782877053278773
0.010738435078751898
0.011488307760016388
0.011913148727668969
0.011943039483944835
0.011568980856068865
0.010844326553229592
0.009875830878848996
0.008805773023724718
0.007788171459492008
0.006963136884216987
0.006433743965997916
0.006249368231774999
0.006398308871120086
0.0068108989254795065
0.007372477971573784
0.007943892835393816
0.00838590173526687
0.008583213383434672
0.008464005206917567
0.008011608103345861
0.007266462373726954
0.006318182375001053
0.0052893035645838055
0.004313715420973287
0.00351365663793228
0.002979318167663615
0.002754547384567276
0.0028309856292766146
0.0031514224636188396
0.0036214999224575407
0.0041274481945127815
0.004556537360793086
0.0048165562802749825
0.00485092999535863
0.0046469873201714345
0.00423620883406569
0.0036867687931464587
0.0030900558482233023
0.0025438690643069493
0.002135463833739573
0.0019274976032291032
0.0019492431435784111
0.0021943453812072146
0.0026251165141046593
0.0031821415025962206
0.0037970308074447537
0.004405675860620487
0.004959409479166888
0.00543201902332033
0.005821480522245241
0.006146385119146354
0.006438093873700293
0.006730476630321884
0.007049512909774065
0.007404987393938824
0.007786022834912974
0.008161368734642009
0.008484377021295899
0.008701645427956085
0.008763581961630974
0.008634777471308348
0.008302131040584065
0.007779132926932395
0.0071054718305828424
0.006342040615850399
0.005562286267066631
0.004841517006604571
0.004246118353945844
0.0038245848533069214
0.003601866776377146
0.00357785339795576
0.003730008633460536
0.0040194033638547635
0.004398801324720624
0.004821159388580142
0.00524694339474951
0.0056490129980345
0.006014406905202135
0.00634303463677602
0.006643909391356966
0.006930011006251899
0.007213062183513135
0.007499407021465466
0.0077878326852597705
0.00806966026699582
0.008330870261974179
0.008555548911451777
0.008729650158882104
0.008844026575943732
0.008895896914114337
0.008888335895909715
0.008827895505584774
0.00872097401862773
0.008569919441207219
0.008369996950661993
0.00810822370351754
0.007764696718382874
0.007316484899092107
0.006743541038358758
0.006035548167705643
0.005198270850800381
0.004257922787593225
0.0032623175483446464
0.0022781046393727696
0.0013841138367419164
0.0006615999318575561
0.00018284517067484584
0.0
0.0001361295262789844
0.0005801517923778076
0.0012867441861890965
0.0021814607301390183
0.003170396453508404
0.004152923921645433
0.005035464935229085
0.005744056380125398
0.006233665890388843
