0.000760294298378639
0.0007138984232203525
0.0006702292968905516
0.0006293716897695484
0.0005914031094791002
0.0005563935859204107
0.0005244054789614878
0.0004954933093870994
0.0004697036136469797
0.00044707482285852567
0.0004276371664392489
0.0004114126006620196
0.0003984147623429181
0.0003886489477876228
0.0003821121170379672
0.0003787929233759176
0.00037867176795804993
0.0003817208793699047
0.00038790441780672444
0.00039717860350525313
0.0004094918689708357
0.0004247850344652629
0.0004429915061439323
0.0004640374961562253
0.0004878422639507603
0.0005143183779576757
0.0005433719967535214
0.0005749031687509232
0.0006088061493952041
0.0006449697347937328
0.0006832776106511759
0.0007236087153351934
0.0007658376158526479
0.0008098348954761985
0.0008554675517253862
0.0009025994033751124
0.0009510915051378321
0.0010008025686439664
0.0010515893883280068
0.0011033072708156134
0.001155810466399729
0.0012089526011913676
0.001262587108533249
0.001316567658271886
0.001370748582495994
0.0014249852963661499
0.0014791347126824343
0.0015330556488632081
0.0015866092250391279
0.001639659252001922
0.00169207260778705
0.0017437196017132009
0.001794474324749286
0.0018442149851311555
0.0018928242282053396
0.001940189439535639
0.001986203030370064
0.0020307627046301955
0.0020737717066524005
0.0021151390489800186
0.0021547797195776946
0.002192614867912833
0.002228571969424761
0.0022625849679791376
0.0022945943959831704
0.0023245474719161448
0.0023523981751091593
0.002378107297687671
0.002401642473670139
0.0024229781852953642
0.0024420957467299114
0.0024589832653848526
0.002473635581147812
0.0024860541839115528
0.0024962471098539836
0.0025042288169960813
0.002510020040633675
0.002513647629306069
0.0025151443620287242
0.0025145487475787443
0.0025119048066801018
0.0025072618379906398
0.0025006741688442906
0.002492200891749838
0.002481905587691526
0.0024698560373167845
0.002456123921132354
0.002440784509861663
0.002423916346143772
0.0024056009187771307
0.0023859223307298788
0.0023649669621524537
0.0023428231296376474
0.002319580742978182
0.0022953309606721156
0.0022701658454222125
0.0022441780208666056
0.002217460330764901
0.0021901055018462507
0.0021622058115040007
0.002133852761495401
0.0021051367587746348
0.0020761468045532366
0.002046970192643931
0.0020176922181022712
0.0019883958971352402
0.001959161699197513
0.00193006729214442
0.001901187301256156
0.0018725930828905268
0.0018443525134617803
0.0018165297943812117
0.0017891852735311235
0.0017623752837781722
0.0017361519989647614
0.0017105633077488152
0.0016856527055926986
0.0016614592051319625
0.0016380172650839317
0.0016153567377853477
0.0015935028353775387
0.0015724761145871969
0.001552292479981063
0.0015329632055038679
0.0015144949740411148
0.0014968899346817983
0.001480145777291394
0.0014642558239424158
0.001449209136689017
0.0014349906411134357
0.0014215812650160997
0.0014089580915677402
0.0013970945261914866
0.0013859604763954503
0.0013755225437322223
0.0013657442270209282
0.001356586135930305
0.0013480062139876927
0.0013399599700490987
0.0013324007172395664
0.0013252798183511505
0.001318546936667869
0.0013121502911731242
0.0013060369150853753
0.0013001529166621268
0.001294443741210887
0.0012888544332482373
0.0012833298977549506
0.00127781515948571
0.0012722556193067679
0.0012665973065534328
0.0012607871264217329
0.001254773101434717
0.0012485046060536028
0.0012419325935371696
0.001235009814189324
0.0012276910241744408
0.0012199331841227742
0.0012116956467937434
0.0012029403331130085
0.0011936318959498693
0.0011837378710542509
0.0011732288146274184
0.0011620784270570859
0.0011502636624058217
0.001137764823301055
0.0011245656409356486
0.001110653339949353
0.001096018688023553
0.001080656030084066
0.001064563307069282
0.0010477420592833091
0.001030197414415773
0.0010119380603713479
0.0009929762031125663
0.0009733275097789499
0.0009530110374036053
0.0009320491476049833
0.0009104674076863666
0.0008882944786284589
0.0008655619905111363
0.0008423044059487508
0.0008185588721691215
0.0007943650624094263
0.0007697650073423529
0.0007448029172830472
0.0007195249959613626
0.0006939792466746128
0.0006682152716633484
0.0006422840655764695
0.0006162378039122336
0.0005901296273382805
0.0005640134228067222
0.0005379436023894568
0.0005119748807642736
0.0004861620522839279
0.0004605597685582118
0.0004352223174731412
0.0004102034045617769
0.00038555593762792245
0.0003613318155070678
0.0003375817218285637
0.00031435492461916073
0.00029169908256097073
0.00026966005868646684
0.0002482817422597755
0.00022760587955716134
0.000207671914220404
0.00018851683781506983
0.000170175051181458
0.00015267823711957013
0.00013605524490087686
0.00012033198704935306
0.00010553134878210743
9.167311044655513e-05
7.87738832362299e-05
6.684705841175642e-05
5.5902770196860534e-05
4.594787246234408e-05
3.6985929253528955e-05
2.901721915926441e-05
2.203875346319336e-05
1.6044307961162645e-05
1.102446827221386e-05
6.96668841517205e-06
3.855362368357634e-06
1.671908276791199e-06
3.948649195584155e-07
0.0
4.6042977328649044e-07
1.7467494798780684e-06
3.827174009625586e-06
6.667688179906638e-06
1.0232205972456315e-05
1.4482738037593186e-05
1.9379566741402213e-05
2.4881428001416244e-05
3.094569912935109e-05
3.75285918758554e-05
4.458534985179313e-05
5.2070449483731466e-05
5.99378036478305e-05
6.81409671163865e-05
7.663334294502979e-05
8.536838892570973e-05
9.429982323152825e-05
0.00010338182838390427
0.0001125692526805016
0.00012181780823400422
0.00013108426478674966
0.00014032663848470356
0.00014950437481613533
0.00015857852494527902
0.00016751191469955087
0.00017626930550011517
0.00018481754655970037
