0.0055769490590419045
0.00544028612538454
0.005288697623694525
0.005122468186687518
0.00494208052098403
0.0047482151119511385
0.004541747006479105
0.004323739652767032
0.00409543582286361
0.0038582456908897713
0.0036137321867740825
0.0033635937911655044
0.0031096449811638858
0.0028537945778582085
0.0025980222846508556
0.002344353739284139
0.0020948344317428817
0.001851502864224161
0.001616363347663484
0.0013913588414970791
0.0011783442491318597
0.000979060580801436
0.0007951103880304419
0.0006279348598435186
0.00047879295028493106
0.00034874288001576423
0.00023862632209141303
0.00014905554395871438
8.04037348110867e-05
3.2798700350365924e-05
6.120056451281233e-06
0.0
1.3827680125481218e-05
4.67571370443955e-05
9.77187197037108e-05
0.00016543383824577877
0.00024843285394860175
0.0003450758585967651
0.00045357604806740837
0.0005720253520701555
0.0006984219441940921
0.0008306992243446816
0.0009667558398646454
0.0011044862925913505
0.0012418116671661936
0.0013767100113208867
0.0015072459017431879
0.00163159873946935
0.0017480893364374807
0.0018552043796184105
0.0019516183906523451
0.0020362128366817663
0.002108092091498851
0.0021665959945375425
0.002211308807869786
0.0022420644273720876
0.0022589477627136642
0.002262292260837213
0.00225267360818567
0.002230899707088247
0.0021979970804758453
0.0021551939154890024
0.0021039000096470515
0.002045683932193373
0.0019822477572138055
0.0019153997634191637
0.0018470255274572502
0.0017790578627471963
0.0017134460736945934
0.0016521250054549294
0.0015969843719953795
0.001549838840019295
0.0015123993334508704
0.0014862460028438745
0.0014728032766169125
0.0014733173768849968
0.001488836642421213
0.0015201949556116374
0.0015679985199201166
0.0016326161801928792
0.0017141734210049577
0.0018125501191277038
0.0019273820660572977
0.0020580662163820563
0.0022037695585729517
0.0023634414475311428
0.0025358291838568307
0.0027194965742039635
0.0029128451610774863
0.003114137769757251
0.0033215239853469306
0.003533067144795372
0.0037467724075595323
0.003960615454689382
0.004172571359710783
0.004380643175828716
0.004582889792609647
0.004777452631241462
0.004962580770401873
0.005136654124265068
0.005298204329705394
0.005445933040679399
0.005578727373360355
0.005695672295060745
0.005796059802447454
0.005879394789122116
0.005945397558366138
0.005994002992782413
0.006025356447751419
0.006039806489124961
0.006037894646506726
0.006020342400966133
0.005988035669315193
0.00594200708544002
0.005883416412001252
0.005813529442582466
0.005733695774663146
0.005645325847327548
0.005549867644217382
0.005448783461840842
0.005343527136031804
0.005235522105299349
0.00512614066932489
0.0050166847743674204
0.004908368625344837
0.004802303387482519
0.004699484199351406
0.004600779674618914
0.004506924022723888
0.004418511869818617
0.004335995811579362
0.00425968667976352
0.00418975645557159
0.004126243715818952
0.004069061453461125
0.004018007072921278
0.00397277432364801
0.003932966903016111
0.003898113432615478
0.003867683490598212
0.0038411043674108558
0.0038177782031569105
0.0037970991621289656
0.003778470303719209
0.0037613198188464134
0.00374511631699815
0.00372938287064376
0.0037137095506893417
0.0036977642182913564
0.00368130137410788
0.0036641689052628753
0.0036463126121860866
0.0036277784412831714
0.003608712394268629
0.00358935813012563
0.0035700523202076436
0.003551217860148164
0.003533355083207151
0.0035170311577100793
0.0035028678856392666
0.0034915281495972988
0.003483701280740585
0.0034800876404269907
0.0034813827228844857
0.003488261094938805
0.0035013604915981027
0.0035212663830506545
0.0035484973194685344
0.0035834913451143263
0.003626593752912339
0.0036780464252633245
0.003737978976935328
0.003806401881920053
0.003883201728841516
0.003968138709540334
0.004060846403577872
0.004160833878388521
0.004267490081453441
0.004380090457977602
0.0044978056859160285
0.004619712380582745
0.0047448055842157855
0.004872012822441334
0.005000209480192637
0.00512823522483323
0.0052549111844618
0.005379057574998704
0.0054995114609322
0.0056151443316925015
0.005724879178574416
0.005827706765886819
0.0059227008044058374
0.006009031754981678
0.006085979014931107
0.00615294126918256
0.006209444821488525
0.006255149757768171
0.0062898538331172225
0.006313494015497788
0.006326145661838053
0.006328019345447338
0.006319455396495383
0.006300916259030721
0.006272976807857879
0.00623631280582666
0.006191687716027071
0.006139938113408312
0.006081957965898778
0.006018682075726912
0.005951068986949966
0.005880083674906684
0.005806680337238688
0.005731785604198476
0.00565628247820895
0.0055809952991967265
0.005506676013328587
0.005433991998775726
0.005363515673445325
0.005295716076770528
0.005230952581229882
0.00516947084993393
0.005111401115080328
0.005056758809091157
0.005005447536585142
0.004957264331794269
0.004911907103398918
0.004868984127801759
0.00482802541333368
0.004788495722486011
0.004749809007639172
0.004711343988487566
0.0046724605769454365
0.0046325168381741435
0.004590886164818333
0.004546974335798483
0.004500236131197489
0.004450191180911
0.004396438736710405
0.0043386710749946265
0.004276685260482132
0.004210393029022057
0.004139828580098595
0.00406515410590154
0.003986662923403746
0.0039047801180297
0.0038200606514793485
0.0037331849313143894
0.0036449518852278238
0.003556269627703636
0.003468143850241995
0.0033816641077090938
0.0032979882119383774
0.0032183249787786526
0.0031439156057332033
0.003076013983612211
0.0030158662667602136
