0.0006848746171702111
0.0007272033641201414
0.0007611903304507869
0.0007865263971329492
0.0008030395638650666
0.0008106969314259432
0.0008096045066370804
0.0008000048468257897
0.0007822725953159548
0.0007569079930069876
0.0007245284829856058
0.0006858585548341504
0.000641718002378049
0.0005930087926266208
0.0005407007642337158
0.0004858163906264583
0.0004294148557761983
0.0003725756992395651
0.00031638229147486696
0.0002619054005086242
0.00021018710683012778
0.00016222531504151024
0.0001189590984687108
8.125509689187638e-05
4.989516808954651e-05
2.556547137124235e-05
8.8471361075228e-06
2.08640905155575e-07
0.0
8.448823157301746e-06
2.565828439893476e-05
5.16070037457799e-05
8.615081539356387e-05
0.00012902636584232873
0.0001798564569623545
0.0002381570222627212
0.0003033456001557784
0.00037475114616088265
0.00045162500709336874
0.0005331528646145897
0.0006184674432915946
0.0007066617696844877
0.0007968027640355767
0.0008879449449024124
0.0009791440295178217
0.001069470218672523
0.0011580209643381305
0.00124393303086225
0.0013263936761028303
0.0014046507970096786
0.0014780219045501806
0.0015459018151238553
0.0016077689693002402
0.0016631903134121358
0.0017118247047966562
0.0017534248268524083
0.0017878376251307436
0.0018150032999740065
0.0018349529143462772
0.0018478046970923385
0.00185375914156258
0.0018530930170489028
0.0018461524255278655
0.0018333450485892113
0.0018151317389788668
0.0017920176177980392
0.0017645428420208801
0.001733273207624456
0.0016987907513221407
0.0016616845087629403
0.0016225415792617574
0.0015819386368616857
0.0015404340150428392
0.0014985604779623645
0.001456818775046898
0.0014156720583952565
0.0013755412241365866
0.001336801219988891
0.001299778342139788
0.0012647485255874967
0.0012319366135869916
0.0012015165741795734
0.0011736126152568573
0.0011483011345072185
0.0011256134271664952
0.0011055390629601976
0.0010880298341561752
0.001073004169376016
0.0010603519028267172
0.0010499392859517186
0.0010416141281568698
0.0010352109551915287
0.001030556077863997
0.0010274724699089364
0.0010257843618301065
0.0010253214672085252
0.0010259227690592768
0.0010274398060803435
0.001029739411786828
0.0010327058732731952
0.0010362424903978221
0.0010402725302400134
0.001044739585447129
0.0010496073582863215
0.0010548589045763308
0.0010604953829554224
0.0010665343649240812
0.0010730077695976022
0.0010799594939600455
0.0010874428145092705
0.0010955176394432443
0.0011042476919206445
0.0011136977044334064
0.0011239307019949006
0.0011350054477520652
0.0011469741188872336
0.0011598802734328396
0.0011737571600578122
0.0011886264132023603
0.0012044971653645473
0.0012213655971210495
0.001239214933851393
0.0012580158863921898
0.0012777275212389003
0.001298298534696961
0.0013196688948113348
0.0013417718052088894
0.0013645359363869953
0.0013878878626660115
0.0014117546371566199
0.001436066432808059
0.0014607591749987584
0.0014857770902698035
0.0015110750967096145
0.0015366209641634217
0.0015623971768141645
0.0015884024366764823
0.0016146527540421918
0.0016411820797609478
0.0016680424442520204
0.0016953035791145103
0.0017230520089050543
0.0017513896128385888
0.0017804316685815428
0.0018103044026840584
0.0018411420842732503
0.001873083710142225
0.0019062693400679117
0.0019408361508380793
0.001976914285846592
0.0020146225840328466
0.002054064277231018
0.0020953227485232375
0.0021384574458591593
0.002183500044949252
0.002230450953236287
0.002279276242613062
0.0023299050925374267
0.0023822278173894333
0.002436094542447957
0.002491314581897226
0.0025476565600015674
0.0026048493032301773
0.0026625835169188684
0.002720514245286401
0.0027782640985582925
0.0028354272158781723
0.002891573917897042
0.0029462559887127315
0.0029990125134665537
0.0030493761856594925
0.0030968799873752717
0.00314106413631852
0.003181483186090825
0.0032177131606020673
0.0032493586000798286
0.003276059394888882
0.0032974972843585948
0.0033134019010499557
0.003323556246345566
0.003327801490843344
0.0033260410026651585
0.003318243518304256
0.0033044453838423594
0.003284751809048676
0.0032593370927793755
0.003228443794953368
0.003192380847895105
0.003151520617699617
0.003106294944172666
0.0030571902055101913
0.0030047414708896957
0.002949525820244031
0.002892154925382322
0.002833267000039703
0.002773518238129572
0.0027135738692202665
0.002654098967877909
0.0025957491588615433
0.002539161363118137
0.002484944730039003
0.0024336718994843087
0.0023858707326812386
0.0023420166443212796
0.0023025256591315962
0.002267748305025421
0.002237964441834994
0.002213379109820687
0.002194119465886328
0.002180232857992981
0.0021716860699536097
0.002168365749926073
0.002170080016829373
0.0021765612199190756
0.002187469808202054
0.0022023992485694934
0.0022208819147883515
0.002242395854103488
0.0022663723244296906
0.002292203983188854
0.002319253598974401
0.0023468631495658244
0.0023743631644955127
0.0024010821674687074
0.002426356073494281
0.0024495373975919957
0.0024700041363515182
0.002487168190336015
0.0025004832042149145
0.0025094517124031523
0.0025136314906707494
0.0025126410284269595
0.002506164051912472
0.002493953045063274
0.0024758317320371283
0.0024516965030041025
0.0024215167824767963
0.002385334356876383
0.0023432616948864697
0.002295479310140497
0.0022422322306405455
0.0021838256527602915
0.0021206198695148306
0.0020530245727901474
0.0019814926372555414
0.0019065134996127974
0.001828606250586505
0.0017483125585923455
0.0016661895433391998
0.0015828027147735098
0.0014987190878476449
0.0014145005767154412
0.0013306977632907755
0.0012478441248452892
0.0011664507936948055
0.0010870019092806384
