0.0014106230452140928
0.001389162291086844
0.0013658328535749776
0.0013406960902573
0.001313819288241862
0.0012852754806175043
0.0012551432436370769
0.0012235064752213465
0.0011904541554387897
0.0011560800896805769
0.001120482635311846
0.001083764412639652
0.0010460320010944814
0.0010073956215757977
0.000967968805962472
0.0009278680548360264
0.0008872124845081413
0.0008461234644837461
0.0008047242465270177
0.0007631395865296657
0.0007214953604088302
0.0006799181752856783
0.0006385349772152183
0.0005974726567529445
0.0005568576536545567
0.0005168155620111625
0.00047747073712399554
0.0004389459054198147
0.0004013617787007205
0.0003648366740102015
0.0003294861403808256
0.0002954225937081738
0.00026275496097041655
0.00023158833498348476
0.00020202364084815337
0.00017415731520764133
0.00014808099939270735
0.00012388124748576946
0.00010163925028651064
8.143057610887996e-05
6.332492928355681e-05
4.738592718101539e-05
3.36708965085e-05
2.223068956970064e-05
1.3109521108993277e-05
6.344826292896443e-06
1.967140310286464e-06
0.0
4.5986784014129256e-07
3.356078557837901e-06
8.690808541693233e-06
1.645906816202954e-05
2.664871702642564e-05
3.924050212037269e-05
5.420811870529888e-05
7.151829376911105e-05
9.11308917479264e-05
0.00011299904216222219
0.00013706928873637256
0.00016328175949776604
0.00019157035728073197
0.00022186296999145236
0.0002540816999232968
0.0002881431113477262
0.0003239584955443179
0.0003614341523748312
0.0004004716874506731
0.0004409683238909461
0.00048281722761955425
0.0005259078451048131
0.000570126252403869
0.0006153555143369849
0.0006614760525837104
0.0007083660214640584
0.0007559016901432928
0.000803957829978801
0.0008524081057118749
0.0009011254691961108
0.0009499825543475808
0.0009988520719999695
0.001047607203350484
0.0010961219906895543
0.0011442717241190732
0.0011919333229801856
0.0012389857107322903
0.0012853101820500023
0.001330790760934076
0.0013753145486658065
0.001418772060471881
0.0014610575498080714
0.0015020693192152846
0.0015417100167501947
0.0015798869170448046
0.0016165121861045995
0.0016515031290132854
0.0016847824197732415
0.001716278312574502
0.001745924833851143
0.0017736619545520914
0.0017994357421233786
0.0018231984917704944
0.0018449088366424226
0.0018645318366530368
0.0018820390457303469
0.0018974085573595443
0.0019106250283614785
0.0019216796809238793
0.0019305702829781268
0.0019373011070892407
0.001941882868100908
0.0019443326398503843
0.001944673751339901
0.0019429356628212833
0.0019391538223188921
0.0019333695031822553
0.0019256296233236929
0.0019159865468577639
0.0019044978689180222
0.0018912261844823831
0.0018762388420910429
0.0018596076833902182
0.0018414087694808364
0.0018217220950934943
0.0018006312916494637
0.0017782233203019885
0.001754588156082663
0.0017298184643039826
0.0017040092703913773
0.0016772576243358622
0.001649662260972009
0.00162132325729513
0.0015923416880363316
0.0015628192807145124
0.0015328580713803873
0.0015025600622592765
0.0014720268824867534
0.0014413594531143298
0.0014106576575412795
0.0013800200185035303
0.0013495433827213491
0.001319322614274609
0.0012894502977375477
0.0012600164520646328
0.0012311082561753718
0.001202809787138802
0.0011752017718083037
0.0011483613527043435
0.0011223618688870585
0.0010972726525024117
0.0010731588416252238
0.0010500812099599457
0.0010280960138957856
0.0010072548573470388
0.000987604574742379
0.0009691871324587378
0.0009520395489264876
0.0009361938335631606
0.0009216769446232116
0.000908510765981552
0.0008967121027990204
0.0008862926959489942
0.0008772592550158902
0.0008696135096091634
0.0008633522786701592
0.0008584675573847054
0.0008549466212513519
0.0008527721467942312
0.0008519223483506979
0.0008523711303074959
0.0008540882541052502
0.0008570395192800564
0.0008611869577626702
0.0008664890406107758
0.0008729008963079549
0.0008803745397246075
0.0008888591108011351
0.0008983011219825335
0.0009086447134060196
0.0009198319148197414
0.0009318029131908433
0.0009444963249454984
0.0009578494717717868
0.0009717986589086065
0.0009862794548402684
0.0010012269713168742
0.0010165761426250927
0.0010322620030424833
0.0010482199614210495
0.0010643860718620663
0.0010806972994645407
0.0010970917801535638
0.001113509073622522
0.0011298904084542174
0.0011461789185205156
0.0011623198697979062
0.001178260876777253
0.0011939521076897916
0.0012093464778180304
0.0012243998302092932
0.0012390711031611582
0.0012533224839017388
0.001267119547943305
0.0012804313836452127
0.0012932307015808735
0.0013054939283637691
0.001317201284648669
0.0013283368470863068
0.0013388885940723433
0.0013488484351944895
0.0013582122243446398
0.0013669797565258992
0.001375154748446848
0.001382744803057407
0.0013897613582417195
0.0013962196199434832
0.0014021384800579257
0.0014075404194817448
0.001412451396767864
0.001416900722885348
0.0014209209226362246
0.001424547583329988
0.001427819191363217
0.0014307769573955003
0.0014334646308540532
0.0014359283045373818
0.0014382162101234108
0.0014403785054191676
0.0014424670542175309
0.0014445351996514905
0.0014466375319578033
0.0014488296515797296
0.0014511679285527338
0.0014537092591275064
0.0014565108205914217
0.001459629825252592
0.0014631232745499607
0.0014670477142484691
0.0014714589916702387
0.001476412015900953
0.0014819605218953146
0.001488156839386599
0.0014950516674830869
0.001502693855808566
0.0015111301930152584
0.0015204052034656637
0.0015305609528449386
0.0015416368634277354
0.001553669539683118
0.001566692604858323
0.0015807365491369864
0.001595828589920185
0.0016119925447293949
0.0016292487171795133
0.0016476137964175348
0.0016671007703686692
0.0016877188530766668
