0.0007761731039686664
0.0007219160120793544
0.0006687730603182544
0.0006168639595645611
0.0005663077030355484
0.0005172221787734239
0.0004697237807972142
0.00042392702029253864
0.00037994413822224453
0.00033788472074604845
0.00029785531883739103
0.00025995907348073553
0.00022429534782243687
0.00019095936763317617
0.0001600418714197728
0.00013162877149899832
0.00010580082731596408
8.263333225474448e-05
6.21958151492694e-05
4.455175765835694e-05
2.9758328620056902e-05
1.7866136447595906e-05
8.919000572126141e-06
2.9537428765506225e-06
0.0
8.005732439605659e-08
3.208705383074637e-06
9.393119357074039e-06
1.8632762247438976e-05
3.091931223228898e-05
4.6236614635509436e-05
6.456065885014194e-05
8.585958047418714e-05
0.0001100936888297965
0.00013721551994914797
0.00016716991502188899
0.0001998941242102553
0.00023531793564915676
0.0002733638293599531
0.000313947155718676
0.00035697633803235965
0.00040235309869131536
0.0004499727082808596
0.000499724256953514
0.000551490947282384
0.0006051504077385066
0.0006605750258598031
0.000717632300107086
0.0007761852093336888
0.0008360925987298969
0.000897209581041781
0.000959387951806391
0.001022476617291939
0.0010863220337825876
0.001150768656803141
0.0012156593988393353
0.0012808360940747894
0.001346139968636094
0.0014114121148131244
0.0014764939677025417
0.0015412277827087217
0.0016054571123280117
0.0016690272806393809
0.001731785853927168
0.0017935831058697523
0.0018542724757416146
0.0019137110180952807
0.0019717598424140864
0.0020282845412564554
0.0020831556054473157
0.002136248824912366
0.0021874456737958946
0.002236633678552711
0.0022837067677592294
0.002328565602447686
0.0023711178858306934
0.002411278651350578
0.002448970528059025
0.0024841239824071847
0.0025166775356043497
0.00254657795578429
0.002573780424302083
0.0025982486755704794
0.0026199551099332333
0.002638880879163024
0.0026550159442634124
0.002668359105347213
0.002678918003457572
0.0026867090942924716
0.0026917575938880437
0.0026940973964106624
0.002693770964301869
0.002690829191113606
0.002685331237463432
0.0026773443406302964
0.002666943598400481
0.002654211727860427
0.00263923879991778
0.0026221219504140377
0.0026029650687712487
0.002581878465190992
0.0025589785174962927
0.0025343872987755897
0.0025082321870525896
0.00248064545826609
0.002451763863899857
0.002421728194653935
0.0023906828315952296
0.002358775286266765
0.0023261557312714
0.002292976522876943
0.002259391717215455
0.002225556581669845
0.002191627103055785
0.0021577594942162517
0.0021241097006496974
0.0020908329087910385
0.002058083057557129
0.0020260123547554167
0.0019947707999358865
0.001964505715242554
0.0019353612857913331
0.0019074781110666609
0.0018809927687895704
0.001856037392665278
0.001832739265368945
0.0018112204280742446
0.0017915973077708323
0.0017739803635542233
0.001758473753004821
0.0017451750197024778
0.001734174802849023
0.0017255565698940413
0.0017193963729791454
0.0017157626299331423
0.001714715930465467
0.0017163088681179522
0.0017205858984462327
0.0017275832238115144
0.0017373287050721606
0.0017498418003721052
0.0017651335311305424
0.0017832064752443737
0.001804054787422318
0.0018276642464774581
0.0018540123293137286
0.00188306831125178
0.0019147933922510551
0.0019491408484981396
0.001986056208746751
0.002025477454712491
0.002067335244745864
0.002111553159930486
0.0021580479716799793
0.002206729929837218
0.0022575030702133127
0.002310265540441603
0.0023649099429637684
0.0024213236939115176
0.0024793893965981218
0.0025389852282895415
0.0025999853388853538
0.002662260260104887
0.0027256773237445265
0.0027901010875476103
0.002855393767209261
0.0029214156730245065
0.0029880256496795828
0.0030550815176830595
0.0031224405149354434
0.0031899597369435336
0.003257496574198263
0.0033249091452528124
0.0033920567240606552
0.0034588001601613184
0.0035250022903344403
0.0035905283403804677
0.0036552463157285553
0.003719027379619012
0.003781746217658491
0.003843281387601297
0.0039035156532689313
0.003962336301582502
0.0040196354417484535
0.004075310285707088
0.004129263409025077
0.004181402991487605
0.004231643036722503
0.0042799035702673896
0.004326110815571323
0.004370197347504264
0.00441210222303065
0.004451771088787137
0.004489156265388796
0.004524216808372564
0.004556918545771012
0.004587234092393396
0.004615142840974154
0.004640630930431061
0.004663691191556028
0.004684323070540743
0.004702532530816464
0.004718331933762433
0.004731739898909827
0.004742781144338152
0.004751486308027752
0.004757891750995968
0.004762039343104577
0.004763976232483006
0.004763754599564478
0.004761431396781229
0.004757068075009527
0.004750730297895661
0.0047424876452299616
0.004732413306567327
0.004720583766319458
0.004707078481566002
0.004691979553849055
0.004675371396227831
0.004657340396877889
0.004637974580521965
0.004617363268977289
0.004595596742097311
0.004572765900374028
0.0045489619304505974
0.004524275974772978
0.004498798806583647
0.004472620511430598
0.004445830176330488
0.004418515587686564
0.004390762939019674
0.004362656549524579
0.004334278594414252
0.004305708847961791
0.004277024440093427
0.004248299627327078
0.0042196055787891455
0.004191010177978031
0.00416257784087653
0.00413436935094694
0.004106441711472867
0.004078848015640342
0.004051637334678525
0.00402485462430713
0.003998540649663911
0.0039727319288116875
0.003947460694850481
0.0039227548765867655
0.003898638097638937
0.0038751296937860518
0.003852244748296021
0.003829994144900061
0.003808384638012429
0.0037874189397287686
0.003767095823072805
0.003747410240900019
