0.0
4.6264682862572765e-05
9.278602375387417e-05
0.0001394432492583806
0.000186116744039804
0.000232688411837324
0.0002790420305293095
0.00032506360010126924
0.0003706416823795089
0.00041566773142063564
0.00046003641347956226
0.0005036459155149102
0.0005463982412305441
0.0005881994936952869
0.0006289601436294493
0.0006685952824965852
0.0007070248595915753
0.0007441739023716515
0.0007799727193350311
0.0008143570848123001
0.0008472684050982728
0.0008786538654166151
0.0009084665572757662
0.0009366655858424346
0.0009632161570278836
0.0009880896440521958
0.0010112636333223807
0.0010327219495313666
0.0010524546599563437
0.0010704580580063077
0.0010867346261397952
0.0011012929783443953
0.0011141477824394722
0.0011253196625323216
0.0011348350820255795
0.001142726207639708
0.00114903075497875
0.0011537918162298694
0.0011570576706474004
0.0011588815785299245
0.0011593215594540743
0.0011584401555812065
0.001156304180902529
0.0011529844573345707
0.0011485555386199096
0.001143095423027624
0.001136685255883933
0.0011294090229957505
0.0011213532360583485
0.001112606611162877
0.0011032597415400439
0.0010934047656927682
0.001083135032083003
0.001072544761546192
0.0010617287086108773
0.0010507818229009056
0.0010397989117934096
0.0010288743054973327
0.0010181015257047633
0.0010075729589507929
0.0009973795357970444
0.0009876104169296038
0.0009783526872338074
0.0009696910588764117
0.0009617075843901377
0.0009544813807166282
0.0009480883651216122
0.0009426010038506729
0.0009380880743457009
0.0009346144417909693
0.0009322408507040794
0.0009310237322309079
0.0009310150277454297
0.0009322620292950272
0.0009348072373699163
0.0009386882364118238
0.000943937588412252
0.0009505827448848499
0.0009586459774297694
0.0009681443270406974
0.0009790895722377368
0.000991488216041741
0.0010053414917382854
0.0010206453873124908
0.0010373906883695615
0.001055563039290502
0.0010751430223081434
0.0010961062541257217
0.0011184234996388699
0.0011420608022623846
0.001166979630305575
0.0011931370387847496
0.0012204858460084886
0.0012489748242210893
0.001278548903542075
0.0013091493883951074
0.0013407141855781768
0.0013731780430887516
0.00140647279878269
0.001440527637914365
0.001475269358577713
0.0015106226440437533
0.001546510340969873
0.0015828537424395633
0.0016195728747787374
0.001656586787085924
0.0016938138424088722
0.0017311720094991421
0.0017685791540793245
0.0018059533285643913
0.0018432130591894843
0.0018802776295109619
0.001917067359265882
0.0019535038775969956
0.001989510389675889
0.0020250119357858483
0.002059935641958361
0.002094210961292681
0.002127769905126425
0.002160547263266751
0.002192480812535797
0.0022235115129309807
0.0022535836907499
0.0022826452080810023
0.0023106476181146245
0.0023375463057841743
0.0023633006133040673
0.0023878739502291536
0.0024112338877197177
0.0024333522367563603
0.0024542051101099933
0.002473772967933602
0.0024920406469040495
0.002508997372903837
0.0025246367572941807
0.002538956776891684
0.0025519597378211908
0.0025636522234768187
0.0025740450268813666
0.0025831530677912647
0.002590995294949611
0.0025975945739434496
0.002602977561173168
0.0026071745644914517
0.002610219391116477
0.0026121491834688493
0.0026130042436239083
0.0026128278471104173
0.0026116660468230935
0.002609567467849837
0.002606583094044776
0.0026027660472051693
0.002598171359733916
0.0025928557416895126
0.0025868773431420742
0.0025802955127671376
0.0025731705536185742
0.0025655634770278524
0.0025575357555793106
0.002549149076109771
0.0025404650936760457
0.0025315451874254064
0.002522450219292251
0.0025132402964287395
0.0025039745382584517
0.002494710849020081
0.0024855056966428223
0.0024764138987668567
0.0024674884166909004
0.0024587801579946398
0.002450337788546985
0.0024422075545715845
0.0024344331153992324
0.0024270553874927115
0.0024201124002834772
0.002413639164311637
0.0024076675521109486
0.002402226192229497
0.002397340376724192
0.002393031982413826
0.002389319406120987
0.0023862175140781615
0.002383737605617896
0.0023818873912112015
0.0023806709848627145
0.002380088910815626
0.0023801381244643693
0.0023808120473185687
0.0023821006158082124
0.002383990343667385
0.0023864643975826457
0.0023895026857422043
0.0023930819588737578
0.002397175923312451
0.002401755365595841
0.0024067882880404387
0.002412240054714323
0.0024180735471826574
0.0024242493293679577
0.00243072582083455
0.0024374594777771524
0.0024444049809669533
0.002451515429884885
0.002458742542251412
0.0024660368581447467
0.002473347947885371
0.002480624622853862
0.0024878151484015497
0.0024948674580092377
0.0025017293678484273
0.0025083487909017704
0.0025146739498053145
0.0025206535875839666
0.0025262371754638255
0.0025313751169603487
0.002536018947459719
0.0025401215285321818
0.0025436372362404513
0.0025465221427333606
0.0025487341904447463
0.002550233358249901
0.002550981818966678
0.0025509440876254176
0.0025500871599709735
0.002548380640701311
0.0025457968609900175
0.0025423109848846303
0.002537901104218675
0.0025325483217224984
0.0025262368220662834
0.0025189539306178154
0.0025106901597473164
0.0025014392425620254
0.0024911981540037156
0.0024799671192929536
0.0024677496097544353
0.002454552326107838
0.002440385169358265
0.0024252611994692724
0.0024091965820493668
0.002392210523329828
0.002374325193757154
0.0023555656405676354
0.002335959689753926
0.002315537837874195
0.0022943331341930694
0.002272381053680185
0.0022497193614264633
0.002226387969070152
0.0022024287838540947
0.0021778855509625343
0.00215280368980977
0.0021272301249743355
0.002101213112490754
0.002074802062226298
0.0020480473570827448
