0.000831964389463309
0.0008142476382438867
0.0007955468436137989
0.0007758830143717193
0.0007552828525205977
0.0007337787477122643
0.0007114087497803775
0.000688216519253624
0.0006642512558225383
0.00063956760481539
0.0006142255418208999
0.0005882902356778323
0.0005618318901334776
0.000534925564554288
0.0005076509741522991
0.00048009227027003085
0.00045233780134404855
0.0004244798552430612
0.0003966143837499242
0.0003688407100279835
0.00034126121998063184
0.0003139810384783406
0.0002871076914896318
0.0002607507552112344
0.00023502149334767974
0.00021003248374177079
0.0001858972356043615
0.00016272979863460107
0.00014064436536005568
0.00011975486805968763
0.00010017457166151735
8.201566403067979e-05
6.538884508249009e-05
5.040291616890307e-05
3.716437119540483e-05
2.5776990928699263e-05
1.6341441953739242e-05
8.954881731454162e-06
3.710571196145155e-06
6.974963138333713e-07
0.0
1.697425767164737e-06
5.863774439692111e-06
1.2567375235213781e-05
2.1870572469253648e-05
3.382942909205657e-05
4.849344821462355e-05
6.590531372446503e-05
8.610065103101597e-05
0.00010910780891603463
0.0001349476633959821
0.0001636334444315231
0.00019517058624412805
0.00022955660192161944
0.0002667809829136067
0.0003068251239343805
0.0003496622737053359
0.0003952575118815547
0.00044356775241826546
0.0004945417735426213
0.0005481202744051774
0.0006042359583936252
0.0006628136429993685
0.0007237703960355341
0.0007870156979133882
0.0008524516295932796
0.0009199730857363275
0.0009894680124945784
0.0010608176692905383
0.0011338969138520961
0.0012085745096863556
0.0012847134550958816
0.0013621713327638177
0.0014408006788604183
0.0015204493705530428
0.001600961030734889
0.0016821754487248873
0.0017639290156324895
0.0018460551730268022
0.0019283848734997933
0.0020107470516683573
0.002092969104120054
0.002174877376772375
0.002256297658085773
0.0023370556765462676
0.0024169776008146062
0.002495890540925464
0.002573623048912406
0.002650005617232043
0.0027248711733641935
0.0027980555689738934
0.0028693980620356037
0.0029387417903401734
0.003005934234830656
0.0030708276712441093
0.003133279608572829
0.0031931532128998924
0.00325031771521045
0.0033046488018315463
0.0033560289862093365
0.0034043479607931883
0.003449502927860975
0.0034913989081888836
0.0035299490265417997
0.003565074773036713
0.003596706239511269
0.003624782330112283
0.0036492509454044957
0.0036700691393877624
0.0036872032489008747
0.0037006289949821193
0.0037103315558500004
0.0037163056112621117
0.003718555358105517
0.0037170944971678895
0.0037119461911346977
0.003703142993953636
0.003690726751802887
0.003674748475994324
0.0036552681882361764
0.0036323547387715482
0.003606085597999245
0.0035765466222713025
0.0035438317946471067
0.0035080429414667243
0.0034692894256858156
0.003427687817990902
0.003383361546786588
0.0033364405282153933
0.003287060777435771
0.0032353640024445594
0.0031814971817862975
0.003125612127543263
0.003067865035046779
0.0030084160207918104
0.002947428650073386
0.0028850694558944347
0.0028215074507204237
0.0027569136326764023
0.0026914604877967844
0.0026253214899474176
0.0025586706000429293
0.0024916817661803287
0.0024245284263022127
0.002357383014989634
0.002290416475966056
0.002223797781869639
0.0021576934628216348
0.0020922671452840527
0.0020276791026598946
0.0019640858190447083
0.0019016395674886135
0.001840488004074057
0.0017807737790560667
0.0017226341662492494
0.0016662007117792888
0.001611598903246508
0.0015589478602754875
0.0015083600473479544
0.001459941009736516
0.0014137891332746582
0.001369995428613795
0.0013286433405318352
0.001289808582769399
0.0012535589987804643
0.001219954448693569
0.0011890467226885503
0.0011608794809021027
0.0011354882198838512
0.0011129002655332109
0.0010931347923565245
0.0010762028687941584
0.0010621075282785898
0.0010508438655975013
0.0010423991580507134
0.0010367530108067726
0.0010338775257844406
0.0010337374933065292
0.0010362906056987059
0.0010414876919343057
0.0010492729723581978
0.001059584332458439
0.0010723536145940686
0.0010875069265312849
0.0011049649655884037
0.0011246433571426818
0.0011464530062094897
0.0011703004607665165
0.0011960882854628006
0.0012237154443245557
0.001253077691047018
0.0012840679654440262
0.0013165767946146764
0.0013504926973793388
0.001385702590535498
0.0014220921954872547
0.0014595464438109395
0.0014979498803330826
0.0015371870623157435
0.0015771429533681055
0.0016177033107318693
0.0016587550646215091
0.001700186688338455
0.0017418885579208523
0.0017837533001373183
0.001825676127683999
0.0018675551604990584
0.001909291732167117
0.0019507906804480636
0.00199196062102975
0.0020327142036720446
0.0020729683499804553
0.0021126444721205648
0.002151668671859777
0.002189971919399842
0.002227490211542329
0.0022641647088088193
0.002299941851218579
0.0023347734525077223
0.002368616772655598
0.0024014345686658905
0.002433195123631442
0.0024638722541925426
0.00249344529657855
0.0025218990715014256
0.002549223828247152
0.0025754151683865943
0.00260047394960087
0.0026244061701876393
0.002647222834883406
0.002668939802702809
0.0026895776175588568
0.002709161322487612
0.002727720258357031
0.0027452878479922124
0.0027619013666979
0.002777601700203806
0.002792433091098806
0.002806442874856252
0.0028196812065844584
0.0028322007796637173
0.0028440565374538568
0.0028553053792744424
0.002866005861873019
0.00287621789760538
0.0028860024505557545
0.002895421231823846
0.0029045363952001075
0.002913410234440357
0.002922104883335931
0.0029306820197562084
0.0029392025748164433
0.0029477264482956986
0.002956312231397305
0.0029650169379078183
0.0029738957447701755
