0.0043949378698984725
0.004407356416211158
0.004420426428277877
0.004434176845681389
0.004448631845357976
0.004463810677866701
0.00447972752293609
0.004496391364972374
0.004513805889139711
0.004531969398546468
0.004550874752992887
0.004570509329654653
0.004590855005994242
0.004611888165107813
0.004633579723630186
0.004655895182234267
0.004678794698674682
0.004702233183238523
0.004726160416379422
0.004750521188224873
0.004775255459561345
0.004800298543817311
0.004825581309481486
0.004851030402312368
0.004876568486616186
0.0049021145047935906
0.004927583954281504
0.004952889180945434
0.004977939687909818
0.0050026424587496735
0.005026902293906323
0.005050622159133478
0.005073703544727714
0.005096046834249577
0.005117551681398398
0.005138117393665603
0.005157643321357929
0.0051760292505538185
0.005193175798533272
0.0052089848102039125
0.005223359754033852
0.005236206115995388
0.0052474317900224575
0.005256947463489365
0.005264666996228391
0.005270507791619609
0.005274391158307445
0.00527624266112526
0.00527599245984127
0.005273575634376593
0.005268932495188713
0.0052620088775613
0.00525275641859378
0.005241132815741255
0.005227102065817028
0.005210634683436019
0.00519170789794732
0.005170305827978073
0.00514641963278822
0.005120047639716411
0.00509119544708101
0.00505987600198659
0.005026109652575054
0.004989924174351397
0.004951354770306729
0.004910444044655177
0.004867241950096371
0.004821805708611027
0.004774199705893276
0.004724495359619651
0.004672770961850409
0.004619111495954131
0.004563608428540614
0.004506359476979867
0.004447468353176025
0.004387044484353973
0.004325202711703014
0.004262062967805783
0.004197749933861409
0.0041323926777893615
0.0040661242743743175
0.003999081408682234
0.003931403964043621
0.003863234595961273
0.003794718293356397
0.0037260019286188342
0.0036572337979737177
0.003588563153718371
0.0035201397299191453
0.003452113263188366
0.0033846330101861295
0.0033178472635106734
0.00325190286765392
0.0031869447367058354
0.003123115375492279
0.0030605544058259506
0.002999398099539082
0.0029397789199494193
0.0028818250733881503
0.002825660072389551
0.0027714023121074554
0.0027191646614834163
0.0026690540706454688
0.002621171195965268
0.002575610044144763
0.0025324576366421566
0.0024917936956805223
0.002453690353011538
0.002418211882531488
0.0023854144577673568
0.0023553459351676
0.002328045664045537
0.0023035443239332975
0.0022818637900114958
0.0022630170271843403
0.0022470080132722487
0.0022338316916944816
0.0022234739539131977
0.0022159116518080564
0.002211112640047355
0.002209035848418145
0.0022096313839740805
0.002212840662756367
0.0022185965707404716
0.0022268236535594875
0.0022374383344547317
0.0022503491598055312
0.002265457071493645
0.0022826557052636745
0.002301831714149508
0.0023228651159486495
0.0023456296636414644
0.002369993237571356
0.002395818258124762
0.0024229621175771887
0.002451277629703216
0.0024806134956850724
0.0025108147847959453
0.002541723428281127
0.002573178724812335
0.0026050178558485234
0.0026370764092001277
0.0026691889090632707
0.002701189350766038
0.0027329117384505873
0.002764190623902692
0.0027948616447343536
0.002824762060125412
0.0028537312823365547
0.0028816114022188993
0.0029082477069641557
0.002933489188364452
0.002957189039881836
0.0029792051408644785
0.0029994005262892667
0.0030176438404588175
0.0030338097731347677
0.0030477794766482326
0.003059440962592491
0.003068689476771878
0.0030754278511544615
0.0030795668316539234
0.003081025380648028
0.003079730953226731
0.003075619746252172
0.003068636919405046
0.0030587367874870125
0.0030458829833463433
0.0030300485908937693
0.0030112162477769857
0.0029893782173851767
0.0029645364299589316
0.0029367024926855744
0.0029058976687649342
0.0028721528255355087
0.0028355083518554853
0.0027960140450368574
0.002753728967733372
0.0027087212752841677
0.002661068014114142
0.0026108548918890176
0.002558176020217548
0.0025031336307847984
0.002445837765888799
0.002386405944437617
0.0023249628045449895
0.0022616397239395257
0.0021965744194750534
0.0021299105270977067
0.0020617971636884475
0.0019923884722578395
0.0019218431520227107
0.0018503239749418162
0.001777997290329483
0.0017050325192022623
0.0016316016400440745
0.00155787866769967
0.001484039127124539
0.0014102595237319294
0.001336716812083744
0.0012635878646723787
0.0011910489425346173
0.001119275169426795
0.0010484400112725804
0.0009787147625708462
0.0009102680414215757
0.0008432652947924398
0.000777868315607849
0.0007142347731961293
0.0006525177585790347
0.0005928653460314805
0.0005354201722781093
0.0004803190346276678
0.0004276925092761147
0.00037766459093524756
0.00033035235486586836
0.0002858656423132093
0.00024430677025775267
0.00020577026630736297
0.00017034262946667624
0.00013810211742764766
0.00010911856093118741
8.345320565431935e-05
6.115858198064289e-05
4.227840291437697e-05
2.6847490300300775e-05
1.4891729413781061e-05
6.428051887278491e-06
1.4644468423678607e-06
0.0
2.02496044666425e-06
7.52083464059276e-06
1.646050715066157e-05
2.8808387531385846e-05
4.452058265066701e-05
6.3545093703194e-05
8.582203706174445e-05
0.00011128388804142186
0.000139855746578424
0.000171455623755405
0.00020599474804015036
0.00024337789004346072
0.00028350370454580586
0.00032626508849081717
0.00037154955359725884
0.00041923961219964565
0.00046921317489156955
0.0005213439585149957
0.000575501903013391
0.000631553595646748
0.0006893627010521905
0.000748790395625175
0.0008096958046931216
0.0008719364409556724
0.0009353686426738347
0.0009998480101035454
