0.005203321341263057
0.005236855014165774
0.005269967263295655
0.005302556066960453
0.005334525634533442
0.0053657817241287535
0.005396226740407323
0.005425754747417856
0.0054542465349139545
0.005481564877211725
0.005507550121338307
0.0055320162360042386
0.005554747444902896
0.00557549555714444
0.005593978094468698
0.005609877299499004
0.005622840091988579
0.0056324790211029555
0.005638374241638218
0.0056400765210830725
0.005637111262998181
0.005628983510724301
0.005615183874359013
0.0055951953036722174
0.005568500610561013
0.00553459062715236
0.005492972870095182
0.00544318056825604
0.005384781900216394
0.005317389279890849
0.005240668523420076
0.0051543477283608075
0.005058225697163155
0.004952179741000106
0.004836172707144527
0.004710259083167663
0.004574590044097325
0.004429417324108309
0.0042750958120593464
0.004112084789933067
0.003940947754634027
0.0037623507862791336
0.003577059449674791
0.0033859342396987233
0.0031899246053655674
0.0029900616110261295
0.002787449316009417
0.0025832549756573675
0.0023786981867391322
0.0021750391183084743
0.0019735659848631607
0.0017755819318992104
0.0015823915143917521
0.0013952869561949257
0.0012155343827061895
0.0010443602203120848
0.0008829379541068017
0.0007323754301926601
0.0005937028806305387
0.00046786183796037164
0.000355695092360117
0.00025793782820775083
0.00017521005834785983
0.00010801045407377594
5.671164707944914e-05
2.1557056798416404e-05
2.6592730332682113e-06
0.0
1.343154428172337e-05
4.267980611344672e-05
8.734871129857831e-05
0.00014692600026276412
0.00022079027162797598
0.00030821916055277093
0.00040839851720683024
0.0005204324383592555
0.0006433539953423942
0.0007761364947370241
0.0009177051040885091
0.0010669486738309267
0.0012227315883368848
0.0013839054835422205
0.001549320675782567
0.001717837156141906
0.0018883350165253081
0.0020597241875651966
0.002230953384053332
0.002401018170533934
0.0025689680776492052
0.002733912718436111
0.0028950268726642687
0.0030515545261111322
0.0032028118700324956
0.0033481892836572146
0.003487152338991048
0.0036192418822581954
0.0037440732596766137
0.0038613347667288615
0.003970785409470082
0.004072252073571178
0.004165626201638137
0.004250860081836629
0.004327962850994537
0.004396996313211131
0.004458070670676922
0.0045113402570532615
0.004556999355568187
0.00459527817418464
0.00462643903905116
0.004650772855242074
0.004668595870843194
0.004680246767062854
0.004686084083576236
0.004686483975072968
0.004681838282295787
0.004672552889039535
0.0046590463259124255
0.004641748572405064
0.004621100001194967
0.004597550402825463
0.004571558025085574
0.004543588559685419
0.0045141140092246875
0.004483611369996712
0.004452561070814231
0.0044214451146931955
0.0043907448787486964
0.004360938537858202
0.004332498089307064
0.004305885968487356
0.00428155125948108
0.004259925518703266
0.004241418244372375
0.004226412039064788
0.004215257526642775
0.004208268098070033
0.004205714572704042
0.0042078198722574475
0.004214753813452436
0.0042266281321861904
0.004243491856552721
0.004265327148141091
0.00429204573051411
0.004323486020579171
0.004359411072661987
0.004399507436509408
0.0044433850192603964
0.004490578027772559
0.004540547051767481
0.004592682330306366
0.004646308224420052
0.004700688897630721
0.004755035183989466
0.0048085126005186305
0.004860250438018306
0.004909351841515711
0.00495490476965542
0.004995993701496218
0.005031711939936618
0.005061174343755212
0.00508353030541764
0.005097976779725891
0.005103771159382177
0.0051002437878732015
0.005086809897958921
0.005062980765619851
0.00502837387466027
0.004982721896294243
0.0049258803009011925
0.004857833435600662
0.004778698921166074
0.00468873024481179
0.004588317451219705
0.004477985862435788
0.0043583927875253245
0.004230322214643858
0.004094677510937185
0.003952472188877308
0.003804818830701223
0.003652916294965819
0.0034980353602849018
0.0033415029905055843
0.0031846854323635387
0.003028970380514962
0.0028757484653035084
0.0027263943352604588
0.002582247618791408
0.0024445940574755144
0.0023146471066697793
0.002193530297523689
0.0020822606480048102
0.0019817333991334106
0.0018927083364282955
0.0018157979357676804
0.0017514575477393416
0.001699977805446316
0.0016614794080729977
0.0016359103967956228
0.0016230460013944713
0.001622491095797434
0.0016336852594026102
0.0016559103990684242
0.001688300844820096
0.0017298557913055692
0.0017794539175419453
0.0018358699802084766
0.0018977931413185231
0.00196384676015528
0.002032609352446928
0.002102636397388
0.0021724826557147645
0.0022407246499651923
0.0023059829515626957
0.002366943918631367
0.0024223805335564326
0.002471172000226979
0.0025123217775204275
0.002544973747693322
0.0025684262456201166
0.0025821437068696317
0.0025857657289417493
0.002579113380042772
0.002562192632925512
0.002535194846871856
0.0024984942681157956
0.002452642567124262
0.0023983604793804134
0.002336526663849146
0.0022681639393531995
0.0021944231028735864
0.0021165645745667015
0.002035938151361978
0.0019539611837263936
0.001872095517981257
0.0017918235689358371
0.001714623904154486
0.0016419467315836964
0.0015751896863218542
0.0015156743099082521
0.0014646236066395723
0.001423141046199631
0.0013921913605254945
0.0013725834556500842
0.001364955726674937
0.0013697640265475102
0.001387272497540309
0.0014175474289232375
0.0014604542560197266
0.00151565776542638
0.001582625519478961
0.001660634460913598
0.0017487806069610495
0.0018459916916794574
0.0019510425670158547
0.0020625731276943966
0.0021791084833196516
