0.004388258692033843
0.003318906470531747
0.0023164450075379905
0.001447414075159894
0.0007628044322688394
0.00029255669292038364
4.3367144780454e-05
0.0
0.00012969659729139028
0.0003887552003141413
0.0007300244116031883
0.0011099661033347804
0.0014941098080395714
0.0018601004062618635
0.0021980546811170825
0.002508485367318007
0.0027985156113452788
0.0030774020834098198
0.003352456796825022
0.0036262976162861763
0.0038960044472504604
0.004154290181799551
0.004392313462246636
0.004603367152069396
0.004786456014064232
0.0049487772025894865
0.005106339413618372
0.005282355969964524
0.005503541255649513
0.005794925400714981
0.006174175794198098
0.006646594056011772
0.007201900057687729
0.007813624691451984
0.008441462119561222
0.009036369720878802
0.0095476597146219
0.009930908897953934
0.010155307454389955
0.010209119448497422
0.010102231801524333
0.009865271302253831
0.009545377401530861
0.00919931772287788
0.008885109842318146
0.008653576393909327
0.008541261055281406
0.008565870976816884
0.00872493755108171
0.008997793243308811
0.009350361234677479
0.009741760966181448
0.010131438634979463
0.010485490036864923
0.010781057088419956
0.011008102402714723
0.01116841178451848
0.011272233045211962
0.011333420683847456
0.011364230066060238
0.011370940354049279
0.011351279278848467
0.011294219880652826
0.011182203489084618
0.0109953202885921
0.010716555249432892
0.01033696877530284
0.009859676184633369
0.009301718996382193
0.00869333764856992
0.00807467567874516
0.00749046461242244
0.006983652074182462
0.006589159317208942
0.006328942672420415
0.006209287587890086
0.006220832046964797
0.0063412836491692675
0.006540267362143096
0.006785324177605153
0.007047858401491922
0.007307848636136961
0.007556392808502021
0.007795601700460751
0.008035901316561742
0.008291344100298925
0.008573954641733047
0.008888360573139114
0.009227935709665442
0.009573410191321088
0.009894430048646216
0.010153964531227537
0.010314875026161152
0.01034748768473956
0.010236746517024203
0.009987520609525895
0.009626905618403358
0.009202852767598193
0.008779092462734076
0.008426981383988695
0.008215472093945252
0.008200778654231087
0.008417420650182358
0.008872148499167277
0.009541813128581126
0.01037561709696792
0.011301478568199054
0.01223557431718728
0.01309361556497118
0.013802136162536583
0.014308080164058797
0.014585260468104884
0.01463677065336108
0.014493080271678097
0.014206220655089245
0.013841062844275647
0.013465107534752123
0.013138387050152252
0.01290500068095593
0.012787489806048422
0.012784768197868286
0.012873741970593497
0.013014179536735535
0.01315591564255867
0.013247165590520787
0.013242625822211257
0.01311014924484609
0.012835077966366095
0.012421735099517626
0.01189204727156781
0.011281713188956734
0.010634682869349684
0.009996918099496014
0.009410444219674297
0.008908581087796257
0.008512986770710235
0.008232809675629449
0.008065882014032105
0.008001558548632371
0.008024559641733688
0.008119050986235792
0.008272198232166138
0.008476566059840276
0.008730962123194451
0.009039616459417803
0.009409888477800615
0.009848958154694672
0.01036014393059904
0.0109395680251166
0.011573848122287903
0.012239338626878355
0.01290319837218611
0.013526262283181706
0.014067388315864477
0.014488686302519899
0.014760855316489113
0.01486779224311875
0.0148097008720078
0.014604122658768018
0.014284602177679429
0.013897050278045286
0.013494223225323848
0.013129040777116942
0.012847670108806528
0.012683369784232675
0.012652003200281087
0.012749902795575366
0.012954427092621568
0.013227153815089307
0.013519256642562334
0.013778284471652337
0.013955354447996903
0.014011718338377032
0.01392377505086342
0.013685861348969035
0.013310513911347334
0.012826296913854346
0.01227366130794006
0.01169958135559259
0.011151854193018593
0.010673928413175594
0.010300956852654385
0.010057484161384368
0.009956839795980676
0.01000198028484862
0.010187276026373345
0.010500616140389371
0.010925232214567178
0.011440809057307825
0.01202371867372394
0.012646521016217757
0.013277149903656018
0.013878377910900507
0.0144081823143408
0.01482149797000801
0.015073560495388435
0.015124666174323554
0.014945780099253887
0.014524097735628558
0.013867486409201001
0.013006756820974064
0.011994957834942803
0.010903324175754944
0.009814068782662591
0.008810801295661438
0.007967860234581263
0.007340165434421095
0.006955254242932131
0.0068089295538305995
0.00686544268179806
0.007062433775930514
0.007320071595069614
0.007553108438576866
0.007684026648901216
0.00765520396444542
0.0074381212267218815
0.00703807233574337
0.006493546413416752
0.005870318527099729
0.0052511599993456575
0.004722809886126454
0.0043623065907410444
0.004224880960452723
0.004335340467009599
0.004684275859793591
0.005229603160379901
0.005903060486946584
0.006620469063463729
0.007293982571660983
0.007844287971232083
0.008210822747292436
0.008358509788313645
0.008280192220277373
0.007994743544806485
0.007541582712898917
0.006972899980008039
0.006345196042048497
0.005711709357481654
0.005116974548284195
0.004594197686742786
0.004165474273323606
0.0038442526976124915
0.0036389891590063545
0.0035567417771832236
0.0036055488613277427
0.0037948031577391414
0.004133387144671464
0.004625950734723429
0.005268254109943226
0.006042841023839483
0.006916368233650805
0.007839669788468135
0.008751120732742576
0.009583181708925543
0.010271291729313478
0.010763680953768595
