0.002449229292852744
0.002749576502661184
0.0031135928379144875
0.0034967046216734564
0.0038646248362103927
0.004197839238473568
0.0044930282889119695
0.004761292829961328
0.005023623539319088
0.00530454266075515
0.005625164771310287
0.005997014801891365
0.006417790049228611
0.006869886031063794
0.007321990302203435
0.007733477568070737
0.008060817768961124
0.008264831842170157
0.008317467036574747
0.00820684532978917
0.007939650160728721
0.007540401333826934
0.007047736380599925
0.006508363849134698
0.005969778487218274
0.005473051125346608
0.005046985597879337
0.004704674874521463
0.004443037111145161
0.004245353881721195
0.004086271969899949
0.003938271992547546
0.003778337878752591
0.003593531498987213
0.0033843921043416473
0.0031654999961104476
0.002963088602763695
0.002810155735568439
0.0027400058097440936
0.0027794589587386573
0.0029430324320939977
0.00322922118850787
0.0036196120357508375
0.004081033615298233
0.004570374108627547
0.00504119813662827
0.005450958872305819
0.005767494236088962
0.0059736368371505425
0.006069128276202022
0.006069539697849829
0.006002463657065778
0.005901749424442043
0.005800908001763796
0.005726947436294366
0.005695789349247853
0.005710087125518964
0.00575978091252607
0.005825180293422255
0.005881869262661382
0.005906377259600576
0.005881423098794815
0.005799642091018963
0.005665029485207598
0.005491811193730694
0.005300990327083602
0.005115307815456322
0.004953698597058844
0.004826451048928652
0.004732158403910258
0.004657206930992629
0.004578041476554098
0.004465881894133248
0.004293045110852775
0.004039660641908808
0.0036994280041417675
0.0032831856203483713
0.0028194256901489193
0.0023514342982841542
0.0019313614642037223
0.0016121156717340689
0.001438420277498706
0.001438579589876688
0.0016184369706750152
0.001958673176780698
0.0024160469044884956
0.0029285168442832123
0.0034235227953681594
0.0038281598838430624
0.004079650667208761
0.004134462177054132
0.003974637268789629
0.0036103707605673664
0.0030784778628558766
0.0024370664125946797
0.001757320576886366
0.0011137319278940174
0.000574306414292393
0.00019220860899596404
0.0
7.149105618298526e-06
0.00020092878686561386
0.0005502715338132945
0.0010117194727614965
0.0015363502303125248
0.0020765144703589473
0.002591377902141446
0.0030505757467059755
0.003435691181176075
0.0037396801759645836
0.00396470726708981
0.004119073014254753
0.004213975680329067
0.004260760701887413
0.004269104676506045
0.0042463093803455036
0.004197607736676054
0.004127165013831597
0.004039336104943838
0.003939731275326862
0.003835740305029209
0.003736338155695202
0.0036511992334854852
0.003589333023570378
0.0035575791617047307
0.003559338422299897
0.0035938620230340067
0.0036562907026326964
0.003738459846410751
0.0038303093013917055
0.003921597776123567
0.004003553488431025
0.004070110034233985
0.0041184746479825006
0.004148932106544128
0.004163965514207766
0.004166934318950474
0.004160653725169859
0.004146244227884722
0.004122559113101672
0.0040863643994021445
0.0040332690698350795
0.003959222652268595
0.003862252622000523
0.00374403851789391
0.003610931094691304
0.003474122514541538
0.0033488380498643924
0.0032526170070688773
0.003202939295050317
0.0032145945541237524
0.00329725343807781
0.003453672346777301
0.003678849685987546
0.003960277453015339
0.00427923307059296
0.004612874031857176
0.004936768938058865
0.005227447583214758
0.005464587136139748
0.005632559699216993
0.005721221146886165
0.005725985149836922
0.00564736160109475
0.005490214923226677
0.005262999368230738
0.004977158321661912
0.004646753639802541
0.0042882532453809245
0.003920289891508501
0.0035631462665740637
0.003237743492123051
0.002964014382995788
0.0027587112406797757
0.002632893796136161
0.0025895186065770896
0.002621658534658782
0.0027118823143055114
0.0028332023299950664
0.0029517624309426792
0.0030311223468208427
0.0030376579409213994
0.0029463051173140506
0.002745695357339039
0.002441711992576858
0.002058659967813222
0.001637575032358661
0.0012316534451320372
0.0008992851105377167
0.0006956314761817086
0.0006640161861192484
0.0008285220232490528
0.0011890761028229514
0.0017199626676919055
0.002372178300420999
0.0030794228409937235
0.003766907174177132
0.004361665196617989
0.004802772915932798
0.005049858914622639
0.0050885470351763095
0.004931964430614119
0.004618093239973157
0.004203430509213925
0.0037540282906107286
0.0033354070693039934
0.0030029967445049455
0.002794633111180061
0.0027262489189185985
0.0027913193981401758
0.0029639590122601204
0.0032049397932440073
0.003469424450738748
0.0037149629528566144
0.003908328502931194
0.0040300555613126616
0.00407602820017423
0.004056054762185709
0.003989940272691353
0.0039020217758659013
0.0038153798359429033
0.003746939452773836
0.003704432291044574
0.003685763257554797
0.0036807979154377434
0.003675070738570678
0.0036545119866388098
0.003610083107220597
0.00354123733651623
0.0034573763536339267
0.0033769024399113614
0.0033239806099560933
0.0033236213240456537
0.0033960701490096962
0.003551668647874103
0.003787292912011235
0.004085191700455251
0.004414589703970833
0.004735882235364048
0.005006731927481437
0.005188988108933678
0.005255163562552577
0.005193259848725925
0.005009022481331371
0.004725176488378076
0.004377751708117421
0.00401014839482833
0.0036660134567799104
0.0033822155428416666
0.0031831819237746802
0.003077597331496918
0.0030580159444983024
0.0031033893447534253
0.003183970780142681
0.0032676226560833673
0.003326311065325135
