0.0024425908290913725
0.0024209611265429646
0.0023989059008611728
0.0023765016175232093
0.002353827880143637
0.00233096715140608
0.002308004459604599
0.0022850270917913924
0.0022621242745855877
0.002239386843752392
0.002216906903712414
0.0021947774781874868
0.002173092153231526
0.002151944713932696
0.002131428776106294
0.002111637414326092
0.0020926627876653612
0.002074595764537217
0.0020575255480372806
0.002041539303199849
0.002026721787581672
0.0020131549865851526
0.002000917754925189
0.001990085465631018
0.0019807296679563175
0.001972917755547517
0.0019667126461918316
0.001962172474433028
0.0019593502983044986
0.001958293821385932
0.0019590451313418996
0.001961640456048186
0.0019661099383548384
0.001972477430473853
0.0019807603089144928
0.001990969310820445
0.0020031083924908722
0.0020171746107919097
0.0020331580280867397
0.002051041641231222
0.002070801335098496
0.0020924058610102755
0.0021158168403650705
0.0021409887936645554
0.0021678691950491272
0.0021963985523626457
0.0022265105126747873
0.002258131993097689
0.0022911833366419127
0.0023255784927656295
0.0023612252221805923
0.002398025325389226
0.0024358748943394833
0.0024746645864981293
0.00251427992055933
0.002554601592923984
0.002595505814006589
0.0026368646633507633
0.0026785464624622056
0.002720416164199103
0.0027623357574950856
0.0028041646861289723
0.002845760280199061
0.0028869781989077133
0.002927672883214781
0.0029676980168761038
0.0030069069943460987
0.003045153393991515
0.003082291455036826
0.003118176556640646
0.003152665697487052
0.003185617974265819
0.0032168950574114363
0.003246361662472354
0.003273886015489239
0.0032993403107740996
0.003322601159500916
0.0033435500275428407
0.0033620736610210653
0.0033780644980659588
0.0033914210653319655
0.0034020483578538962
0.0034098582008834817
0.0034147695924012073
0.003416709025059357
0.003415610786377611
0.0034114172360823003
0.0034040790595542157
0.0033935554964275123
0.0033798145434634232
0.0033628331309069675
0.003342597271622257
0.0033191021823921166
0.003292352376860211
0.003262361729688372
0.0032291535115980246
0.0031927603950622258
0.003153224430513402
0.0031105969930311944
0.00306493869957444
0.0030163192969208893
0.002964817520577566
0.0029105209250230688
0.002853525685740695
0.0027939363735971566
0.002731865702216
0.002667434249087016
0.0026007701512426387
0.002532008776419402
0.0024612923707064715
0.0023887696837638873
0.002314595572770217
0.002238930586332313
0.0021619405296588955
0.002083796012364121
0.0020046719803272434
0.0019247472330894363
0.001844203928318818
0.0017632270749195563
0.0016820040164001108
0.0016007239061496873
0.001519577176299968
0.001438755001871761
0.0013584487619226818
0.0012788494994227378
0.001200147381589464
0.001122531162413047
0.0010461876490947624
0.0009713011741090505
0.0008980530745806032
0.0008266211806431589
0.0007571793144162627
0.0006898968012001966
0.0006249379944478586
0.0005624618160253729
0.0005026213132214002
0.000445563233907965
0.0003914276211939593
0.0003403474288461096
0.0002924481586816202
0.0002478475210618992
0.00020665511953839788
0.00016897216061941868
0.00013489118954160013
0.00010449585284151575
7.786068843204132e-05
5.5050943795027004e-05
3.612242280673665e-05
2.1121361615813496e-05
1.0084333895533232e-05
3.0381856932063835e-06
0.0
9.770910647873172e-07
5.967028375879289e-06
1.4957690135393616e-05
2.7927345952566147e-05
4.484476838515026e-05
6.566937286228182e-05
9.035138542831883e-05
0.00011883203765541799
0.00015104378798336737
0.00018691056865872838
0.0002263480573619428
0.00026926397253109564
0.00031555839131464916
0.0003651240890130427
0.0004178468988007759
0.0004736060904567186
0.0005322747667711276
0.0005937202762433744
0.0006578046406349389
0.0007243849958978961
0.0007933140449600997
0.0008644405208146667
0.000937609658333317
0.0010126636732006294
0.001089442246349506
0.001167783012267059
0.0012475220495348739
0.0013284943719678655
0.0014105344187222962
0.0014934765417552239
0.0015771554890351403
0.0016614068819265344
0.0017460676851997305
0.0018309766681509107
0.0019159748553563619
0.002000905965628994
0.002085616837793973
0.002169957841953932
0.0022537832749721844
0.0023369517389646172
0.0024193265016572048
0.0025007758375359844
0.0025811733487899435
0.002660398265123816
0.002738335721597383
0.002814877013730202
0.0028899198291950394
0.002963368455509894
0.003035133963226697
0.003105134364204243
0.003173294744643614
0.0032395473726554006
0.003303831780219893
0.003366094819492847
0.0034262906935008633
0.003484380961361058
0.0035403345182494885
0.0035941275504311012
0.003645743465750924
0.0036951728000710234
0.003742413100220486
0.0037874687841058102
0.003830350978706493
0.003871077336754902
0.003909671832970452
0.0039461645407855815
0.003980591390564582
0.004012993910375922
0.004043418950434052
0.004071918392377691
0.004098548844597854
0.004123371324870683
0.0041464509315867655
0.0041678565049006
0.004187660279150528
0.004205937527921056
0.0042227662031359605
0.0042382265695817085
0.004252400836266598
0.004265372786021791
0.004277227404745752
0.004288050511683889
0.004297928392120347
0.004306947433838923
0.004315193768685223
0.0043227529205324714
0.004329709460918974
0.004336146673586274
0.004342146229103703
0.004347787870717487
0.004353149112511107
0.004358304950908151
0.004363327590490179
0.004368286185039857
0.004373246594654318
0.004378271159705734
0.004383418492355389
0.004388743286254742
0.0043942961449921145
0.00440012342976713
0.0044062671266971495
0.004412764734081005
0.004419649169865573
0.004426948699480578
