0.004185055737405564
0.004186053277478844
0.004187167648222984
0.004188369611723191
0.004189630561083731
0.004190922687764404
0.004192219142112692
0.004193494186322089
0.00419472333908405
0.004195883511241038
0.004196953131791202
0.004197912263641136
0.004198742708551634
0.004199428100772265
0.004199953988913733
0.004200307905662054
0.004200479424995438
0.004200460206623105
0.004200244027424879
0.004199826799731022
0.004199206576343165
0.0041983835422590675
0.004197359993126067
0.004196140300510184
0.004194730864129663
0.004193140051263016
0.004191378123602115
0.004189457151880276
0.004187390918663434
0.004185194809748992
0.004182885694671768
0.004180481796869115
0.004178002554107803
0.004175468469823248
0.004172900956066952
0.004170322168800522
0.004167754836313936
0.004165222081581938
0.0041627472394051325
0.004160353669211594
0.004158064564420298
0.004155902759289449
0.004153890534190588
0.00415204942026324
0.004150400004414647
0.004148961735634832
0.00414775273359877
0.00414678960052483
0.004146087237251844
0.004145658664486177
0.004145514850155116
0.004145664543783672
0.004146114118788687
0.004146867423557012
0.00414792564214347
0.004149287165389606
0.004150947473225851
0.0041528990288778895
0.004155131185652895
0.004157630106932971
0.0041603786999518865
0.004163356563877197
0.00416653995266318
0.004169901753081182
0.004173411478272821
0.004177035277108651
0.004180735959570284
0.00418447303830806
0.004188202786459294
0.00419187831174423
0.004195449646788346
0.004198863855550853
0.00420206515567041
0.004204995056470502
0.004207592512298816
0.004209794090807745
0.0042115341557168885
0.004212745063533585
0.004213357373644259
0.004213300071127952
0.004212500801584158
0.004210886117210198
0.004208381733309049
0.004204912794357121
0.004200404148713091
0.00419478063100376
0.0041879673511812645
0.004179889989207983
0.004170475094291253
0.0041596503875598574
0.00414734506704813
0.00413349011383168
0.00411801859814128
0.004100865984268408
0.004081970433067426
0.004061273100855483
0.004038718433511897
0.004014254454584184
0.003987833046217891
0.003959410221742085
0.003928946388761614
0.003896406601631184
0.0038617608022145896
0.0038249840478653185
0.0037860567256018103
0.003744964751492028
0.0037016997543073884
0.003656259242555445
0.003608646754053794
0.0035588719872643644
0.0035069509136672885
0.003452905870516805
0.003396765633387803
0.003338565467990522
0.003278347160802318
0.0032161590281389613
0.003152055903363514
0.0030860991020080046
0.003018356364661792
0.0029489017775601862
0.00287781567088746
0.0028051844948894346
0.0027311006739720667
0.0026556624390437406
0.0025789736384395946
0.0025011435278465203
0.002422286539726389
0.0023425220328129807
0.0022619740223342438
0.0021807708916858847
0.002099045086354385
0.00201693279095733
0.0019345735903358143
0.0018521101156978353
0.0017696876768721948
0.0016874538817898868
0.0016055582443634568
0.0015241517819845059
0.0014433866039051256
0.0013634154918102713
0.0012843914739248724
0.0012064673940316356
0.0011297954768028835
0.0010545268908722116
0.0009808113110893117
0.0009087964814136159
0.0008386277799097633
0.0007704477873098203
0.000704395860604163
0.0006406077131142986
0.0005792150024874687
0.000520344928033795
0.0004641198388028972
0.0004106568537676548
0.00036006749544873276
0.0003124573382744713
0.0002679256729268844
0.00022656518787614321
0.00018846166925290918
0.00015369372015072973
0.00012233250038927923
9.444148770405749e-05
7.007626125911381e-05
4.928430830704669e-05
3.210485474486021e-05
1.8568720235763447e-05
8.69819848574446e-06
2.506963180176451e-06
0.0
1.1735650495585045e-06
6.0151699391892965e-06
1.450359367553139e-05
2.6608921421553654e-05
4.229261009677451e-05
6.150758069646675e-05
8.419833711706144e-05
0.00011030111118386175
0.00013974403348685025
0.00017244732954119213
0.00020832354070121628
0.00024727776917070343
0.00028920794636831584
0.0003340051238254482
0.0003815537857148315
0.0004317321820323551
0.0004844126813817475
0.0005394621422426171
0.0005967423015369008
0.0006561101792472461
0.0007174184977837071
0.0007805161147422905
0.0008452484676507504
0.0009114580292537522
0.0009789847718510323
0.0010476666391691885
0.001117340024219538
0.0011878402515720188
0.0012590020624579682
0.001330660101102907
0.0014026494006845007
0.001474805867310373
0.001546966760415671
0.0016189711679910409
0.0016906604750679868
0.0017618788239105784
0.001832473564389709
0.0019022956930488015
0.001971200279407913
0.0020390468780961406
0.002105699925450374
0.0021710291192712124
0.002234909780484479
0.002297223195518538
0.002357856938273853
0.0024167051706312686
0.0024736689205194073
0.0025286563366387444
0.002581582919020619
0.0026323717246827054
0.002680953547728613
0.002727267073327561
0.0027712590051005414
0.002812884165531308
0.0028521055691140126
0.002888894468043675
0.002923230370350794
0.0029551010304768727
0.0029845024123830084
0.003011438625378919
0.0030359218329541553
0.0030579721349866646
0.00307761742379604
0.0030948932145991176
0.003109842451014046
0.0031225152863450694
0.003132968841463716
0.0031412669401826763
0.00314747982309603
0.0031516838409333375
0.003153961128545263
0.0031543992607045578
0.00315309089096811
0.0031501333749032567
0.0031456283790343683
0.003139681476913639
0.003132401733763027
0.003123901281172028
0.0031142948833684826
0.0031036994966066973
0.003092233823238709
0.003080017862050555
0.003067172456455719
0.0030538188421426644
0.0030400781957723375
0.0030260711863148502
0.0030119175306022815
