0.006143222505805952
0.00656909200546809
0.006956106820057649
0.007344006144586855
0.007762468545552901
0.008223436414689977
0.008717039668992174
0.009212001026179969
0.009660562821197939
0.010007099129603254
0.010198835356968661
0.01019663841913011
0.009983762098648642
0.009570761227868122
0.008995473780451058
0.008317889737498684
0.007610708579219612
0.006947245009484765
0.00638890547012691
0.005974608859296431
0.0057142227966939735
0.005587377312221886
0.005548026289512528
0.005534036261357237
0.0054800988240248285
0.005331578093242953
0.005056656753785179
0.004654391519404076
0.004156996213151218
0.0036257148202991293
0.0031408378311129992
0.0027875314503304706
0.0026399792337269135
0.002746718111163085
0.0031199058375286823
0.003730602739568294
0.004511100899633155
0.005364077667052617
0.006177117197293028
0.006840160983647233
0.007262898636255743
0.00738909679427886
0.007205391445389869
0.006743041515305634
0.006072381595175809
0.005290992314879702
0.004507694779185229
0.003825174256239264
0.0033242249213479287
0.0030522546866670244
0.0030178697771717933
0.0031922308777463837
0.0035166492134494293
0.0039147987263958945
0.004307157690755673
0.004624992171966944
0.004821397744358521
0.004877571966529867
0.004803461412667234
0.004633020494453615
0.004415323665139524
0.0042034993826382955
0.004043773377821343
0.003966772473116496
0.003982690108635174
0.004081071875392724
0.0042350186068983945
0.004408719185413708
0.0045665883941377675
0.004682016390709755
0.004743879044597992
0.004759472755651377
0.004753310361755733
0.004762083996119594
0.0048268881548236674
0.004984343966914397
0.00525846756996335
0.0056549475490008504
0.006158982271142938
0.006737088836433628
0.007342486274500638
0.007922943108976132
0.008429507436637916
0.008824398443681158
0.009086554097973005
0.009213849309225555
0.009221708722030736
0.009138587133648093
0.008999420794133954
0.00883853374288918
0.008683537902879939
0.008551486621706239
0.008447992426163705
0.00836932210211325
0.00830678886708047
0.008252224962338735
0.0082030581742632
0.008165593666903313
0.008155506750113154
0.008195200410058882
0.008308436314969709
0.008513345431762381
0.008815407484016397
0.009202141024358675
0.009641017975119019
0.010081537078455789
0.010461564240327436
0.010717135168089618
0.010794103252469277
0.01065947773533929
0.010310160448692035
0.009777105224741288
0.009123655495963787
0.0084378412884226
0.007819551891514818
0.007364530534469477
0.007147859186718536
0.007209862840002428
0.007547092961377358
0.008110276821658342
0.008809966342718873
0.009529285277122173
0.010141895051032575
0.010532311893089348
0.010615198036822288
0.010350322036511792
0.009750538213312144
0.008881268226044351
0.007851386301692154
0.006796867576214944
0.005859800445662635
0.005166169452915961
0.004806041843685405
0.004819397410720584
0.005189895998646657
0.005847545527089345
0.006679748223795825
0.007548821848104368
0.008313053120180294
0.00884781671136332
0.009063366456042651
0.0089165513995582
0.008414803551110631
0.007612086539944599
0.006597845797287996
0.005481126991917927
0.004372741932788495
0.003368550115669343
0.0025365754187912765
0.001909872527815622
0.0014859559062180721
0.0012324119615541081
0.0010972474193512737
0.0010217683780564162
0.0009534572111798466
0.0008564583815559644
0.0007178529988457502
0.0005487745590052454
0.0003804237827129595
0.00025599078380785043
0.0002202175744558648
0.0003087106044077168
0.0005390871998313175
0.0009056321707025306
0.0013784405790783659
0.0019071681208249116
0.0024286623784437475
0.0028770591632650278
0.003194516051705689
0.0033406831003493518
0.003299278107200268
0.0030806796629860526
0.0027201678814323025
0.0022721971796971817
0.0018017445831955783
0.0013742308889449343
0.0010456922821684678
0.0008547695271428411
0.0008177147569319908
0.0009270684592796569
0.001154034021487461
0.001453983402143704
0.0017740617780870548
0.002061589680935592
0.0022719186045833018
0.0023745706524135185
0.0023568396704493995
0.0022244811015532514
0.0019995904320049504
0.0017161891974216258
0.0014143426301920087
0.0011337879103121978
0.0009080477545592089
0.0007598574511869511
0.0006984808348692003
0.0007191798746535188
0.0008047836412703258
0.0009290199271539731
0.001061059879392385
0.001170601681842836
0.001232788435259681
0.0012323108286427542
0.001166171402380302
0.001044763906921434
0.0008911267122430739
0.0007384423878277688
0.0006260572208390621
0.000594467427669468
0.0006798480452390762
0.0009087730867920864
0.001293781603087081
0.0018303782691884828
0.0024959196815649014
0.003250637276037146
0.004040802114170837
0.004803771657475508
0.005474406329360852
0.005992138946879435
0.006307855201703757
0.0063897223768097765
0.006227197443883179
0.005832649325933815
0.005240321100118664
0.004502699047704433
0.003684699609183627
0.002856382490643152
0.0020851035314228923
0.0014281022476386705
0.0009264622490607216
0.0006011950032343018
0.00045190587835410414
0.0004581491581930812
0.000583217891310989
0.0007797976467034395
0.0009966852205631075
0.0011856639344863893
0.0013076471230242777
0.001337341445922137
0.001265914974675981
0.0011014425773222584
0.0008671987582147636
0.0005981338134609868
0.00033606958640448317
0.00012426590431562252
2.032307761591287e-06
0.0
0.00013654453569843066
0.000415684954442325
0.0008266050886996867
0.00134476962957133
0.0019344572494778157
0.00255241483660444
0.0031522538122284774
0.003689160628573509
0.004124476285352653
0.004429711892436927
