0.001359334524213577
0.0013446467206250045
0.0013301750062709326
0.0013159154695369668
0.00130186237087959
0.001288008264206907
0.0012743441272181355
0.0012608594999689443
0.0012475426308942148
0.0012343806294878405
0.0012213596248106578
0.0012084649289729344
0.0011956812047168594
0.0011829926362074265
0.0011703831021270025
0.0011578363501597464
0.0011453361719469689
0.0011328665775934936
0.0011204119688080925
0.001107957309768139
0.0010954882948096603
0.0010829915120589941
0.0010704546021411574
0.0010578664111227324
0.001045217136873504
0.0010324984680611065
0.0010197037150264157
0.0010068279318242682
0.000993868028754086
0.0009808228747479968
0.0009676933890298961
0.0009544826215073848
0.0009411958214094287
0.0009278404937357523
0.0009144264431391258
0.000900965804918619
0.0008874730628603753
0.0008739650537222007
0.0008604609582190615
0.0008469822784281649
0.0008335528015944126
0.0008201985503794068
0.0008069477196595695
0.000793830600041092
0.0007808794883210608
0.0007681285851849438
0.0007556138804904766
0.0007433730265465133
0.0007314451998524448
0.0007198709518190076
0.0007086920490445799
0.0006979513037720418
0.0006876923951998526
0.0006779596823668749
0.0006687980093735264
0.0006602525037418209
0.0006523683687536125
0.0006451906706397633
0.0006387641215227766
0.0006331328590416089
0.0006283402236097839
0.0006244285342763829
0.0006214388641740123
0.0006194108165482562
0.0006183823023694929
0.0006183893205300218
0.0006194657416275346
0.0006216430963296071
0.0006249503693036133
0.0006294137996817675
0.0006350566890124241
0.0006418992176259251
0.0006499582703166291
0.0006592472722120872
0.0006697760356659519
0.0006815506189731431
0.0006945731976641856
0.0007088419490907142
0.0007243509509659452
0.0007410900944727677
0.0007590450124980678
0.0007781970234952838
0.0007985230914181272
0.0008199958021071826
0.0008425833564479163
0.0008662495805537337
0.0008909539531613942
0.0009166516503585479
0.0009432936076947021
0.000970826599657783
0.0009991933364289585
0.0010283325777587097
0.0010581792637377125
0.0010886646621669895
0.0011197165321635014
0.001151259303569969
0.001183214271671632
0.0012154998066580727
0.001248031577205442
0.0012807227874936573
0.0013134844269147186
0.0013462255316722856
0.0013788534574195504
0.0014112741620321946
0.0014433924975662358
0.0014751125104069732
0.0015063377485751645
0.0015369715751203448
0.0015669174864987737
0.0015960794348052238
0.0016243621527036781
0.001651671479882177
0.0016779146898416536
0.0017030008158175933
0.0017268409746270179
0.0017493486872314076
0.0017704401948090407
0.0017900347691376032
0.0018080550161000246
0.0018244271711431335
0.0018390813855399212
0.001851952002331949
0.001862977820858532
0.0018721023488138106
0.0018792740408114757
0.0018844465224796836
0.001887578799155374
0.0018886354482977245
0.0018875867947945075
0.0018844090683926657
0.0018790845425451237
0.0018716016540295606
0.0018619551027613944
0.0018501459312921845
0.0018361815835560274
0.0018200759424997779
0.001801849346308066
0.001781528583010534
0.0017591468633365629
0.0017347437717613176
0.0017083651957662544
0.0016800632334167797
0.001649896079439337
0.0016179278900595516
0.0015842286269417446
0.0015488738806480173
0.0015119446741117713
0.0014735272466957629
0.0014337128194782103
0.0013925973424819633
0.0013502812246307936
0.001306869047283425
0.0012624692622596537
0.0012171938753334506
0.0011711581162252788
0.001124480096179581
0.0010772804542633504
0.0010296819935677094
0.0009818093085362906
0.0009337884046817127
0.0008857463119845393
0.0008378106932975022
0.000790109449101514
0.0007427703199788091
0.0006959204881825051
0.0006496861796907601
0.0006041922681376594
0.0005595618820116361
0.0005159160165060022
0.0004733731513948149
0.0004320488762906986
0.000392055524619937
0.00035350181762360336
0.0003164925196622408
0.0002811281060654965
0.000247504444727392
0.00021571249260266706
0.00018583800820994598
0.00015796128119373093
0.0001321568799393198
0.00010849341817313813
8.703334141570629e-05
6.78327340858471e-05
5.094114798303716e-05
3.64014528001352e-05
2.4249709241589345e-05
1.4515065242643854e-05
7.219675703485718e-06
2.378646068997058e-06
0.0
8.467129594702007e-08
2.62652014233972e-06
7.612373668929072e-06
1.502209071725354e-05
2.482865062892114e-05
3.699826577908288e-05
5.149051749353214e-05
6.82585149029591e-05
8.724907620417813e-05
0.00010840293171644538
0.00013165494804106442
0.0001569343725549622
0.00018416509739407048
0.00021326594201023742
0.00024415095331658913
0.0002767297223708106
0.0003109077164839642
0.0003465866255846655
0.0003836647216146007
0.00042203722968195976
0.0004615967096544167
0.0005022334468330705
0.0005438358503133433
0.0005862908576084534
0.000629484344085781
0.0006733015357463707
0.000717627423862984
0.0007623471799827822
0.0008073465697966101
0.0008525123643783371
0.0008977327473044908
0.0009428977161768121
0.0009878994770878822
0.0010326328305931029
0.001076995547780504
0.0011208887350632824
0.0011642171863585496
0.0012068897213590277
0.0012488195086527896
0.001289924372498855
0.0013301270821236108
0.0013693556224646736
0.0014075434453540469
0.0014446297002017787
0.0014805594433141168
0.0015152838250560698
0.0015487602541474463
0.0015809525384631207
0.0016118310017924642
0.001641372576099219
0.001669560868911124
0.0016963862055582918
0.0017218456460700569
0.0017459429766316257
0.0017686886755940282
0.0017900998541231351
0.0018102001716656508
0.0018290197265016504
0.0018465949217440546
0.00186296830723507
0.0018781883978778169
0.0018923094690277325
0.001905391329652568
0.0019174990740516047
0.0019287028130038
0.0019390773852906058
