0.003995841449822762
0.004036908306691059
0.004127911371775272
0.004238890158441024
0.004334498246626222
0.004381292566985492
0.004355145612777569
0.004247363976506162
0.004068280970062426
0.003847513493377193
0.003630660012534339
0.003472861084605982
0.0034302270432351144
0.0035505496231342665
0.0038648764735138862
0.0043814066713907755
0.00508278111282228
0.00592726294606447
0.006853635440056852
0.007789009970705447
0.008658250893617644
0.009393474428996202
0.00994210804595208
0.010272295310815242
0.01037493848112536
0.010262288531314227
0.00996360181996388
0.009518869924666887
0.00897190558640009
0.008364087014131657
0.007729829718953276
0.007094423625160372
0.0064743355622747766
0.005879544884101256
0.005317061398073832
0.004794553878133712
0.004323036745940578
0.003917814986877839
0.0035973179647776038
0.0033799696927296254
0.0032797363422160434
0.003301355521203376
0.0034364060152480107
0.0036612833419306795
0.003937818007149841
0.004216770577582291
0.004443858225505371
0.004567426661468973
0.004546489740060181
0.004357699856359272
0.003999924925128935
0.003495479196816919
0.0028876216564634443
0.0022345944677360906
0.0016011023791664557
0.0010486133964602478
0.0006260990493729742
0.00036278134855730797
0.00026411900504781085
0.00031170670187737103
0.000467079321966954
0.0006787323671125652
0.000891114460780839
0.0010540184287183276
0.0011307523554683375
0.001103716646991413
0.0009764993756898863
0.0007722379016367369
0.0005286615119112093
0.0002908053550582019
0.0001027671493360905
0.0
3.4817511238910068e-06
0.00011670968790182491
0.000325918751706854
0.0006033189556866212
0.0009126072485526157
0.0012156294096339368
0.0014789139304737797
0.0016788925075141123
0.0018049333979174133
0.0018597761742162222
0.0018574744704444109
0.0018194248435991732
0.0017693952723071699
0.0017286062687419139
0.0017118418983048619
0.001725301168276185
0.0017665033951963136
0.0018261193448794889
0.0018912044749006566
0.0019490405896298896
0.001990698893700465
0.0020135345236345034
0.0020220844126148637
0.002027207681537075
0.002043700880188816
0.002086955621066338
0.0021694330925681408
0.0022977659269758366
0.0024711564673800396
0.0026814524413734343
0.002914907939398247
0.0031552588544992463
0.003387438498425833
0.0036010966814914907
0.003793101020197924
0.0039683929076986995
0.004138905763111442
0.0043206633124691215
0.004529577499630864
0.0047767758700300025
0.005064440324484237
0.0053830967392175235
0.005711059868077837
0.00601635028256842
0.006260931037273163
0.006406650118136391
0.006421910082947228
0.006287891604335538
0.0060031750213461535
0.005585836355486986
0.00507250407472537
0.0045143789660653695
0.003970749803167141
0.0035009862234765326
0.0031562753585405263
0.0029724372790214232
0.0029649919791760993
0.0031272845889855237
0.0034319693526510086
0.003835595081958434
0.004285522539493698
0.004728026138926758
0.005116252705676602
0.005416757550941366
0.005613601391234053
0.005709421841861439
0.005723413287045596
0.00568666776641687
0.005635758227188866
0.00560571292984204
0.005623594556748957
0.00570375441114825
0.005845511792180319
0.006033571550057026
0.006241017464233159
0.006434287860886225
0.006579224710591467
0.006647137688362479
0.006619859482647986
0.006492974821750984
0.006276741311311567
0.005994622975357394
0.005679756326543903
0.00536999661542099
0.005102396518011067
0.0049080221587200655
0.004807910439686433
0.0048107417112534774
0.004912488130862404
0.005097957882989184
0.0053438477250887725
0.005622691640825359
0.005906985716118237
0.006172791170173848
0.006402258607217673
0.006584746958335144
0.006716486271311146
0.006799004547656208
0.00683675796752675
0.006834534332345403
0.006795220923319925
0.006718438945782166
0.006600364909514768
0.006434817817239291
0.006215432802090535
0.005938512364618818
0.005605986239793684
0.005227849362448227
0.004823497429274817
0.004421535891788968
0.004057877937540049
0.003772232987568616
0.003603373740816576
0.0035838095782619608
0.003734645819261685
0.004061443065850594
0.0045517973215190325
0.00517514824597333
0.0058850176098231574
0.006623526243130301
0.0073276885572291384
0.007936693701333038
0.008399199331670918
0.008679620835328923
0.008762508096673645
0.008654352507947612
0.008382525189549378
0.007991461297167057
0.007536612140493153
0.007077022859599834
0.006667604050783291
0.00635221486714572
0.006158551570306047
0.00609555575840218
0.006153662853311834
0.006307765824066404
0.006522343352001214
0.006757865620620408
0.006977400845299171
0.007152334187248923
0.007266280798521688
0.0073165985731862004
0.007313329222654787
0.007275846286959169
0.007227887862458416
0.007191930377522159
0.007183968262459161
0.007209682839917391
0.007262725630361245
0.007325451487117966
0.007371984489786643
0.007373065258395461
0.007301790852041132
0.0071391796925521864
0.006878508076487848
0.00652757143199943
0.0061083873630083715
0.00565431467761004
0.005205031421080503
0.004800210849402823
0.004472985028776012
0.0042443445949650995
0.004119477615514723
0.004086724643260861
0.004119377672032857
0.00418005701665401
0.004226949601741315
0.004220864715331104
0.004131917010488743
0.0039447071364773515
0.003661126707827408
0.0033003205494669405
0.0028958232324335616
0.0024903636882499846
0.0021292182992699244
0.0018532235161752937
0.0016925965154283027
0.0016625541229353708
0.001761398055313355
0.001971308253477063
0.0022616320274304836
0.002594053671659286
0.00292874426174023
0.0032304684157388915
