0.007114637332776957
0.006986983037698113
0.006974932953072066
0.007081728521757071
0.007299047191367522
0.007608933985237522
0.007986283288186085
0.008401417773068943
0.008822466233754529
0.00921742730716315
0.00955596606027787
0.009811081500192543
0.009960783539378088
0.009989832611390718
0.009891453334548172
0.009668781461086405
0.00933569188019086
0.008916627637531802
0.008445129410969024
0.007960949005746105
0.007505889417273073
0.007118796350943338
0.006830369235620461
0.0066586037885311864
0.006605679485597426
0.006656947352567756
0.006782372261969783
0.006940386440822213
0.007083687299209253
0.00716614302463152
0.007149727831858591
0.007010348447414759
0.006741564965866217
0.006355535432541534
0.005880971381445473
0.005358401446257644
0.004833510374703236
0.004349664804099012
0.003940890205056193
0.0036264949802484766
0.003408257783682718
0.003270651614313063
0.0031840520601203316
0.0031103615182143016
0.0030100684118578944
0.002849523234247929
0.002607191939973245
0.0022778423467805188
0.0018739921081571131
0.0014244273133724563
0.0009701008150931716
0.0005581496946705736
0.0002350578680642805
4.00872736727835e-05
0.0
0.0001258213192517352
0.000412007275611693
0.0008379558836629766
0.001371417093929476
0.0019730807528208208
0.0026014972052090983
0.0032175243320257873
0.003787678200926733
0.00428604615531722
0.00469473887281467
0.005003146254165914
0.0052064653428656495
0.005304051566407175
0.0052980985747696895
0.005192994905549305
0.004995477771595496
0.004715458579749852
0.00436718615493856
0.003970287330437866
0.0035502074268479377
0.0031376687575748415
0.0027669539298233866
0.00247306390041036
0.0022880494531104384
0.002237019278623191
0.0023344474535533675
0.0025814136740285954
0.0029643075456041064
0.003455330559098689
0.0040148697313650145
0.00459553875898153
0.005147431100658451
0.005623943613823786
0.005987435748016048
0.0062139985142761235
0.006296714005945116
0.006246970985516492
0.006093636684255017
0.0058801374592675325
0.005659740656727424
0.005489531522579532
0.005423724239647453
0.005507024847466169
0.0057687723671728
0.006218524475163294
0.006843630698202853
0.007609157233210441
0.008460303850325871
0.009327199317007207
0.010131696521513016
0.010795536379176802
0.011249039595160843
0.011439348372945055
0.011337204885291576
0.010941340671239396
0.010279768457145958
0.009407604390948038
0.008401473096371749
0.007351009983135367
0.006348410768976834
0.005477318136331904
0.004802517192132991
0.004361890454016034
0.0041618432763643465
0.004176970252420933
0.004354145540439043
0.004620567935680977
0.004894675189814356
0.005098363645902282
0.005168694900444285
0.005067295035442888
0.004785964382406504
0.004347578869311305
0.0038020952775772283
0.0032182570951925153
0.0026723058081423454
0.002235512879411548
0.0019625681085124642
0.001882744978782512
0.001995323777360879
0.002270055895935579
0.0026526113397720916
0.0030741073975663327
0.003463114613546514
0.0037580998486145805
0.0039181745830241515
0.003930290205050863
0.0038116179428393515
0.003606669581983203
0.0033796163892612975
0.003203092108222407
0.0031453773432425767
0.003258149953363146
0.0035668982570850527
0.00406564537310118
0.004716901453367126
0.005456872950028574
0.006205068468062384
0.006876703018077108
0.007395843010959256
0.007707129949756858
0.0077841855019579985
0.00763338381318095
0.007292472871183604
0.006824394158713566
0.006307437391375926
0.005823440399890914
0.0054460092470229576
0.005230652914543767
0.005208324672010721
0.00538321898924807
0.005734909413743008
0.006224167762749101
0.006801209220500149
0.007414761465374574
0.008020310665460547
0.00858612891695682
0.009096178730845438
0.009549621374166416
0.00995730611005879
0.010336166369805116
0.010702799217178708
0.011067598755573815
0.011430644328056884
0.011780151652827298
0.012093760679255359
0.012342362994027228
0.012495672718300394
0.012528410060533663
0.012425854901610234
0.012187654771928524
0.011829108352217923
0.011379625071902691
0.010878591678408232
0.010369358868978384
0.009892407478292158
0.009478903478055155
0.009145780562469199
0.008893215180413958
0.00870493453932549
0.008551301925255382
0.00839464494495578
0.008195914734794757
0.007921551302376087
0.00754941470648547
0.007072821023003337
0.006502059569105416
0.005863201135673513
0.0051944592042408675
0.0045407600291976265
0.0039474485896793254
0.0034541645864692733
0.0030898539995186636
0.0028696553923611397
0.0027940599866302183
0.0028503515869373964
0.0030159540807106152
0.0032630127473604956
0.0035633581802228275
0.0038929733205088023
0.0042352047370613185
0.004582204467354069
0.004934414688832119
0.005298258679902268
0.005682519762430713
0.006094123470598048
0.006534149624108621
0.006994872556423627
0.007458463780442474
0.00789771733707858
0.008278816649231604
0.008565806426316954
0.008726120530065301
0.008736297845110572
0.008586931165696492
0.008285957930271978
0.00785961282049466
0.0073506944383668945
0.006814205203339816
0.006310845058221527
0.005899209803701714
0.005627802405767942
0.00552806297815593
0.005609535232491932
0.005858016737130312
0.006237119380527929
0.006693153304139028
0.007162719277186605
0.00758193557843383
0.007895914679151668
0.008067001931812423
0.008080422152565884
0.007946342093709789
0.007697900371725968
0.007385401185737511
0.007067511976403928
0.006800839969284548
0.006629592444665148
0.006577084103012062
0.00664061819443635
0.006790761531981832
