0.003020989324167717
0.002999502414204272
0.002976194387217213
0.0029511315249493514
0.002924383643604621
0.002896023864048131
0.0028661283734890816
0.002834776179487429
0.0028020488571468844
0.002768030290375453
0.0027328064081100644
0.0026964649164139733
0.002659095027364466
0.0026207871856539244
0.0025816327938295762
0.00254172393709615
0.002501153108601344
0.002460012936116411
0.0024183959110133267
0.002376394120426083
0.002334098983466548
0.0022916009923452663
0.00224898945922458
0.0022063522696055653
0.002163775643021758
0.002121343901781405
0.0020791392484663693
0.0020372415528597436
0.00199572814893606
0.001954673642507676
0.0019141497300787435
0.0018742250294142867
0.0018349649222864188
0.0017964314098128803
0.0017586829807550227
0.0017217744930932539
0.0016857570691480488
0.0016506780044640355
0.0016165806906236328
0.0015835045521054112
0.0015514849972509525
0.001520553383352735
0.0014907369958245841
0.0014620590413657701
0.0014345386549800393
0.001408190920661928
0.0013830269055148136
0.001359053707018476
0.0013362745131186384
0.0013146886747671894
0.0012942917904997303
0.001275075802596868
0.0012570291043374469
0.0012401366578157966
0.0012243801217612115
0.0012097379887663691
0.0011961857313023414
0.0011836959558713975
0.001172238564624929
0.0011617809237527517
0.0011522880379316802
0.0011437227301058146
0.0011360458258583637
0.0011292163416251428
0.0011231916759931384
0.0011179278033237247
0.00111337946893924
0.0011095003851137103
0.001106243427113448
0.0011035608285411046
0.0011014043752473903
0.0010997255970880892
0.0010984759568201056
0.0010976070354489931
0.0010970707133616691
0.0010968193466016937
0.0010968059376704994
0.0010969843002661625
0.0010973092174016196
0.0010977365923764738
0.0010982235921106168
0.0010987287823836444
0.001099212254561309
0.0010996357434288969
0.0010999627357912787
0.001100158569540265
0.0011001905229316817
0.0011000278938570656
0.0010996420689378889
0.0010990065823136106
0.0010980971640384134
0.001096891778045068
0.0010953706496777838
0.0010935162828389934
0.0010913134668375922
0.0010887492730680779
0.0010858130416910965
0.0010824963585259794
0.0010787930224047963
0.0010746990032750438
0.0010702123913742874
0.001065333337834644
0.001060063987107861
0.0010544084016327763
0.0010483724791960035
0.001041963863463658
0.001035191848186802
0.001028067275605811
0.0010206024295990991
0.0010128109241394584
0.0010047075876365714
0.0009963083437570903
0.0009876300893238753
0.0009786905699036524
0.00096950825369734
0.0009601022043496774
0.0009504919532945523
0.0009406973722495403
0.000930738546467723
0.0009206356493467948
0.0009104088189849528
0.0009000780372600103
0.0008896630119927587
0.0008791830627378571
0.0008686570107254684
0.0008581030734547364
0.0008475387644158991
0.0008369807983916815
0.0008264450027605265
0.0008159462351944816
0.0008054983081132038
0.0007951139202227137
0.000784804595433426
0.0007745806294166601
0.0007644510440225404
0.0007544235497449884
0.0007445045163816419
0.0007346989519980672
0.0007250104902668317
0.0007154413862129396
0.000705992520358032
0.0006966634112167528
0.0006874522360599525
0.0006783558598210994
0.0006693698719845702
0.0006604886312575244
0.0006517053177910372
0.000643011992681131
0.0006343996644466227
0.0006258583621481655
0.0006173772147819776
0.0006089445365523368
0.0006005479175993137
0.0005921743197324315
0.0005838101766971132
0.0005754414984790275
0.0005670539791317832
0.0005586331075961018
0.000550164280963442
0.0005416329196244006
0.0005330245837318869
0.0005243250904012742
0.0005155206310644086
0.0005065978883915688
0.0004975441521952576
0.0004883474337319589
0.0004789965778229221
0.00046948137222232404
0.0004597926536710896
0.00044992241008696184
0.0004398638783561291
0.0004296116372088599
0.00041916169468092816
0.0004085115696842339
0.000397660367233738
0.00038660884690356115
0.00037535948411279686
0.00036391652387105335
0.00035228602664495615
0.0003404759060395917
0.0003284959580230791
0.00031635788145796247
0.0003040752897398041
0.0002916637133810018
0.0002791405934164232
0.0002665252655466557
0.00025383893497448763
0.00024110464193033887
0.00022834721792278296
0.00021559323279068412
0.00020287093267379276
0.00019021016905865456
0.00017764231909625213
0.00016520019742677925
0.00015291795978508542
0.00014083099869763825
0.0001289758316179502
0.00011738998188238949
0.00010611185290178987
9.518059603630174e-05
8.463597263125961e-05
7.451821072037364e-05
6.48678569291931e-05
5.5725624136386195e-05
4.71322354727926e-05
3.912826525847993e-05
3.175397749584775e-05
2.5049162552326495e-05
1.9052972679193354e-05
1.3803757023426533e-05
9.338896797408264e-06
5.694641276385174e-06
2.9059452961962325e-06
1.0063089235130829e-06
2.76199679767955e-08
0.0
9.516545297005245e-07
2.9087279914223867e-06
5.895164164724685e-06
9.932572646418171e-06
1.5040101969500353e-05
2.1234319943546015e-05
2.8529101767418288e-05
3.6935526439172946e-05
4.646178195974178e-05
5.711307979661888e-05
6.889157904133567e-05
8.179632066017167e-05
9.582317220146476e-05
0.00011096478328510395
0.0001272105521605085
0.00014454660357880473
0.0001629557781830371
0.00018241763357737452
0.00020290845719252528
0.00022440129102003288
0.0002468659682431294
0.0002702691617463732
0.0002945744444406889
0.000319742361294796
0.00034573051291848073
0.00037249365049805137
0.00039998378183963646
0.0004281502882319938
0.00045694005179741724
0.000486297592957208
0.0005161652175972756
0.0005464831734798884
0.0005771898154095812
0.0006082217786248327
0.0006395141598525811
0.0006710007054300858
0.0007026140058680802
0.0007342856962009172
0.0007659466614434306
0.0007975272464507318
