0.005067309434995813
0.004959336478079095
0.004835626284043919
0.004697879407748153
0.0045479755254227315
0.004387948217288663
0.004219957593632793
0.004046261172595035
0.0038691834428780294
0.003691084562630084
0.0035143286566236154
0.0033412521774224963
0.0031741327924917793
0.0030151592482606003
0.002866402644229698
0.002729789525657376
0.0026070771726066705
0.0024998314267350146
0.0024094073557870462
0.0023369330100198966
0.0022832964755216565
0.002249136377402187
0.0022348359320029628
0.00224052059247317
0.002266059277184626
0.0023110691163922238
0.0023749236001513966
0.0024567639606048455
0.0025555135751227694
0.0026698951341369123
0.002798450279487813
0.0029395613862617164
0.003091475133891564
0.003252327491098864
0.0034201697243196015
0.0035929950307397704
0.0037687653950080253
0.003945438273029607
0.004120992716806509
0.0042934545708017205
0.0044609203924024406
0.004621579776282215
0.004773735794279773
0.00491582329821799
0.005046424872217748
0.005164284262809888
0.005268317158772904
0.005357619237363364
0.0054314714386927395
0.005489342474677932
0.005530888622512709
0.005555950894265298
0.005564549713340033
0.005556877264539378
0.00553328771678339
0.005494285545716537
0.005440512207067023
0.005372731430418001
0.005291813416789587
0.005198718231994565
0.005094478691090823
0.004980183027473994
0.004856957633387665
0.004725950147114549
0.00458831314616776
0.004445188685817695
0.00429769389872111
0.004146907844774865
0.0039938597711514185
0.0038395189113755524
0.0036847859198824383
0.003530486005379456
0.0033773637931393623
0.003226079913691884
0.0030772092838417986
0.002931241016079211
0.0027885798647737698
0.0026495490925196783
0.002514394618023563
0.002383290288338438
0.002256344103308828
0.0021336052089948833
0.0020150714697005573
0.0019006974250781092
0.0017904024395771728
0.001684078856134689
0.001581599974274386
0.0014828276844460384
0.0013876196051699607
0.0012958355869912158
0.0012073434669753985
0.001122023979041067
0.0010397747483417734
0.0009605133216852369
0.0008841792101010417
0.0008107349436364698
0.0007401661617796431
0.0006724807851073954
0.0006077073343907263
0.0005458924820595954
0.000487097937273682
0.00043139677956158685
0.00037886936683039375
0.0003295989513255916
0.00028366714171777037
0.00024114935085403893
0.00020211036685241447
0.00016660018021645703
0.0001346501916488457
0.00010626991445078461
8.14442720688275e-05
6.013157580256985e-05
4.2262250268672915e-05
2.7738355319117686e-05
1.6433933151858895e-05
8.1961887672846e-06
2.8474911617244053e-06
1.8816215856904892e-07
0.0
2.05046618249145e-06
6.097446917479633e-06
1.189448540188853e-05
1.9196368118779353e-05
2.77649379367066e-05
3.737499906600024e-05
4.782017413340351e-05
5.891857186523771e-05
7.05181251744306e-05
8.250146381551769e-05
9.479019312946899e-05
0.00010734846061108243
0.00012018570490161546
0.00013335849709012393
0.0001469714016008785
0.00016117680311029297
0.00017617366649677136
0.00019220521837409613
0.00020955556086455504
0.0002285452504909224
0.00024952589696085716
0.0002728738577427534
0.00029898312426008536
0.00032825751385628715
0.00036110229802701005
0.0003979154114417266
0.00043907839768569587
0.0004849472562000112
0.0005358433603889767
0.0005920446191667135
0.0006537770532552239
0.0007212069533135803
0.00079443377952444
0.0008734839517039522
0.0009583056655083221
0.0010487648541157258
0.00114464239614922
0.001245632649905496
0.0013513433715371522
0.0014612970511087202
0.0015749336758408177
0.0016916149048231913
0.0018106296144766384
0.0019312007495370079
0.002052493390776324
0.0021736239285040067
0.0022936702105193245
0.0024116825149956876
0.0025266951831108527
0.002637738733390439
0.002743852269950434
0.002844095990296916
0.0029375635951963868
0.0030233944034359314
0.003100784978052105
0.0031690000777613615
0.0032273827577508542
0.003275363457504177
0.003312467929702935
0.0033383238831706076
0.0033526662339714106
0.003355340881765201
0.0033463069529370516
0.0033256374774288397
0.0032935184921438136
0.003250246589808516
0.0031962249577935408
0.003131957976157666
0.0030580444676477185
0.0029751697141420976
0.002884096373685555
0.002785654449481158
0.0026807304766837065
0.0025702561043293064
0.002455196258046112
0.002336537074188096
0.0022152737976462835
0.0020923988338100597
0.0019688901400290336
0.001845700133578643
0.0017237452817330816
0.0016038965253278533
0.0014869706704307398
0.0013737228637612652
0.0012648402466697447
0.001160936860205906
0.0010625498504966146
0.0009701369997517028
0.0008840755841740557
0.0008046625363130225
0.0007321158664078107
0.0006665772754424581
0.0006081158723740695
0.0005567328896668652
0.000512367275193298
0.0004749020250313543
0.00044417111092684815
0.0004199668483776263
0.00040204754655382997
0.0003901452796550497
0.0003839736208215783
0.00038323518430311444
0.00038762882912574256
0.0003968563878115213
0.00041062879656771686
0.0004286715184986102
0.00045072916848435274
0.00047656926706407836
0.0005059850705711718
0.0005387974454921867
0.0005748557761385492
0.0006140379158074047
0.0006562492122434479
0.0007014206579860262
0.0007495062347039243
0.0008004795375183031
0.0008543297802605051
0.0009110572953141987
0.0009706686519042166
0.0010331715242215638
0.0010985694454737544
0.0011668565857365304
0.0012380126903310327
0.0013119983113909907
0.0013887504584083868
0.001468178783999769
0.0015501624091183734
0.0016345474776995172
0.0017211455145614944
0.0018097326426240663
0.0019000496965163793
0.0019918032498145053
0.0020846675528831014
0.002178287358011329
0.00227228158864683
0.002366247790453188
0.0024597672840393344
