0.00303080591729415
0.003008688815232703
0.0029871020749942007
0.002966284220954839
0.00294645430717344
0.0029278076226943966
0.0029105116032846806
0.002894702032285245
0.002880479610885039
0.002867906974112754
0.0028570062232288907
0.0028477570380629107
0.0028400954242827486
0.0028339131407423474
0.002829057841090172
0.0028253339519258057
0.0028225042971718965
0.002820292465211792
0.002818385901969397
0.002816439699726213
0.0028140810383345287
0.002810914222847851
0.002806526249697055
0.002800492822629923
0.002792384729924398
0.002781774486083939
0.0027682431345052937
0.0027513871026258125
0.002730824997929681
0.002706204232007385
0.002677207360672459
0.002643558030959489
0.002605026430635443
0.0025614341425934132
0.002512658315067721
0.002458635068880768
0.002399362074740679
0.0023349002467595963
0.00226537451263362
0.0021909736360715523
0.002111949082816675
0.0020286129376956012
0.0019413348962634418
0.0018505383705040945
0.001756695763398822
0.0016603229817129933
0.0015619732697997025
0.0014622304593272322
0.0013617017403745287
0.001261010068101408
0.0011607863260151394
0.00106166137158386
0.0009642580924882817
0.0008691836020942563
0.0007770217007484002
0.0006883257252671361
0.0006036119025676768
0.0005233533148795732
0.00044797457351853937
0.0003778472859783189
0.000313286387312324
0.00025454739167680854
0.00020182460375798303
0.00015525031289555192
0.00011489497534836668
8.076837263885916e-05
5.2821716580547275e-05
3.0950654754861515e-05
1.4999114170453822e-05
4.763905907461102e-06
0.0
4.263678976680445e-07
5.732279797474298e-06
1.5583936144899016e-05
2.9631306823242175e-05
4.751504810061695e-05
6.887336635818609e-05
9.33486990114976e-05
0.00012059408684452887
0.00015027911814354412
0.0001820953334415636
0.00021576099021799154
0.0002510250993557231
0.0002876706593170739
0.00032551702960426044
0.00036442140183602385
0.0004042793443917083
0.00044502441472279997
0.000486626851772328
0.0005290913791322926
0.0005724541672660747
0.000616779019991714
0.000662152866141083
0.0007086806515765988
0.00075647973928362
0.0008056739358156511
0.0008563872707383284
0.0009087376617240117
0.0009628306014607562
0.0010187530034725275
0.0010765673422636795
0.0011363062189101924
0.0011979674763817386
0.0012615099795985115
0.0013268501636573894
0.0013938594399991516
0.0014623625347683195
0.001532136816512032
0.0016029126519778365
0.0016743748094321474
0.0017461649089815187
0.0018178848992012934
0.0018891015193324386
0.0019593516867686374
0.0020281487308881495
0.0020949893768409103
0.0021593613670142205
0.0022207515938776935
0.0022786546060256773
0.002332581339732869
0.0023820679214137707
0.0024266843821818644
0.002466043124344224
0.0024998069811952824
0.002527696715891588
0.002549497812446874
0.002565066421881481
0.002574334339139523
0.0025773129013505897
0.0025740957151155477
0.0025648601394524326
0.002549867471527848
0.002529461803970558
0.0025040675450425233
0.002474185615836091
0.0024403883615724494
0.0024033132365898573
0.002363655344329314
0.002322158934160161
0.0022796079758667168
0.0022368159496930495
0.0021946150047013153
0.0021538446505619084
0.002115340157526049
0.0020799208460447905
0.0020483784511554602
0.002021465747272506
0.0019998856163655552
0.0019842807367095395
0.0019752240605324027
0.0019732102371016087
0.0019786481232707013
0.001991854506489304
0.002013049146047784
0.0020423512172046293
0.002079777220188871
0.0021252403922681915
0.0021785516365342536
0.00223942195620314
0.0023074663584905907
0.0023822091679285297
0.002463090665762237
0.0025494749502120123
0.0026406588922818965
0.002735882043803421
0.002834337338831009
0.002935182416631895
0.0030375513845649813
0.003140566832295952
0.0032433519051724455
0.003345042244248436
0.0034447976034082018
0.003541812960246725
0.0036353289467063272
0.0037246414377850104
0.00380911015170308
0.00388816613247545
0.003961318005577218
0.004028156918960072
0.004088360104695228
0.004141693020576704
0.004188010055690119
0.004227253808799424
0.0042594529729857895
0.004284718883853232
0.004303240811370651
0.0043152800966461515
0.004321163254250666
0.004321274177782129
0.004316045600887085
0.004305949977678114
0.004291489955197887
0.00427318861613302
0.004251579672279789
0.0042271977882744095
0.0042005692108476374
0.004172202871431013
0.004142582119471995
0.0041121572305040195
0.00408133881711448
0.004050492252754166
0.004019933198173956
0.00398992429853251
0.0039606730962948936
0.003932331181361567
0.00390499457586878
0.0038787053272301185
0.003853454259687893
0.0038291848123453228
0.0038057978707709923
0.0037831574801954274
0.003761097311412478
0.003739427736072828
0.0037179433563855136
0.003696430825547371
0.003674676789667215
0.003652475779650559
0.0036296378825113303
0.003605996025867927
0.003581412716889653
0.0035557860875536935
0.0035290551115626464
0.003501203874414034
0.0034722647966119917
0.003442320730528474
0.0034115058735793347
0.0033800054637694883
0.003348054247847166
0.003315933736838598
0.003283968288152048
0.003252520077284055
0.0032219830449794202
0.003192775927055204
0.003165334493587016
0.0031401031413952705
0.0031175259984207475
0.003098037710349428
0.0030820540884943103
0.003069962803280318
0.0030621143095813782
0.0030588131885616746
0.0030603100855757103
0.003066794415147867
0.003078387992208388
0.003095139733798001
0.0031170215576142046
0.003143925583359934
0.0031756627202199975
0.0032119626993257393
0.0032524755842034863
0.0032967747653957586
0.0033443614181752042
0.0033946703750308326
0.003447077337889094
0.003500907329328089
0.0035554442578263905
