0.0
1.5203637308205866e-05
3.3003709654763104e-05
5.331093126168711e-05
7.602929020745922e-05
0.00010105636725059211
0.00012828367473598245
0.00015759701446106233
0.00018887685331434208
0.0002219987154386937
0.00025683358961572206
0.00029324835051609864
0.0003311061924139284
0.000370267073921283
0.00041058817226207194
0.00045192434557262046
0.0004941286016897325
0.0005370525718658037
0.0005805469878347003
0.0006244621606417942
0.0006686484596466877
0.0007129567901078238
0.0007572390677644107
0.0008013486888427286
0.0008451409939310979
0.0008884737241902623
0.0009312074683938368
0.0009732060993265029
0.0010143371981057967
0.0010544724650364298
0.001093488115653997
0.0011312652606674345
0.0011676902685665816
0.0012026551097223787
0.0012360576808724704
0.0012678021089539459
0.001297799033317509
0.0013259658654331485
0.0013522270252761819
0.0013765141536640811
0.001398766299898421
0.0014189300841523707
0.001436959834132061
0.0014528176956295465
0.001466473716675675
0.0014779059050926504
0.0014871002593380466
0.0014940507726242647
0.001498759410389489
0.0015012360612878745
0.0015014984619575577
0.0014995720959148904
0.001495490067011663
0.0014892929479787698
0.0014810286046643794
0.001470751996657014
0.001458524955063626
0.0014444159382895733
0.0014284997667410545
0.001410857337440769
0.00139157531961417
0.0013707458323663183
0.0013484661056279439
0.0013248381256035504
0.0012999682660041708
0.0012739669063924876
0.0012469480390082828
0.0012190288654775523
0.0011903293848388383
0.0011609719743454895
0.0011310809645223541
0.0011007822099700407
0.0010702026574190334
0.0010394699125398595
0.0010087118070139674
0.000978055967363143
0.0009476293870231153
0.0009175580031296243
0.0008879662794626206
0.0008589767969666034
0.00083070985323251
0.0008032830722890507
0.0007768110260092933
0.0007514048683915609
0.0007271719839227399
0.0007042156511768917
0.0006826347227429695
0.0006625233225126237
0.0006439705612927824
0.0006270602716381796
0.0006118707627265285
0.0005984745960238452
0.0005869383824098696
0.0005773226013537896
0.0005696814426489768
0.0005640626711323233
0.0005605075147295604
0.000559050576082659
0.0005597197679297046
0.0005625362723215121
0.0005675145236732255
0.0005746622155634498
0.0005839803311084313
0.0005954631966547095
0.0006090985584508767
0.0006248676818778472
0.0006427454727376413
0.000662700620023464
0.00068469575951907
0.0007086876575032154
0.000734627413765896
0.0007624606830769678
0.0007921279141852576
0.0008235646053672547
0.0008567015754893618
0.0008914652494966622
0.0009277779571941816
0.0009655582441442032
0.0010047211934650776
0.0010451787572836719
0.001086840096564849
0.0011296119280176172
0.0011733988767585945
0.0012181038333994268
0.0012636283142158692
0.0013098728230520726
0.0013567372136147676
0.0014041210508178087
0.0014519239698485803
0.0015000460316433651
0.0015483880734794688
0.0015968520534169982
0.001645341387353182
0.001693761277486298
0.0017420190310249968
0.0017900243680215434
0.0018376897172542907
0.0018849304991352853
0.0019316653946730247
0.001977816599578015
0.0020233100626593356
0.0020680757077241752
0.002112047638258459
0.002155164324235412
0.0021973687704696923
0.00223860866600743
0.002278836514116727
0.002318009742518813
0.0023560907935764935
0.002393047194233996
0.002428851605579869
0.0024634818519825795
0.002496920929826043
0.0025291569959496377
0.002560183335973705
0.002589998312767018
0.0026186052953868603
0.0026460125688949334
0.0026722332255230143
0.002697285037730915
0.0027211903137655037
0.0027439757363932147
0.002765672185539226
0.0027863145456242704
0.0028059414984444304
0.0028245953024904043
0.002842321559649915
0.002859168970280679
0.0028751890776808112
0.0028904360030190942
0.0029049661718188458
0.0029188380331160277
0.002932111772434871
0.0029448490197423152
0.0029571125535561567
0.002968966002390776
0.0029804735447287673
0.0029916996087065544
0.003002708572697464
0.0030135644679663348
0.0030243306845561726
0.003035069681549069
0.0030458427028212825
0.0030567094993856053
0.0030677280593834496
0.0030789543467542916
0.0030904420495715744
0.0031022423389919693
0.0031144036397191765
0.003126971412834475
0.0031399879517941603
0.0031534921923390227
0.00316751953700343
0.00318210169485154
0.003197266537005903
0.0032130379684696324
0.0032294358166773743
0.003246475737143148
0.003264169136504634
0.0032825231131942234
0.003301540415897198
0.003321219419887186
0.003341554121258664
0.00336253414900618
0.003384144794830332
0.0034063670604816327
0.0034291777223854772
0.0034525494132248546
0.0034764507200923567
0.0035008462987596647
0.0035256970035514672
0.0035509600322516824
0.0035765890854132865
0.003602534539389109
0.003628743632350057
0.003655160662509135
0.0036817271977250907
0.0037083822956181485
0.0037350627332926097
0.003761703245727122
0.003788236771863204
0.0038145947073963456
0.0038407071632518292
0.0038665032287091726
0.0038919112381252084
0.003916859040195895
0.003941274268691486
0.003965084613598198
0.00398821809160247
0.004010603314860919
0.00403216975701023
0.004052848015386643
0.004072570068443873
0.004091269527381607
0.004108881881023822
0.00412534473301685
0.0041405980304515845
0.004154584283051899
0.00416724877211249
0.004178539748413442
0.004188408618385903
0.004196810117853021
0.004203702472722602
0.00420904754606247
0.004212810971046273
0.004214962269315845
0.004215474954366442
0.00421432661962254
0.004211499010934511
0.004206978083289877
0.004200754041596869
0.004192821365462403
0.004183178817951011
0.004171829438375565
0.004158780519234477
0.004144043567473212
