0.0030502975758784556
0.003018535764594125
0.002983219599496733
0.0029450655802796787
0.0029047895444186695
0.0028630956279457566
0.0028206657261907733
0.002778149625927235
0.00273615596603618
0.0026952441668811294
0.0026559174493950184
0.0026186170437778873
0.0025837176650854356
0.002551524309270131
0.0025222703988512264
0.0024961172827789547
0.002473155070662646
0.00245340475778651
0.002436821574658698
0.002423299473624997
0.0024126766456943607
0.0024047419434997707
0.002399242071543503
0.002395889392793004
0.0023943701914941337
0.002394353225890873
0.002395498401467332
0.002397465395385114
0.002399922065945888
0.0024025524870790104
0.0024050644568967
0.002407196341083492
0.0024087231260541482
0.0024094615731442464
0.0024092743832726704
0.0024080733011864934
0.002405821109193398
0.0024025324818140784
0.002398273694646444
0.0023931612025211452
0.0023873591233446755
0.00238107568448471
0.0023745587077834136
0.0023680902269446642
0.0023619803468181797
0.0023565604677220357
0.002352176009170995
0.002349178776023378
0.002347919115984027
0.002348738020516784
0.002351959321490256
0.0023578821333213847
0.0023667736850605785
0.0023788626788977694
0.0023943333011268407
0.0024133199988966175
0.0024359031213505924
0.0024621055073007665
0.0024918900837091846
0.0025251585203037424
0.002561750965989855
0.00260144687270469
0.0026439668923678916
0.0026889758129812354
0.0027360864810788785
0.0027848646399730188
0.002834834596897598
0.0028854856175176318
0.0029362789336028284
0.0029866552391823445
0.003036042542381768
0.003083864234527958
0.0031295472350788877
0.003172530070532754
0.003212270747682691
0.003248254286351514
0.0032799997839590626
0.003307066893791995
0.003329061610469703
0.0033456412695997938
0.00335651868372827
0.003361465353120619
0.0033603137073454185
0.0033529583517395525
0.003339356311271306
0.003319526282737635
0.0032935469242906237
0.003261554228649738
0.003223738042700654
0.0031803378112081745
0.0031316376358068126
0.003077960752035931
0.003019663536750342
0.0029571291655951792
0.0028907610452607057
0.002820976147848279
0.0027481983748483987
0.0026728520759670797
0.0025953558433951637
0.0025161166951983005
0.002435524752457382
0.0023539485037940774
0.002271730738193051
0.0021891852128331805
0.002106594107242391
0.002024206298794419
0.0019422364776864763
0.001860865102399626
0.0017802391795780203
0.0017004738355956284
0.001621654631127911
0.0015438405551148444
0.0014670676208742724
0.0013913529750592464
0.001316699419877622
0.0012431002407008952
0.001170544225037696
0.0010990207549510817
0.0010285248534301701
0.0009590620660143029
0.0008906530620959699
0.0008233378457371733
0.0007571794734199211
0.0006922671857716626
0.000628718871778523
0.0005666827971073218
0.0005063385426539997
0.0004478971150487041
0.000391600207282436
0.00033771860456775424
0.00028654974768795374
0.00023841448310286928
0.00019365304564505112
0.00015262033544553638
0.00011568056547604571
8.320136950549042e-05
5.554747208954083e-05
3.307403221773056e-05
1.611978024201638e-05
5.000073548951231e-06
0.0
1.3676593772285472e-06
9.307751904427458e-06
2.3975599379540006e-05
4.547171860905361e-05
7.383705877701211e-05
0.00010904900424878617
0.00015101823227856546
0.00019958650137012974
0.00025452543087345824
0.00031553631605194367
0.0003822510056146071
0.00045423385087825974
0.000530984717620694
0.0006119430336264632
0.0006964928272295399
0.0007839686951333278
0.0008736626217366638
0.0009648315573958186
0.0010567056497651744
0.0011484970108143608
0.0012394088925169499
0.001328645136710165
0.0014154197593640367
0.0014989665265595622
0.0015785483789055267
0.0016534665629272822
0.0017230693321018506
0.0017867600866140628
0.0018440048294520643
0.0018943388269940182
0.0019373723745735186
0.0019727955814321987
0.002000382104730013
0.0020199917786214595
0.0020315721015370597
0.0020351585624400043
0.002030873804657342
0.0020189256436122945
0.0019996039721125016
0.0019732766034905674
0.0019403841185763803
0.0019014337969516276
0.001856992725966965
0.0018076801923893409
0.0017541594711206624
0.001697129133051974
0.0016373139996883335
0.0015754558756344407
0.0015123041913433983
0.001448606687712048
0.0013851002712050929
0.0013225021632906817
0.0012615014611907717
0.0012027512184395624
0.0011468611436800346
0.001094391004713867
0.0010458448122756057
0.0010016658445661953
0.0009622325595028514
0.0009278554271778502
0.0008987747004255385
0.0008751591269293906
0.0008571055922059185
0.0008446396693141333
0.0008377170384764547
0.0008362257281570944
0.0008399891187015846
0.0008487696405442492
0.0008622730913580733
0.0008801534904426428
0.0009020183841775505
0.0009274345135362793
0.0009559337534521547
0.0009870192342158277
0.0010201715569952898
0.001054855018909194
0.0010905237677317947
0.0011266278121200137
0.001162618820067884
0.0011979556459337495
0.001232109534662221
0.0012645689605399874
0.0012948440667831021
0.0013224706812554317
0.001347013892470671
0.001368071178550653
0.0013852750898297654
0.0013982954931555103
0.0014068413925037006
0.0014106623461909405
0.0014095495056385275
0.0014033363042575799
0.0013918988275490232
0.0013751558969347579
0.0013530689001754375
0.001325641400529745
0.001292918555138194
0.0012549863705628155
0.0012119708200946794
0.0011640368434837403
0.0011113872452944793
0.0010542615033017528
0.0009929344933772637
0.000927715132344336
0.0008589449354636651
0.0007869964807168455
0.0007122717680313041
0.0006352004581812033
0.0005562379734301398
0.00047586344016063947
0.0003945774528486448
0.00031289963885180213
0.00023136600462544932
0.00015052604617119122
7.093960974393016e-05
