0.0013281214777366769
0.0013258785852210645
0.0013227964652170999
0.0013189074763899533
0.0013142441860989418
0.001308839224481325
0.0013027251427114297
0.0012959342760371154
0.0012884986121696677
0.0012804496655749306
0.0012718183581829595
0.0012626349070008615
0.001252928719078898
0.0012427282942435215
0.0012320611359729612
0.0012209536707514083
0.0012094311761969639
0.0011975177182164734
0.0011852360973973425
0.0011726078048026171
0.0011596529872911782
0.0011463904224400534
0.0011328375031007562
0.0011190102315764285
0.0011049232233615843
0.001090589720341584
0.0010760216133048489
0.0010612294735773866
0.001046222593546676
0.00103100903580047
0.0010155956905658755
0.0009999883410952335
0.0009841917366080974
0.0009682096723630949
0.0009520450763998436
0.0009357001024594901
0.000919176228563009
0.0009024743606992384
0.000885594941049894
0.0008685380601565521
0.0008513035724149446
0.0008338912142649832
0.0008163007244307229
0.000798531965553131
0.0007805850465500408
0.0007624604450321183
0.00074415912910105
0.0007256826778565151
0.0007070333999418307
0.0006882144494644258
0.000669229938636524
0.0006500850464935465
0.000630786123062717
0.000611340788372167
0.0005917580257113514
0.0005720482685767952
0.0005522234807629437
0.0005322972290861336
0.0005122847482602818
0.0004922029974757307
0.0004720707082676215
0.000451908423297075
0.00043173852570718653
0.0004115852587562429
0.00039147473547246326
0.0003714349381177985
0.000351495707292729
0.0003316887205593636
0.00031204746050632456
0.0002926071722256791
0.0002734048102193763
0.000254478974800071
0.00023586983809865774
0.00021761905983813754
0.00019976969308033903
0.0001823660801983961
0.00016545373937348678
0.00014907924195901574
0.00013329008109895784
0.00011813453202932445
0.00010366150453243429
8.992038805276652e-05
7.69608900203951e-05
6.48328679632614e-05
5.358615602264185e-05
4.3270386516975744e-05
3.393480722758491e-05
2.5628095105650547e-05
1.8398167122951094e-05
1.2291989009223904e-05
7.3553826364935754e-06
3.632832825234064e-06
1.1672943586815785e-06
0.0
1.7027031222255004e-07
1.715326082866878e-06
4.670104153974529e-06
9.067077453853633e-06
1.4936080019140735e-05
2.2304137784906865e-05
3.119530590644441e-05
4.16305133591143e-05
5.3627415542267906e-05
6.720025558984747e-05
8.235973506389772e-05
9.911289467791828e-05
0.0001174630056649448
0.00013740947237050644
0.00015894774661328367
0.00018206925431657765
0.0002067613348716781
0.00023300719365005002
0.0002607858680351413
0.00029007220729664474
0.00032083686658051147
0.000353046315236906
0.00038666285965608207
0.00042164468072874756
0.00045794588599324857
0.000495516576477039
0.0005343029281845256
0.0005742472881277853
0.0006152882847410184
0.0006573609524641379
0.000700396870225845
0.0007443243135020622
0.0007890684195719561
0.000834551365541181
0.0008806925586505466
0.0009274088383384027
0.000974614689476669
0.0010222224661539635
0.001070142625334797
0.0011182839696814546
0.0011665538987853266
0.001214858668016954
0.0012631036541693608
0.0013111936270373621
0.0013590330260465195
0.0014065262410196274
0.0014535778961459
0.0015000931361986891
0.001545977914031597
0.001591139278370322
0.001635485660908638
0.0016789271617114968
0.0017213758319264984
0.001762745952806866
0.0018029543100545877
0.0018419204625016385
0.0018795670041599865
0.001915819818687619
0.0019506083253377853
0.0019838657154822603
0.002015529178826382
0.00204554011846398
0.0020738443539539296
0.0021003923116368122
0.002125139201450003
0.0021480451795421775
0.002169075496033716
0.0021882006273175585
0.002205396392345547
0.002220644052398113
0.0022339303938899904
0.002245247793821418
0.0022545942675427076
0.0022619734985600166
0.002267394850171369
0.0022708733587841813
0.0022724297088287343
0.0022720901892456383
0.002269886631589487
0.002265856329855104
0.002260041942196915
0.0022524913747758186
0.0022432576480311966
0.0022323987457381865
0.0022199774472718248
0.0022060611435599036
0.0021907216372651604
0.0021740349277945227
0.002156080981788323
0.002136943489795563
0.002116709609892031
0.0020954696990465012
0.0020733170330858664
0.0020503475161528463
0.002026659380589783
0.002002352878218672
0.001977529964020913
0.0019522939732502156
0.0019267492930384925
0.0019010010295772506
0.001875154671976028
0.0018493157539145443
0.001823589514216531
0.0017980805574805228
0.0017728925159062544
0.0017481277134546469
0.0017238868334747647
0.0017002685909223863
0.001677369410282284
0.0016552831102897058
0.0016341005965260311
0.0016139095629393529
0.0015947942033126352
0.0015768349336703824
0.001560108126579512
0.0015446858582613943
0.0015306356693900324
0.0015180203404061645
0.001506897682128899
0.0014973203423954877
0.0014893356294061163
0.0014829853523944823
0.0014783056801864355
0.001475327018148465
0.0014740739039654218
0.0014745649226228332
0.001476812640903687
0.0014808235616429887
0.00148659809791571
0.001494130567265506
0.0015034092060127713
0.0015144162036115948
0.0015271277569561903
0.0015415141444686592
0.0015575398197317106
0.0015751635243625205
0.0015943384197574266
0.001615012237271931
0.0016371274463367076
0.001660621439948227
0.0016854267369124673
0.0017114712001621345
0.0017386782704121456
0.0017669672143649671
0.0017962533866269974
0.001826448504449706
0.0018574609343647596
0.001889195989741296
0.0019215562382556579
0.001954441818229671
0.0019877507627629985
0.0020213793305582373
0.002055222342314481
0.002089173521546045
0.002123125838668077
0.0021569718571798078
0.002190604080769394
0.002223915300161613
0.00225679893853114
0.00228914939430969
0.0023208623802250922
0.002351835257424106
