0.002882236964175291
0.0029343619183558266
0.00298559471928168
0.0030351505754633015
0.0030822754273623822
0.0031262575912239243
0.0031664386866700365
0.003202223670781962
0.0032330898158837917
0.003258594485545714
0.0032783815831658744
0.0032921865695413294
0.0032998399697328007
0.003301269314863268
0.0032964994908372394
0.0032856514928760938
0.0032689396117727455
0.003246667104409101
0.003219220426889153
0.003187062133167544
0.003150722564866546
0.0031107904786695168
0.0030679027758868877
0.0030227335141839303
0.0029759823937579475
0.0029283629192288904
0.002880590443991512
0.0028333703056595163
0.002787386259465552
0.002743289411082506
0.002701687841382139
0.0026631371032905093
0.0026281317553403976
0.00259709807802093
0.002570388097898839
0.002548275021097196
0.002530950152470371
0.0025185213501478193
0.0025110130375003525
0.0025083677664962676
0.0025104492983572075
0.0025170471398926263
0.0025278824473783184
0.002542615184823815
0.0025608524003967424
0.0025821574640584087
0.002606060091492936
0.002632066964514737
0.002659672746595369
0.002688371284182648
0.0027176667802513107
0.002747084726119698
0.0027761823810174154
0.0028045585961530297
0.002831862790999576
0.002857802904013237
0.0028821521577884817
0.0029047544994327485
0.0029255286003628464
0.0029444703253822062
0.002961653608350188
0.002977229700524625
0.0029914247872440966
0.0030045359984969666
0.0030169258685722997
0.0030290153288767647
0.0030412753456153896
0.003054217339876419
0.0030683825512635206
0.00308433052715133
0.0031026269375164462
0.0031238309297807704
0.003148482248920522
0.003177088355028167
0.0032101117734186376
0.003247957911168084
0.00329096356865683
0.003339386365324073
0.0033933952855668163
0.0034530625337353214
0.003518356866763161
0.0035891385494542915
0.003665156051220223
0.0037460445745545554
0.003831326475228227
0.003920413602599076
0.0040126115560900335
0.004107125821353871
0.004203069717466327
0.0042994740552280124
0.004395298376849011
0.004489443619456225
0.00458076601948804
0.004668092052568688
0.004750234184282944
0.004826007191741851
0.004894244804222101
0.0049538164036895815
0.005003643522824542
0.005042715879322715
0.005070106690749948
0.005084987023999026
0.005086638947285834
0.005074467270405421
0.005048009680358366
0.005006945104103103
0.004951100157683592
0.004880453570867591
0.00479513850821142
0.0046954427406120415
0.00458180665536247
0.004454819126923737
0.004315211304493282
0.0041638484054184605
0.004001719635023077
0.003829926382957291
0.0036496688732534097
0.0034622314694212576
0.0032689668567459592
0.003071279341113872
0.0028706075169084634
0.002668406565573061
0.00246613045118963
0.0022652142798036197
0.002067057085239623
0.001873005295882868
0.0016843371244995072
0.0015022481068588294
0.0013278379949922272
0.0011620991877277051
0.0010059068550807094
0.0008600108846150355
0.0007250297475044211
0.0006014463502502679
0.0004896059053888409
0.00038971582161109156
0.0003018475810795979
0.00022594053991395924
0.00016180755736463766
0.00010914233061593763
6.752828592742656e-05
3.6448853371603106e-05
1.529893213634225e-05
3.39733655821536e-06
0.0
4.313704577968381e-06
1.5510099708097727e-05
3.273977152862652e-05
5.514612845128959e-05
8.187887530420679e-05
0.00011210685959584248
0.00014503008812407616
0.00017989073018780848
0.00021598294468382008
0.00025266139199124366
0.00028934831731916165
0.0003255391196433995
0.0003608063489833142
0.00039480210404774013
0.0004272588316824237
0.0004579885585511065
0.000486880613562228
0.0005138979262150341
0.0005390720108145791
0.0005624967689622012
0.0005843212624796887
0.0006047416256349687
0.0006239922989260327
0.0006423367765303334
0.0006600580656877168
0.0006774490586719504
0.0006948030166046243
0.0007124043592301615
0.0007305199460241746
0.0007493910218374662
0.0007692259849338674
0.0007901941170685356
0.0008124203945318971
0.0008359814762552121
0.0008609029405759567
0.0008871578165628848
0.0009146664293898737
0.0009432975526240687
0.0009728708339588649
0.0010031604353705138
0.0010338998043867215
0.00106478747058022
0.0010954937409602891
0.0011256681500101
0.00115494750503987
0.0011829643555734627
0.0012093557068792197
0.001233771792651755
0.0012558847203422464
0.0012753968047455534
0.0012920484111408534
0.0013056251384401748
0.0013159641852526526
0.0013229597572877998
0.0013265673928072401
0.001326807103548879
0.001323765251302717
0.0013175951046879562
0.0013085160462106443
0.001296811425892584
0.0012828250841645718
0.0012669565928154977
0.0012496552880937382
0.0012314131940925775
0.0012127569568638336
0.0011942389298714292
0.001176427569035515
0.0011598973103903328
0.0011452181149995571
0.0011329448740124751
0.0011236068714366183
0.0011176975032442197
0.0011156644487858498
0.0011179004841859006
0.0011247351175396642
0.0011364272124842556
0.0011531587503010652
0.0011750298614104353
0.001202055235276957
0.0012341619937412782
0.001271189087056753
0.0013128882448948133
0.0013589264867743206
0.001408890168266304
0.0014622905114320523
0.001518570540773466
0.001577113320002673
0.001637251360645832
0.0016982770513283417
0.0017594539369531897
0.0018200286602448423
0.001879243364601807
0.0019363483471389051
0.0019906147444025296
0.0020413470306402566
0.0020878951097660233
0.0021296657872802165
0.0021661334173092048
0.002196849532482714
0.0022214512803664286
0.0022396685093465933
0.0022513293689017
0.0022563643137206123
0.0022548084277194307
0.002246802012215688
0.002232589411853931
0.0022125160818358045
0.0021870239300724494
0.002156644997526989
0.0021219935687350404
0.0020837568317817376
