0.0057636916056232395
0.005215638705399709
0.004757599065847742
0.0043816092724867795
0.004075588102009711
0.003828748858034931
0.0036352974141252853
0.0034955326945101083
0.0034141553073596532
0.0033963171232732096
0.0034425450131269366
0.003544008495454513
0.0036795934281573317
0.003815886385421043
0.003910537818612883
0.003918689851232226
0.003801395132186489
0.003534385216354535
0.0031153035678490497
0.0025676681723390193
0.0019403600641494509
0.0013022546740890434
0.0007325670516834092
0.00030838050416969777
9.148596009469524e-05
0.00011693312375896363
0.0003855128049220641
0.0008617694301275977
0.0014781876597778866
0.0021450801894707877
0.002764634767092023
0.0032467632078626513
0.003523995940139205
0.00356276839881795
0.0033690422130704593
0.0029871921830278998
0.002492291070952236
0.0019771169406312987
0.0015361697423999735
0.0012495338843503678
0.0011694565097109732
0.001312018459381125
0.001655346376432205
0.0021446219308428223
0.0027029090507167614
0.003245771369062818
0.0036969832715094512
0.0040024703891186715
0.004139975941211613
0.004122765710378129
0.003996799626735342
0.0038320006569936933
0.0037093168587260506
0.0037060039742893673
0.003881823478152426
0.004268613821639277
0.004865005993848736
0.005637057621601975
0.006524467810635501
0.007451020600589111
0.008337177668701335
0.009112430860419992
0.009725179189444901
0.010148469591771575
0.010380812249690946
0.010442271610336215
0.010366946618467432
0.01019361170024331
0.009956571560854608
0.009678642967246147
0.009367654882404191
0.009017069021847986
0.008610431327226845
0.008128553249171258
0.0075577528498977226
0.006897270748148256
0.0061641531218531494
0.0053944222738919745
0.004640123608393757
0.003962688455741539
0.003423812649544371
0.003075568794731025
0.0029516437049517206
0.003061389439126013
0.003387840141086799
0.003890086786113901
0.004509570538412483
0.005179117616144547
0.005833038552879646
0.006416447623036239
0.0068921516759930645
0.007243967475145271
0.007476046565864562
0.00760857044731523
0.007670869980443955
0.0076934863421184675
0.007700839168771725
0.0077059781796614026
0.00770841300619793
0.007695345543382036
0.007645909415688901
0.007537399133780988
0.0073520719386917606
0.007083005759618756
0.006737712572979839
0.006338688790675724
0.005920730627621703
0.005525518200369749
0.005194538637710567
0.004961761013080199
0.004847526790331697
0.004854871358008281
0.00496899885717355
0.005159997076315665
0.005388232736142245
0.005611341857731185
0.0057914307954462455
0.005901089130966729
0.005927085254347125
0.00587111018906679
0.005747550569895976
0.005578879478072165
0.005389728771127009
0.005200951967803398
0.005024954403922601
0.004863267047746389
0.0047068375248897985
0.004538913877057612
0.004339830111060148
0.0040925874586630814
0.003787949349484389
0.003427869082103054
0.0030264266055895573
0.002607990177647166
0.002202926654239626
0.0018417320981786982
0.0015488248729708552
0.0013373548459321635
0.001206206356509051
0.0011399404953728745
0.0011118192610890896
0.0010894027231338511
0.0010416452970585556
0.0009460584376963302
0.0007944343992056149
0.0005958621823377508
0.00037627271075120657
0.00017443017794064632
3.5007360021200445e-05
0.0
0.00010012195667157171
0.0003478945957323936
0.0007338775014905244
0.0012269261459331889
0.0017786080803033639
0.0023311051479448838
0.002827230779430843
0.0032207370622050835
0.0034849699932496996
0.003618183744504977
0.0036444061835684224
0.0036095548015708497
0.0035733862198712874
0.0035986579921444065
0.0037394369513818865
0.004030695236931262
0.004481148595220913
0.005070739698701585
0.005753348473516343
0.006464369018957118
0.007131899750440945
0.0076896133793095045
0.008089031993588418
0.008308994691610295
0.008360563053473699
0.00828638404335574
0.008154484753328582
0.008047440680806539
0.008048669169455
0.008228110994265559
0.008629687980117035
0.009262643452038938
0.010098236446776127
0.011072381823969909
0.01209385851137149
0.013056811613315214
0.013855599423309405
0.014399690666475522
0.014626349259923175
0.01450923733119943
0.014061746154147015
0.013334708406997332
0.012409010749927188
0.011384372965362597
0.010366074838279449
0.009451624589684777
0.00871925628317704
0.008219754390077766
0.00797251141691597
0.0079660364576185
0.008162463841444282
0.008505065053793302
0.008927419268381743
0.009362785555192819
0.009752339551887406
0.010051248755518521
0.010231996432344802
0.010284843951407073
0.010215765665214623
0.010042533610787378
0.009789828493961907
0.009484293093059452
0.009150335480086726
0.00880726527756901
0.008468053696440627
0.008139699744322342
0.0078249098786685
0.007524595474545385
0.007240586193758217
0.006977955847475883
0.006746453344516985
0.006560704734370193
0.0064390741699396695
0.006401308183669624
0.006465304949634657
0.006643517558391044
0.006939593735563021
0.007345859003135809
0.0078421620640938
0.008396428118717223
0.008967027608890534
0.009506794649276005
0.009968258810271132
0.010309426876199478
0.01049930634608655
0.01052233001496756
0.010380937007780429
0.010095787540119533
0.009703413243025392
0.009251489562464368
0.00879230446487119
0.008375324921839199
0.008039969662557036
0.007809738323046457
0.007688702281022149
0.007661040216075677
0.007693842322988739
0.007742878849428206
0.007760516456100655
0.007704558820279018
0.00754656313138444
0.007278192367915598
0.006914417715252886
0.0064928569606570825
0.006069153976189546
0.00570897218780854
