0.00494202389809735
0.004730170708177833
0.004516761613879714
0.004301331234545496
0.004085925071188861
0.0038746351988290734
0.0036731298078709635
0.0034882559869284123
0.003327695740652571
0.003199578600270675
0.003111926305498764
0.0030718370862848586
0.0030844023849817114
0.0031514644615596903
0.0032704356538462423
0.0034334735131670195
0.0036273122873100275
0.0038339771385323693
0.004032459586545901
0.004201237029009211
0.0043213165852407955
0.004379320741398873
0.004370051586503685
0.004297999293791086
0.00417740420886154
0.004030720723635992
0.003885622915019245
0.003770979940562865
0.0037124534212445675
0.003728479042881938
0.0038273607960261076
0.0040060273945121015
0.004250705273448378
0.004539405465220828
0.004845772192292656
0.005143570259229192
0.005410954051380736
0.005633695098076064
0.005806746203606384
0.005933852137845367
0.006025315623034753
0.006094412712685044
0.0061532435661157585
0.006208939659772777
0.006261093572084689
0.006301037794987731
0.006313218216887025
0.0062784604578599345
0.006178504114984468
0.0060008705463182495
0.005743003344669751
0.0054147113346930086
0.0050382426331709316
0.004645772837173433
0.004274614528249591
0.003960945040768571
0.0037332035501711413
0.0036064489372882426
0.0035788583218006064
0.0036311932930035372
0.0037295259040981904
0.0038308971162631295
0.0038909947029514215
0.003872501589022227
0.003752570086176403
0.0035279697345134663
0.0032168295213325622
0.002856487757995517
0.002497669443507565
0.002195901250572579
0.002001617618559841
0.0019507017070573406
0.002057181424128437
0.0023094605132654824
0.00267086430639426
0.003084525435681882
0.0034818630470333915
0.0037932613008739642
0.00395914897335027
0.003939597267401406
0.0037208042675711556
0.003317376503784271
0.0027700518175476137
0.0021392990162420944
0.001495934605454626
0.0009103882574242671
0.00044244043275569467
0.00013311812790030297
0.0
3.6536774015991265e-05
0.0002152610843526026
0.0004940804088790184
0.0008243422439438261
0.0011591204096783798
0.0014602310246029102
0.0017028235794508471
0.001876931362138482
0.00198599411798126
0.0020429580823748033
0.0020649992329707526
0.0020681231034164567
0.0020628360395930226
0.002051779990847341
0.002029746304526922
0.0019859376696866205
0.0019078473577692772
0.0017857752835269145
0.00161687210768516
0.0014077193226544995
0.0011747870871109023
0.0009425892097517266
0.0007398729647593682
0.000594628902518352
0.0005289859908835103
0.0005551088432885825
0.0006730229943300802
0.0008708987246127957
0.001127804919089539
0.0014184100306821957
0.0017186704489404905
0.0020113019630066033
0.002289833747098556
0.0025603020566643945
0.002840105762158431
0.0031541273052903447
0.0035288039030316456
0.003985295332429923
0.004533138327992859
0.005165747145535483
0.005858812733673056
0.0065721222404960394
0.007254665307397137
0.007852240001139843
0.008316248236320163
0.008612084343119556
0.008725533197993782
0.008665911217284838
0.008465250719716336
0.008173542488444076
0.00785077949172954
0.007557148603150798
0.007343080572130799
0.007240919622169245
0.007259699705455147
0.0073839630595115575
0.007576829544055318
0.0077867573275427725
0.007956770099120028
0.008034487333952196
0.00798116378588426
0.007778145661492517
0.007429644575806201
0.006961422092617074
0.006415736133672308
0.005843582653938764
0.005295744002582116
0.004814341275449194
0.004426449910600087
0.004140905952858289
0.003948790799683079
0.0038273598200359265
0.0037465147905335226
0.0036764392951754363
0.0035948112255133717
0.003492114611864396
0.0033739708395351528
0.003260017618107577
0.0031795632954339775
0.0031648975101002965
0.00324361925528849
0.0034315564108725466
0.0037277545883704923
0.004112625283746394
0.004549737620986008
0.004991030222115816
0.0053845456983413805
0.005683279710056229
0.0058534886512485
0.005880864494795647
0.005773353033161581
0.005559996311383656
0.005285910338665249
0.005004230016236523
0.004766430609218261
0.004612761000389194
0.004564536318809975
0.00461973156643423
0.004752746869590514
0.004918480450405506
0.0050600784360402195
0.005119068075972266
0.005046140842611828
0.004810712439716896
0.004407572708518712
0.003859417286260951
0.003214741200288008
0.0025413532948602947
0.0019165060473053446
0.001415203510725045
0.0010985567132830746
0.001004052585524645
0.0011392941630533333
0.0014802121301039223
0.0019740365729577583
0.0025465717981314104
0.0031126572356262507
0.0035882269170544137
0.0039021676909673716
0.004006246965207196
0.003881712844695841
0.0035417009691881235
0.00302922253833095
0.002411153904054039
0.0017692014293901742
0.0011891978645509498
0.0007502512405398332
0.0005152036201055243
0.0005235898210574461
0.0007878691637492334
0.0012932083590309375
0.002000598429184717
0.0028526638705783283
0.0037812220535189053
0.004715505652610126
0.005589975685348693
0.006350808940764847
0.006960404513306843
0.007399572554214766
0.007667394586033678
0.00777903430208178
0.007761997029111503
0.007651465403893376
0.0074853735328894895
0.007299830416317281
0.007125384160425264
0.006984455797846659
0.0068900913963793105
0.006846007607618035
0.006847758287149212
0.006884741523422495
0.006942703945612283
0.0070063830021096065
0.007061953415124795
0.007099002978187552
0.007111844854460677
0.007100067335683288
0.007068316779729968
0.007025395590161887
0.006982827020760156
0.006953087051626472
0.006947727930981397
0.006975618068957028
0.007041500910691834
0.007145035078727418
0.007280424488084542
0.007436685827124411
