0.010764999002023285
0.011155998623128036
0.011448963683253842
0.011615347994774664
0.011635903687986593
0.011501409164544802
0.01121228534030038
0.010777402235495653
0.010212478887350378
0.009538477853803132
0.00878029613350686
0.007965885004993489
0.007125736684104488
0.006292506964464135
0.005500445927277003
0.004784312802678268
0.0041775616128630075
0.0037097805376689447
0.0034036065834279388
0.0032715610075625223
0.0033134018192595128
0.0035146215949120453
0.003846609536174053
0.00426875425673814
0.004732427035407186
0.005186417364770992
0.005583068932398677
0.0058841568426119175
0.006065509174261248
0.006119529685878862
0.0060551073881853395
0.005894849533796313
0.005670065807722964
0.005414368479558224
0.005157046775100781
0.004917458335749357
0.004701529173937539
0.004501084350992522
0.0042962070194846255
0.004060239297069835
0.0037665063503683127
0.0033954711105167027
0.002940890430806054
0.0024136799666264063
0.001842588244328635
0.0012713632105199307
0.0007527606624795416
0.00034036725647071647
7.966944281661333e-05
0.0
0.00010888934334820147
0.0003899505139033114
0.0008048026873518129
0.0012988013802584589
0.0018096319079958373
0.0022772721336979523
0.002653549365294102
0.002909563355539356
0.0030396200742913017
0.0030609543123266843
0.003009297364422477
0.002931123569480364
0.002874038726853722
0.0028771328095405597
0.002963137142396144
0.003133894666885414
0.003370029920345529
0.003634907845773855
0.003882147254747912
0.004065262064239987
0.004147574590398537
0.004110464765314105
0.003958306432200826
0.0037190466299129752
0.00344019517684134
0.003180859023499768
0.003001216068783981
0.002951332562390445
0.0030613890222871733
0.0033351586095209944
0.0037480170638575054
0.0042499567463206035
0.00477317639440558
0.005242987952089004
0.005590174386620593
0.005762658667856081
0.005734453438269078
0.0055103324056041065
0.005125411288998387
0.004639712073699982
0.004128649472438375
0.0036710688546196923
0.0033368605071355914
0.0031762113076701857
0.0032122331461271964
0.003438093444441787
0.0038189833186646907
0.004298437777514675
0.0048078151856949455
0.005277269659297842
0.005646383086717941
0.005872777880148913
0.005937463689279134
0.00584628964921015
0.005627558105833496
0.005326480988240267
0.00499761943615004
0.004696671687540505
0.004472942484304019
0.004363567355015357
0.004390145582364117
0.00455794947965954
0.004857422478848642
0.005267337265641374
0.00575881030794591
0.006299374589321194
0.006856473769437915
0.0074000036808655875
0.00790382012012094
0.008346384785732165
0.00871087945432609
0.008985154825466217
0.009161799528948036
0.009238450238602243
0.009218268992618253
0.009110347977161034
0.008929715675422056
0.008696640590595477
0.00843506018914906
0.008170174473034897
0.007925483991235594
0.007719758558785376
0.0075645368825903985
0.007462738587359636
0.007408807882823065
0.007390525045034174
0.007392271292466869
0.007399188190367324
0.00740141313676243
0.007397464248641267
0.007395929733021427
0.007414889029510673
0.007478915118349382
0.007614003760668111
0.007841248942574021
0.008170434687263108
0.008594859782419766
0.00908860767358451
0.00960711987571357
0.010091378621351399
0.010475346418419147
0.010695666378477981
0.010702121492770382
0.010467087765603258
0.009992258926769306
0.009311278414633577
0.008487537974196945
0.007607190621692909
0.006768243620413568
0.006067298991881048
0.005585965898800989
0.005379092610349264
0.005466725171794142
0.005831129408651036
0.0064194060334292384
0.007151322246546032
0.007931133222193024
0.008661520199491436
0.009257440104272902
0.00965772077755881
0.009832636641848923
0.009786389254845589
0.009554273084247642
0.00919517903036841
0.008780826635594978
0.0083835972004051
0.008064989125024362
0.007866519310563685
0.007804397631866582
0.007868603935193893
0.00802622921607529
0.008228242229079911
0.008418329214357825
0.008542207819991973
0.008555864378729672
0.008431478974647034
0.008160310177723791
0.0077524047043929295
0.00723356076957723
0.006640404683243308
0.006014667518547876
0.00539774574846596
0.004826416926452541
0.00433021959408773
0.003930582675688696
0.0036413979594194516
0.003470451710003639
0.0034210209618419996
0.0034930107168044074
0.003683233790875563
0.00398475551289636
0.004385561124307115
0.004867072595982539
0.005403177319988185
0.005960397356153894
0.006499626083667408
0.006979528457006208
0.0073613105449689365
0.007614198016407623
0.007720703922350437
0.007680676228239531
0.007513224846114733
0.0072559263578496035
0.006961143461458448
0.006689796898868915
0.006503396934886876
0.006455489341514639
0.006583828174626891
0.006904519827875247
0.00740909689794145
0.008065023883866061
0.008819589096211049
0.00960659479064396
0.010354815856108226
0.010996933012785592
0.011477603248816998
0.011759511493192331
0.011826616161282335
0.011684287251869508
0.011356549958914539
0.010881097891443262
0.010303051310147505
0.009668559111525438
0.00901926690345287
0.008388423001365452
0.007799026138724713
0.0072640087903331815
0.006788077772265001
0.006370567201217947
0.00600854184962158
0.005699433759711454
0.005442681489782622
0.005240122278782833
0.005095198948653199
0.005011318711691257
0.004989883990640204
0.0050285712742509595
0.005120356215050329
0.005253593299644401
0.005413201215419273
0.005582738411110964
0.005746936052203136
0.005894134943839417
0.00601807527671829
0.0061186131890583195
0.006201160030994961
