0.001360929485625165
0.0013763978699498323
0.0013936358700347953
0.0014126006652147526
0.001433243907524521
0.0014555118358945194
0.0014793454079979336
0.001504680449376835
0.0015314478194151393
0.0015595735936683448
0.0015889792620035694
0.0016195819419487978
0.0016512946065976297
0.0016840263263653294
0.0017176825238438792
0.0017521652409581343
0.0017873734175822627
0.0018232031807355895
0.0018595481434398667
0.0018962997122860304
0.001933347402727771
0.0019705791610918674
0.002007881692271312
0.0020451407920468673
0.0020822416829659246
0.0021190693526944274
0.002155508893748268
0.002191445843504938
0.002226766523394378
0.0022613583761699574
0.0022951103001662095
0.002327912979459513
0.0023596592088611025
0.002390244212688758
0.002419565956284075
0.0024475254492663297
0.002474027039541553
0.00249897869711642
0.0025222922868007704
0.0025438838289199837
0.0025636737471988608
0.002581587103021895
0.0025975538153208758
0.0026115088653892904
0.0026233924859739655
0.0026331503340475365
0.0026407336467205106
0.002646099379808714
0.0026492103286305116
0.00265003523066826
0.0026485488497896862
0.0026447320417871322
0.002638571801055604
0.002630061288294126
0.002619199839178763
0.002605992954019661
0.0025904522684782757
0.0025725955054844776
0.002552446408556112
0.0025300346567857217
0.0025053957618202316
0.00247857094721928
0.0024496070106362986
0.0024185561693232448
0.002385475889514835
0.0023504287003010423
0.0023134819926473307
0.002274707804270392
0.002234182591122932
0.002191986986284052
0.0021482055470919796
0.002102926491393051
0.0020562414238149114
0.002008245053002699
0.001959034900784444
0.0019087110042559485
0.0018573756117959228
0.0018051328740391185
0.0017520885308484572
0.00169834959533688
0.0016440240359955002
0.0015892204579869553
0.0015340477846613363
0.001478614940346943
0.0014230305354592855
0.0013674025549592732
0.0013118380511755647
0.0012564428419864603
0.0012013212153338313
0.001146575641015233
0.001092306490670868
0.0010386117668494108
0.0009855868420010705
0.0009333242082077837
0.0008819132384192384
0.0008314399599196483
0.0007819868407040878
0.0007336325893947932
0.0006864519692774632
0.0006405156269853355
0.0005958899363048605
0.000552636857521513
0.0005108138126675363
0.00047047357697588125
0.0004316641867859632
0.0003944288640878226
0.00035880595783170546
0.0003248289020703582
0.0002925261909416258
0.0002619213704395118
0.000233033046862813
0.00020587491177217424
0.0001804557832288825
0.0001567796630324084
0.00013484580961858027
0.00011464882622668165
9.617876389181887e-05
7.942123876879866e-05
6.43575632457464e-05
5.096489025973629e-05
3.921637018329625e-05
2.9081319609522904e-05
2.0525401325290028e-05
1.351081472632373e-05
7.996495895301516e-06
3.93832653437288e-06
1.289350916928566e-06
0.0
1.8321818510925666e-08
1.2902172657803818e-06
3.7596803511440093e-06
7.369042015549368e-06
1.2059216579259112e-05
1.7769949892643437e-05
2.4440068261212576e-05
3.2007727219716e-05
4.041065923712848e-05
4.95864194447668e-05
5.947262849342644e-05
7.000721166235688e-05
8.112863336298725e-05
9.27761262034235e-05
0.00010488991380589742
0.00011741142659829726
0.00013028350983265605
0.00014345062311779872
0.00015685903079016368
0.0001704569824859544
0.0001841948833190771
0.00019802545311264322
0.00021190387417695418
0.0002257879271737066
0.0002396381146544239
0.0002534177719107065
0.00026709316482456864
0.0002806335744586774
0.0002940113681786159
0.00030720205715205904
0.00032018434012283446
0.00033294013341104403
0.00034545458714348555
0.00035771608777143693
0.0003697162469851183
0.0003814498771857976
0.00039291495372716567
0.0004041125641872862
0.00041504684498080437
0.00042572490566802185
0.0004361567413628323
0.00044635513368500583
0.00045633554074405065
0.00046611597668130876
0.00047571688133438844
0.0004851609806229226
0.0004944731382871823
0.0005036801996409488
0.000512810828027262
0.0005218953346900472
0.000530965502796197
0.0005400544063612265
0.0005491962248472654
0.0005584260542146411
0.000567779715217801
0.0005772935597426288
0.0005870042759854774
0.0005969486932743031
0.0006071635873293006
0.0006176854867543516
0.0006285504815414411
0.0006397940343580686
0.000651450795372599
0.0006635544213545235
0.0006761373997658737
0.0006892308785365546
0.0007028645021903404
0.0007170662549597226
0.0007318623114968631
0.0007472768957548304
0.0007633321485779692
0.000780048004503073
0.0007974420782340427
0.0008155295612120047
0.0008343231286607534
0.0008538328574439004
0.0008740661550255494
0.0008950276997806942
0.000916719392855292
0.0009391403217289286
0.0009622867355857246
0.0009861520325515208
0.0010107267588077835
0.0010359986195452124
0.0010619525016729164
0.0010885705081523818
0.0011158320037796031
0.0011437136721936672
0.0011721895838460942
0.0012012312746225206
0.001230807834766872
0.001260886007718373
0.0012914302984335297
0.001322403090729007
0.0013537647731468542
0.0013854738728114075
0.0014174871967170969
0.0014497599798587568
0.0014822460395907625
0.0015148979355785912
0.0015476671346863085
0.0015805041801260705
0.0016133588641809625
0.0016461804038007094
0.0016789176183606338
0.0017115191088680477
0.0017439334378969767
0.0017761093095315659
0.00180799574860102
0.0018395422784941182
0.0018706990968494904
0.001901417248428707
0.0019316487944927884
0.001961346978019123
0.0019904663841145824
0.002018963095002043
0.0020467948389813785
0.002073921132792119
0.0021003034168333317
0.00212590518272676
0.0021506920927416903
0.002174632090634278
0.002197695503490031
0.0022198551341956626
0.0022410863442054304
0.0022613671263072015
0.002280678167134722
0.002299002899214649
