0.000844155295600908
0.0007649046110860312
0.0006896136331655747
0.0006187851012519122
0.0005529387451850027
0.0004926047703373553
0.0004383165571190768
0.0003906026907158132
0.00034997845336580315
0.00031693692562806083
0.0002919398546236357
0.00027540845590538266
0.0002677143212402673
0.0002691706070392687
0.000280023677368856
0.00030044537141036306
0.0003305260579447109
0.000370268629035107
0.0004195835717222178
0.00047828524045261285
0.0005460894344007856
0.0006226123631327214
0.0007073710615506265
0.0007997852911439771
0.0008991809396690234
0.0010047949059244442
0.0011157814307344123
0.001231219810045067
0.0013501234016355236
0.0014714498137768527
0.001594112142658818
0.001716991105933663
0.001838947902653657
0.0019588376155179376
0.0020755229599616083
0.002187888176431566
0.002294852857359446
0.0023953854989644517
0.002488516570139455
0.002573350896273769
0.0026490791648655647
0.0027149883720372346
0.002770471044392201
0.0028150330887925417
0.0028483001432949013
0.002870022325315447
0.0028800772977228403
0.0028784715995702464
0.0028653402151378486
0.0028409443824146657
0.0028056676696423324
0.0027600103756134364
0.0027045823356096877
0.002640094239743083
0.0025673475936114124
0.0024872234722134357
0.0024006702366408308
0.0023086903988684604
0.0022123268327440843
0.002112648538828304
0.0020107361769053558
0.0019076675826838372
0.0018045034844008708
0.0017022736307609932
0.0016019635339682007
0.0015045020206893233
0.00141074976981725
0.0013214889991315347
0.0012374144436767508
0.0011591257472308106
0.001087121364986889
0.0010217940509222733
0.0009634279776950134
0.000912197510728497
0.0008681676318545985
0.0008312959819263808
0.0008014364666105987
0.0007783443455416374
0.0007616827025512315
0.0007510301741423332
0.0007458897950739405
0.0007456988041493738
0.0007498392402894717
0.0007576491489117948
0.0007684342116615863
0.0007814796087305147
0.0007960619223805472
0.0008114608928329474
0.0008269708433030536
0.0008419115995245427
0.0008556387404281456
0.0008675530304893424
0.0008771089003672158
0.0008838218605162555
0.0008872747521287991
0.0008871227606986866
0.0008830971393102152
0.0008750076110644221
0.000862743442467363
0.0008462732017367218
0.0008256432374583327
0.0008009749334848815
0.0007724608150799119
0.0007403595987650937
0.0007049902938549112
0.0006667254770264503
0.0006259838722803771
0.0005832223771551
0.0005389276819585532
0.0004936076320284464
0.0004477824836170716
0.00040197620196419153
0.00035670794555936166
0.00031248387363646646
0.0002697894047609961
0.00022908204317512214
0.00019078487659926154
0.00015528083472188172
0.00012290778193385426
9.39545012885257e-05
6.865760951291796e-05
4.7199425482777856e-05
2.9706797226391676e-05
1.625087555378788e-05
6.847806120005963e-06
1.460296406299898e-06
0.0
2.330647903311337e-06
8.271845602244709e-06
1.760344544301357e-05
3.007039662071445e-05
4.5387969870607035e-05
6.324725081264344e-05
8.332079484064817e-05
0.00010526833743528408
0.0001287424567419336
0.00015339409008223795
0.000178877812618414
0.00020485679448999897
0.00023100736219348276
0.00025702310055521703
0.00028261844311773055
0.00030753171086799706
0.0003315275717245725
0.00035439890580809034
0.000375968073989389
0.0003960875992917404
0.00041464028218303885
0.0004315387814111018
0.00044672470161476424
0.00046016723731288835
0.0004718614298908372
0.0004818260997565219
0.0004901015198472572
0.000496746899088147
0.000501837745221791
0.0005054631756701378
0.0005077232428081057
0.000508726336312141
0.0005085867202114208
0.0005074222560574996
0.0005053523564052453
0.0005024962047488694
0.0004989712693813353
0.0004948921295543059
0.0004903696230254629
0.0004855103148087626
0.0004804162779059409
0.00047518516820133235
0.00046991056774176444
0.00046468256347785477
0.0004595885223708581
0.00045471401870609434
0.00045014386560917187
0.00044596320021595207
0.000442258570752984
0.0004391189739622579
0.00043663679284204897
0.0004349085875330883
0.00043403569628453886
0.0004341246086883605
0.000435287079647517
0.000437639959694833
0.0004413047251359116
0.000446406699866684
0.0004530739694160457
0.0004614359965814702
0.0004716219567511969
0.00048375881943275097
0.0004979692104312215
0.0005143690963497103
0.0005330653394397739
0.0005541531761514829
0.0005777136768821222
0.0006038112472858145
0.0006324912329972007
0.000663777689683947
0.0006976713789498116
0.0007341480477680451
0.0007731570448726169
0.0008146203219414907
0.0008584318605720429
0.0009044575581021246
0.0009525355964256898
0.0010024773082672103
0.0010540685451109403
0.0011070715403429068
0.0011612272503787983
0.0012162581458511265
0.0012718714145465043
0.0013277625279490585
0.0013836191141807395
0.001439125072043712
0.0014939648539566291
0.0015478278400072479
0.001600412721264574
0.0016514318080227694
0.0017006151778729286
0.0017477145794702722
0.0017925070106013237
0.001834797893639714
0.0018744237776559722
0.0019112545042251426
0.0019451947832322472
0.001976185135551134
0.002004202171180961
0.0020292581840518947
0.002051400058021642
0.002070707492322393
0.002087290568615365
0.0021012866955908713
0.0021128569804364236
0.002122182089206392
0.0021294576698956246
0.0021348894225906895
0.0021386879102092632
0.0021410632108281535
0.002142219518258785
0.0021423498012039313
0.002141630632905034
0.002140217302588475
0.002138239317205882
0.002135796396944031
0.0021329550608042147
0.0021297458893109284
0.0021261615402398725
0.002122155580329774
0.002117642181472297
0.0021124967141052733
0.0021065572537409573
0.0020996269990433036
0.0020914775819460153
0.002081853232309737
0.002070475741893716
0.002057050155307862
0.0020412710994524527
