0.002030529648326947
0.001992040846401505
0.0019521959225928909
0.0019110552437576795
0.0018686830199030266
0.0018251471241643184
0.0017805189015832298
0.0017348729673451451
0.0016882869951688447
0.0016408414965727643
0.0015926195917708996
0.0015437067729774509
0.001494190660922496
0.0014441607554012818
0.0013937081806970546
0.001342925426731668
0.0012919060868094641
0.0012407445928280904
0.0011895359488349783
0.0011383754638101544
0.0010873584845548859
0.0010365801295613812
0.0009861350247314653
0.0009361170418017368
0.0008866190403193771
0.0008377326139965061
0.0007895478422518093
0.0007421530477262754
0.0006956345605352559
0.0006500764899918673
0.0006055605045070991
0.000562165620339929
0.000519967999836504
0.00047904075976104793
0.00043945379028282857
0.0004012735851433662
0.00036456308348625116
0.0003293815237886111
0.00029578431028862953
0.00026382289225768043
0.0002335446564188273
0.0002049928327657925
0.00017820641398820047
0.00015322008866016723
0.00013006418830024372
0.00010876464836159956
8.934298316224981e-05
7.181627471633295e-05
5.6197175379057e-05
4.249392417018027e-05
3.071037659389017e-05
2.0846047726937565e-05
1.2896168301938012e-05
6.851753469141889e-06
2.699683877741216e-06
4.227986771803034e-07
0.0
1.4063684507328346e-06
4.613289090273738e-06
9.588587372207774e-06
1.6296674456832026e-05
2.4698701300189876e-05
3.475272088940902e-05
4.641385797214399e-05
5.963448560695789e-05
7.436440784318495e-05
9.055104782317719e-05
0.00010813964058697294
0.00012707342984927673
0.00014729386801132054
0.0001687408186656406
0.00019135276085005862
0.00021506699430822525
0.00023981984501790857
0.00026554687025477533
0.0002921830624686905
0.0003196630512614831
0.0003479213027696192
0.00037689231577228135
0.00040651081386479035
0.000436711933059138
0.00046743140419748357
0.0004986057295906525
0.0005301723533219734
0.0005620698246869141
0.0005942379542709757
0.0006266179622018758
0.0006591526181472052
0.0006917863726652088
0.0007244654795540793
0.0007571381088839109
0.0007897544504351568
0.000822266807307884
0.0008546296795071218
0.0008867998373510811
0.0009187363845907133
0.0009504008111708926
0.0009817570356052616
0.0010127714369782552
0.0010434128766289579
0.0010736527096120215
0.0011034647860706727
0.0011328254426958987
0.001161713484483798
0.001190110157039975
0.0012179991097153319
0.0012453663498917093
0.0012722001887683866
0.0012984911790312817
0.001324232044815759
0.001349417604401135
0.0013740446861000939
0.0013981120378293741
0.0014216202308689064
0.0014445715583353458
0.001466969928912216
0.0014888207563929605
0.0015101308456047452
0.001530908275290049
0.0015511622785297648
0.0015709031212957636
0.0015901419797226149
0.0016088908166874115
0.0016271622582834635
0.00164496947076797
0.0016623260385557623
0.001679245843820783
0.001695742948254293
0.0017118314775138271
0.0017275255088798102
0.001742838962617534
0.001757785497520973
0.0017723784110917973
0.0017866305447820122
0.0018005541947020277
0.0018141610281677586
0.0018274620064306919
0.001840467313903894
0.0018531862941647253
0.0018656273929818174
0.001877798108579713
0.0018897049493196557
0.0019013533989394862
0.0019127478894595878
0.0019238917818255221
0.001934787354321483
0.0019454357987522244
0.0019558372243547455
0.001965990669364956
0.001975894120128935
0.0019855445376133463
0.001994937891135328
0.0020040691990987035
0.002012932576491045
0.002021521288864829
0.002029827812496011
0.0020378439003847833
0.002045560653736276
0.0020529685985335895
0.0020600577667918892
0.0020668177820605286
0.0020732379487202876
0.0020793073446049603
0.002085014916460773
0.002090349577743513
0.0020953003082417945
0.0020998562550058313
0.0021040068340541346
0.0021077418323260824
0.0021110515093461265
0.0021139266980654964
0.002116358904349856
0.0021183404045861526
0.002119864340889112
0.0021209248133972746
0.0021215169691602086
0.0021216370871324293
0.00212128265880567
0.0021204524640292747
0.002119146641588656
0.0021173667541338793
0.002115115847074347
0.0021123985010812244
0.0021092208778665726
0.0021055907589369776
0.002101517577049677
0.0020970124401307297
0.0020920881474474026
0.002086759197860649
0.0020810417900181044
0.002074953814383296
0.0020685148370326633
0.0020617460751883024
0.0020546703644909285
0.0020473121180543436
0.0020396972773793916
0.0020318532552419622
0.00202380887070587
0.0020155942764471762
0.002007240878611714
0.001998781249461954
0.0019902490331027995
0.0019816788446083743
0.001973106162903057
0.001964567217779933
0.0019560988714682984
0.001947738495188746
0.0019395238411595104
0.0019314929105411999
0.0019236838178284877
0.0019161346522168598
0.0019088833364898983
0.0019019674839878464
0.0018954242542312061
0.0018892902077838115
0.0018836011609482215
0.0018783920408922167
0.0018736967418087347
0.001869547982712689
0.0018659771674767092
0.001863014247704027
0.0018606875890304043
0.0018590238414382268
0.0018580478141547335
0.0018577823556927167
0.0018582482395761467
0.0018594640562749223
0.0018614461118525018
0.001864208333807539
0.001867762184565984
0.0018721165830533832
0.0018772778347485692
0.0018832495705895524
0.001890032695070379
0.0018976253438341502
0.0019060228510323577
0.0019152177266843716
0.0019251996442334637
0.0019359554384572233
0.0019474691138509116
0.001959721863562173
0.0019726920989149286
0.00198635548951923
0.002000685013922535
0.002015651020716547
0.002031221299972445
0.0020473611648362763
0.002064033543075659
0.002081199078328854
0.002098816240767905
0.0021168414468490625
0.0021352291877862885
0.002153932166347358
0.002172901441537147
0.00219208658069928
0.0022114358185354125
