0.0
6.545952578712057e-05
0.00013433039945114794
0.00020536716742244844
0.0002773237705610877
0.00034897226852939915
0.0004191210322313551
0.00048663213164221956
0.000550437662909414
0.0006095547790525597
0.0006630992125363567
0.0007102971049899158
0.0007504949889107135
0.0007831677977946036
0.0008079248142224636
0.0008245134994394245
0.0008328211823072397
0.0008328746196205922
0.0008248374730927226
0.0008090057802959831
0.0007858015269810539
0.0007557644560264522
0.000719542273366331
0.0006778794332417408
0.0006316047037098352
0.000581617728281791
0.0005288748106650075
0.000474374156748844
0.0004191408111554834
0.00036421152490757284
0.000310619786138234
0.00025938123744802667
0.0002114796917187863
0.00016785394320335627
0.00012938555285006638
9.688776646142811e-05
7.109570183402598e-05
5.2657916914745743e-05
4.212944569083961e-05
3.99663624728922e-05
4.6521908897778326e-05
6.204419183541109e-05
8.667543487607572e-05
0.00012045274163116366
0.00016331030609621788
0.00021508298416353963
0.00027551112135258335
0.0003442465152241473
0.00042085937698283795
0.0005048461456215955
0.0005956379997374068
0.000692609906906834
0.0007950900482563769
0.0009023694565427239
0.0010137117095663365
0.0011283625269227601
0.001245559126748636
0.0013645392100012953
0.0014845494526445982
0.0016048534005921788
0.001724738678053003
0.001843523436686757
0.0019605619903537673
0.0020752495978785448
0.0021870263737862393
0.002295380324077
0.00239984952045274
0.0025000234417062494
0.0025955435249558276
0.0026861029818253247
0.0027714459453338715
0.0028513660220164812
0.00292570433053509
0.002994347112692447
0.003057223005307437
0.0031143000618729893
0.003165582611363363
0.003211108038093949
0.003250943561309515
0.0032851830863660537
0.0033139441911869774
0.0033373653023511442
0.0033556031049625156
0.0033688302196272163
0.003377233168699557
0.003381010642732005
0.0033803720670489154
0.003375536457823923
0.003366731547224329
0.003354193148320402
0.003338164722744949
0.0033188971077019744
0.0032966483540015643
0.0032716836234461238
0.003244275092176003
0.0032147018065284937
0.003183249439560842
0.003150209899585118
0.003115880746772573
0.0030805643799845283
0.0030445669633202815
0.0030081970702560915
0.0029717640324734137
0.00293557599031063
0.002899937651976006
0.0028651477789768914
0.002831496425393174
0.0027992619683955386
0.0027687079765318754
0.0027400799705417666
0.002713602138591115
0.0026894740736504367
0.002667867605103242
0.0026489237994271335
0.0026327502058370996
0.002619418422051087
0.0026089620528045483
0.0026013751294146426
0.002596611052627281
0.002594582113261054
0.002595159635918911
0.0025981747804334526
0.0026034200239397664
0.0026106513337536713
0.002619591027820309
0.0026299313056543914
0.002641338418699568
0.002653457435178701
0.002665917541080789
0.0026783378062213694
0.0026903333325998383
0.00270152169182289
0.0027115295494103122
0.0027199993665650334
0.0027265960646593403
0.0027310135344157166
0.002732980870656562
0.0027322682146352526
0.002728692089370339
0.002722120119071212
0.0027124750316075805
0.002699737852934069
0.0026839502142894686
0.0026652157066621458
0.00264370023222608
0.0026196313189498946
0.0025932963820792833
0.002565039934382937
0.0025352597656069396
0.002504402130163953
0.0024729560003473915
0.002441446459963307
0.0024104273298782464
0.002380473132267027
0.002352170514008366
0.002326109261441932
0.0023028730483230925
0.0022830300660828706
0.0022671236902529115
0.0022556633390251987
0.0022491156793079375
0.0022478963322851136
0.002252362224410933
0.0022628047210445663
0.0022794436686780434
0.0023024224581004115
0.0023318042050892744
0.002367569127582574
0.0024096131790519067
0.00245774797729838
0.0025117020464744825
0.002571123368170994
0.0026355832152813495
0.0027045812204574884
0.002777551609691018
0.0028538705112736524
0.002932864231478396
0.0030138183711035152
0.0030959876418520486
0.003178606228663913
0.0032608985338190375
0.0033420901310880886
0.0034214187535733603
0.0034981451372568728
0.0035715635437022645
0.0036410117898345185
0.0037058806201846588
0.003765622267319688
0.0038197580592135103
0.0038678849478354484
0.003909680850977052
0.003944908719002288
0.003973419259451876
0.003995152274891483
0.004010136592674609
0.004018488588986541
0.004020409333230391
0.004016180402092459
0.004006158435071224
0.003990768524475533
0.003970496552516943
0.0039458806057908295
0.003917501612847293
0.0038859733634225586
0.0038519320780060744
0.0038160257035788642
0.0037789031154488685
0.0037412034060573304
0.0037035454394226917
0.0036665178445665697
0.0036306696129287087
0.003596501453576987
0.0035644580461588003
0.003534921315273937
0.0035082048315719905
0.0034845494247231668
0.0034641200718459665
0.0034470041023892777
0.003433210737269301
0.003422671956672978
0.003415244667781839
0.0034107141211610174
0.003408798503103198
0.003409154611201005
0.003411384502202415
0.0034150429851062722
0.0034196458187635494
0.00342467846220442
0.0034296052177017985
0.0034338786013460875
0.0034369487737258364
0.003438272864209461
0.0034373240262725695
0.0034336000682242745
0.0034266315134106554
0.0034159889563178435
0.003401289595716288
0.003382202842792796
0.003358454920780773
0.0033298323925615284
0.00329618457368627
0.0032574248098544718
0.0032135306196670083
0.003164542725033414
0.0031105630125405
0.003051751488985055
0.002988322312757627
0.002920538999486624
0.0028487089149952555
0.0027731771809121914
0.002694320127979614
0.002612538439039136
0.002528250127720515
0.0024418834999394867
0.0023538702434164763
0.0022646387856028976
