0.0046978786991607535
0.004108811748559893
0.0033943816069414703
0.002652801670615483
0.0019888805219552465
0.0014988542829941403
0.0012562139583121887
0.0013008784694581335
0.0016335291489721643
0.0022160636553609898
0.002978096980708994
0.00382841646633277
0.0046694669766881814
0.005412447668396394
0.0059905283943842815
0.006368051067134242
0.006544301641718646
0.00655139015115073
0.006446788385343266
0.006301968323505274
0.0061892047608723974
0.006168850117733382
0.006279225038491495
0.006530735874533317
0.006905035110508274
0.007359132909334558
0.007833512611433648
0.008262650846120505
0.008586002752632544
0.00875753318721694
0.008752236965103778
0.008568714808288894
0.008227631673159815
0.007766635342071785
0.00723291785778955
0.006674955559885526
0.006135011209331805
0.00564372927693867
0.005217664324873314
0.004859956444675466
0.004563732264915686
0.0043172874475178235
0.004109793170665603
0.00393621778725007
0.003800366620088718
0.003715368213670968
0.0037014853418239667
0.0037816933392125266
0.003975936753828793
0.004295258848372141
0.004737045376105207
0.00528242865312547
0.005896500475026249
0.006531460261294274
0.0071322770711817595
0.007643972696199109
0.00801932364523305
0.008225686817344853
0.008249790874276056
0.008099674888970353
0.007803434444654565
0.007404966773567864
0.006957397791241702
0.006515241994329488
0.006126532299486512
0.005826135580012508
0.005631251804976079
0.005539723897615951
0.005531328842114124
0.005571756128754124
0.0056185822705354296
0.00562827935393745
0.005563186562436194
0.005397433040040783
0.005121007644140395
0.004741483569624853
0.004283267996951577
0.0037846004733590546
0.0032928171423117036
0.002858593995593153
0.00252996250467646
0.0023468561707301163
0.0023368144652732427
0.002512270975636924
0.0028696206852084107
0.003390032073429333
0.004041772347469808
0.004783668860933021
0.005569246580697004
0.006351060552797024
0.007084776163329667
0.00773262602659026
0.00826597575534736
0.00866684698258418
0.008928361833693287
0.00905417814944133
0.009057071396659934
0.008956882150148678
0.008778084287180337
0.008547237665150262
0.008290571186566554
0.008031901124121341
0.007791030964357515
0.007582710444338886
0.0074161618943527794
0.0072951207233508866
0.007218291982783873
0.007180101834199447
0.0071716229596184965
0.007181573579174821
0.00719732374611113
0.007205880094520008
0.00719485053547565
0.007153404476791346
0.007073236849133484
0.006949515950471654
0.006781752245472778
0.006574479207790838
0.006337602330676269
0.006086262485844294
0.005840085033625847
0.005621749867861637
0.0054549147555331585
0.005361641128814412
0.005359587369049919
0.005459325841354799
0.005662184186201956
0.005958992627803526
0.006330031619265629
0.006746324942732699
0.00717223193057933
0.007569088275360584
0.007899462655179
0.008131469826763715
0.00824253619430904
0.008222064516422434
0.008072587524313658
0.007809216321374237
0.007457445126892268
0.007049627359146972
0.006620646176404917
0.006203428933170496
0.005824976464233793
0.005503489476164715
0.005246989617748074
0.005053583054497525
0.004913242288972157
0.0048107343459542415
0.004729142792694395
0.004653347983562355
0.004572857622080883
0.0044835117950324695
0.004387798322454706
0.004293767216420723
0.004212782337531191
0.00415655068292923
0.004133991142216284
0.004148526136731598
0.004196300425986711
0.004265668145701046
0.004338072324273075
0.004390209063445429
0.004397160351253213
0.004336028044516276
0.004189528371655162
0.003949018438378191
0.0036165162890062653
0.0032054248115966962
0.0027398504930033008
0.002252592005310563
0.0017820351795069748
0.0013683113671247803
0.0010491456838097055
0.000855839177497738
0.0008098005777719438
0.0009199790771799443
0.0011814606896209403
0.001575386779465688
0.0020702412998035297
0.002624437536636429
0.003190019024193316
0.0037171769842865633
0.004159185146830743
0.00447727284435497
0.004644912704942481
0.004651004886553497
0.004501507766030734
0.004219200736885836
0.003841463313310741
0.0034161986609586906
0.002996289468488561
0.002633211341105366
0.002370602156766762
0.0022386580428726227
0.002250173091226808
0.0023988548001593136
0.002660247252842721
0.002995218193698168
0.0033555709378456575
0.0036909927489416254
0.003956310789643232
0.004117943476083852
0.004158533008282135
0.004079017094537557
0.0038978057454463833
0.0036472070710474487
0.0033677126448504414
0.003101124611614557
0.0028837132446803445
0.0027405923472855697
0.0026822846244246696
0.0027040532749368117
0.002788067813821316
0.00290794323759262
0.0030347408218200935
0.00314323336281657
0.0032171763030688734
0.003252506880358272
0.0032577884635017662
0.0032517567817543845
0.0032584088555469544
0.0033005920938822568
0.0033933973059143076
0.0035387615295512835
0.003722515252197555
0.003914686041740114
0.004073268238980892
0.004150994817794675
0.004104029166079996
0.0039010519871729072
0.003531043465153972
0.003008197700992062
0.0023728424205156865
0.0016879026955059768
0.0010312282618561049
0.00048486023750542737
0.00012290524210480103
0.0
0.0001423222921525828
0.0005427304882823425
0.0011609527673542915
0.0019289108041247662
0.002760397029200113
0.003563582739655438
0.004254348891655898
0.004768289841413833
0.005069468774890558
0.005154561844228189
0.005051816664274358
0.004815129297619383
0.004514356313887973
0.004223582281130986
0.004009354647024776
0.003920831683032729
0.0039833848009947805
0.004196534926625996
