0.002106540313361698
0.0020023319722712782
0.0019016555829487608
0.0018061675328440573
0.001717443537680935
0.0016369563944058807
0.0015660552391520508
0.0015059466198615503
0.0014576776655212864
0.0014221216018027612
0.001399965826765377
0.0013917027207634354
0.0013976233224226476
0.0014178139582027055
0.0014521558673529964
0.0015003278177367085
0.0015618116617929696
0.00163590073657403
0.0017217109680674517
0.0018181944985979567
0.0019241556176678746
0.002038268741757454
0.0021590981579254023
0.0022851192200154195
0.0024147406652985422
0.0025463277037920105
0.0026782255225317763
0.0028087828428827316
0.002936375170597754
0.003059427385736444
0.0031764353325842857
0.0032859860881370613
0.003386776611209082
0.003477630502379109
0.0035575126373206803
0.003625541472021733
0.0036809988573715197
0.003723337241922419
0.003752184184624964
0.0037673441432664757
0.0037687975484841513
0.0037566972168395158
0.003731362198812229
0.0036932691980009376
0.0036430417356470997
0.003581437269211515
0.0035093325045771383
0.003427707168036565
0.003337626526134488
0.0032402229583410923
0.003136676899186243
0.0030281974727305403
0.002916003143025172
0.0028013026995488974
0.0026852768866301117
0.0025690609707782583
0.0024537285199600586
0.0023402766445415214
0.0022296129213281533
0.002122544190390857
0.0020197673797361882
0.0019218624759860506
0.0018292877207263052
0.0017423770727428513
0.0016613399366751593
0.0015862631193678612
0.0015171149370655868
0.0014537513602246204
0.0013959240487222378
0.0013432900991994917
0.0012954232986891125
0.0012518266550064347
0.0012119459549951406
0.0011751840869213184
0.0011409158533157095
0.0011085029955068292
0.0010773091510104713
0.001046714469800005
0.0010161296251463051
0.0009850089689718714
0.0009528626002172201
0.0009192671372015792
0.0008838750109405353
0.0008464221253677089
0.0008067337618539005
0.0007647286387434452
0.0007204210712231194
0.0006739212120748588
0.0006254333891043218
0.000575252589651843
0.0005237591759655587
0.0004714119467598113
0.00041873968944406803
0.00036633139378337777
0.0003148253206917749
0.00026489713907810043
0.00021724735884312172
0.00017258829902508008
0.00013163083654520744
9.507118293267222e-05
6.357793381038643e-05
3.7779628880790046e-05
1.8253048825466866e-05
5.512460162514481e-06
0.0
2.077370158131862e-06
1.2018984740312872e-05
3.0006687397959473e-05
5.6126124781134736e-05
9.036483155327362e-05
0.0001326120504516698
0.0001826602787846029
0.00024020850105977787
0.00030486703671488624
0.00037616390272676215
0.00045355256373596185
0.0005364209177242277
0.0006241013436587171
0.0007158816192483655
0.0008110165023598878
0.000908739758960034
0.0010082764138607796
0.0011088549981423134
0.0012097195689355085
0.0013101412832037286
0.001409429317140325
0.0015069409365865427
0.0016020905411995349
0.0016943575256221119
0.0017832928242285937
0.0018685240316979065
0.0019497590192080528
0.002026787994935181
0.0020994839872323983
0.0021678017588030755
0.002231775189812028
0.002291513196646032
0.002347194280409752
0.0023990598247200577
0.0024474062854725857
0.0024925764355767936
0.0025349498448198177
0.0025749327887148233
0.002612947790171125
0.0026494230039152593
0.0026847816556910768
0.00271943174634343
0.0027537562249895864
0.002788103825723638
0.002822780748872211
0.0028580433509815223
0.0028940919877871642
0.0029310661317748492
0.0029690408610097497
0.0030080247891616976
0.0030479594785846336
0.0030887203494462745
0.0031301190687870913
0.0031719073745595603
0.003213782261697154
0.0032553924306092112
0.0032963458736902534
0.003336218452932511
0.0033745633019591076
0.0034109208691218717
0.003444829405045412
0.003475835688397653
0.0035035057779099375
0.0035274355768692266
0.003547260998501116
0.003562667526822218
0.003573398977558072
0.0035792652774220444
0.003580149097187902
0.0035760111942573954
0.003566894343460348
0.003552925760213938
0.0035343179474521076
0.003511367926422986
0.0034844548410230512
0.0034540359552564007
0.0034206410931340615
0.0033848655993223074
0.0033473619265842556
0.0033088299820309215
0.0032700063879334343
0.0032316528339135153
0.0031945437153387407
0.0031594532673708
0.0031271424150777025
0.0030983455671185576
0.0030737575836048657
0.003054021147769343
0.0030397147660385475
0.0030313416120877584
0.00302931941760538
0.0030339715960271568
0.003045519765699828
0.003064077816140468
0.003089647635665907
0.003122116591116243
0.0031612568211660344
0.003206726374313904
0.003258072191594551
0.003314734902906287
0.003376055375133216
0.003441282920497544
0.003509585045320433
0.0035800585930884383
0.0036517421118719977
0.003723629255134024
0.0037946830071620974
0.0038638505100622965
0.003930078258709956
0.003992327423440702
0.004049589057693061
0.004100898949320916
0.004145351879848154
0.0041821150654367464
0.004210440566613642
0.004229676470615744
0.004239276670271177
0.0042388090862876815
0.0042279622052669805
0.00420654983326563
0.004174513993804294
0.004131925929388563
0.004078985196329152
0.00401601687341428
0.003943466935270609
0.0038618958705406584
0.003771970652813479
0.0036744551981091784
0.003570199466210151
0.0034601273838701764
0.003345223785583836
0.0032265205818851755
0.003105082375849175
0.0029819917554371068
0.002858334492469026
0.0027351848783009457
0.0026135914217745256
0.0024945631268034453
0.0023790565552347736
0.002267963865607317
0.002162102000408552
0.0020622031737429136
0.001968906788345437
0.0018827528860209312
0.0018041772093026836
0.0017335079248700597
0.0016709640315157048
0.001616655447690754
0.0015705847463528522
0.0015326504784591993
0.0015026520014237636
