0.004885773682443448
0.005489126483014231
0.00602260726352305
0.006414154036261524
0.0066172921667617965
0.006615775377151906
0.0064235369325806235
0.006080268046162282
0.005643592068898173
0.005179260155372149
0.004750994311034719
0.004411531461485092
0.0041961087277488885
0.004119145234416907
0.0041743131114411365
0.004337649253310766
0.004572927187421021
0.004838245916103788
0.005092725654743404
0.005302318317176806
0.005444001599348529
0.00550796736121295
0.005497768655428959
0.005428692961287432
0.00532483754709197
0.005215456263249632
0.005131130519643525
0.0051002166743150884
0.005145876170871399
0.005283844690582677
0.005520976423318958
0.005854529178132106
0.006272137905311348
0.006752444566210209
0.0072663864120230785
0.00777916451428801
0.008252896691660846
0.00864989258456607
0.00893637818196342
0.009086363054039811
0.00908521808015751
0.008932451267000575
0.008643166679564936
0.008247786132368711
0.007789805772965919
0.007321629434928365
0.006898827915841446
0.00657346568217867
0.006387358225386861
0.006366226295271166
0.006515667010775897
0.006819660613499837
0.00724199708837713
0.007730585895051235
0.008224169534191472
0.008660569813388884
0.008985321524480644
0.009159441789872902
0.00916516833006433
0.009008769084629952
0.00871994124718081
0.00834781743633626
0.007954103383286107
0.007604306087262096
0.007358305659694147
0.007261631769714316
0.00733870974651994
0.007589056817048069
0.007986979595770398
0.008484815517914326
0.009019250294571545
0.009519806579670317
0.009918299200442394
0.010157930956768504
0.010200774089029519
0.010032631291655264
0.009664656313195182
0.009131578739864804
0.008486852119746337
0.007795461611327556
0.007125429782467956
0.006539208154774425
0.006086121591302605
0.005796850877918017
0.005680626182519883
0.005725407927775851
0.005900909421013481
0.0061639266434784954
0.006465137969766748
0.006756360090905814
0.006997217572936185
0.007160302963258598
0.0072341521998445695
0.007223698648822116
0.007148248377162778
0.0070373838357626305
0.006925499931566987
0.006845862392104609
0.00682512652390049
0.006879158513602756
0.007010776620381156
0.0072097111100703215
0.0074547196322528615
0.007717446451732021
0.007967335592327141
0.008176745141515113
0.008325390119935314
0.008403368617925079
0.008412279880949091
0.008364281296506116
0.008279296056960896
0.008180911077461842
0.00809173708703277
0.008029096862246217
0.008001844301176418
0.008008905407584888
0.008039808545920396
0.008077093396605369
0.00810012539696862
0.008089563747431227
0.00803159122974684
0.007921043528911029
0.0077627737153450945
0.007570921104765149
0.0073661628444807465
0.007171434589836434
0.007006934235366823
0.006885403067006049
0.0068086709675106785
0.0067662502514719055
0.006736397462322765
0.006689597958347866
0.006593950033532357
0.006421525435850848
0.006154541864290183
0.005790153447326526
0.005342861863530822
0.004843945390708402
0.004337828565383129
0.0038758766964370178
0.0035085924094498152
0.0032775204729242067
0.003208265275027
0.003305867237860361
0.0035533928673778846
0.003914035675890068
0.004336402708711226
0.004762089392192825
0.005134232316627416
0.005405555665872073
0.005544528376847602
0.005538609694296445
0.005394114404869523
0.005132871212089372
0.00478645520432558
0.004389229790521223
0.003971644522969126
0.003555158880889413
0.0031498101966952806
0.002754882978166694
0.00236247613196252
0.0019631353228196403
0.0015522478290413413
0.0011356859364619115
0.0007332822168544962
0.00037911578671400575
0.00011821285722931219
0.0
6.95513031341577e-05
0.0003581995148449783
0.0008753245485938
0.0016030309391274616
0.002494985072078952
0.003479975485152479
0.00446991141502596
0.005371143153754067
0.006097331227607739
0.006581739428921016
0.006786854256925988
0.006709645171622973
0.0063815085461420736
0.005862854618108014
0.005233234768511474
0.00457869312691414
0.0039785148991718635
0.003493641248911968
0.0031587067312943847
0.0029789867873608795
0.002932643067851463
0.002977690603209397
0.0030622626149087086
0.00313617384645512
0.0031615876002764535
0.003120808996893528
0.003019812519823183
0.002886950894795724
0.0027672221622461217
0.0027133134038762664
0.002775232145202183
0.002990568456293952
0.003377261532501513
0.003930211933974718
0.00462229349424835
0.005409435347896614
0.006238640868526417
0.007057246106663031
0.007821506786319992
0.00850278082857593
0.009090104850507676
0.00958873903093373
0.010015116409590116
0.010389403362520398
0.010727398362405535
0.01103365650220958
0.01129749013340851
0.01149290437354566
0.011582696053716212
0.01152604231103594
0.011288114703593189
0.010849741751394491
0.010215020112535302
0.009415079151604597
0.008506887582447392
0.007566929280804876
0.006680589514683204
0.005928984304963716
0.005375554944154175
0.005054911957953
0.00496610316028019
0.005071744510473644
0.005303419157837015
0.005572608285009455
0.005785380784930844
0.00585833523068615
0.005733000924247283
0.0053861268347698355
0.004833984827660295
0.004129863843392822
0.0033551442516668376
0.0026054939801708117
0.001974607220300316
0.001538349200898008
0.0013420938922364253
0.0013934590849315736
0.0016616625794940425
0.002083525588536295
0.0025749561010026904
0.003045775428474086
0.0034151822303872623
0.0036250811194944036
0.003648944442862116
0.0034947381696019777
0.003201560571024702
0.002830804299179581
0.002453641617296827
0.002137267152231226
