7.602182991719368e-05
0.00010055896224081843
0.00012667234581569247
0.00015434106393437614
0.0001835395594228591
0.00021423762109889317
0.00024640038581701476
0.000279988356276274
0.00031495743471109876
0.00035125897252934006
0.0003888398359045254
0.00042764248727193493
0.0004676050826205101
0.0005086615844150011
0.0005507418899254058
0.0005937719746838376
0.0006376740507326819
0.000682366739272521
0.0007277652572639733
0.0007737816174845511
0.0008203248414900843
0.0008673011848803611
0.0009146143742206239
0.0009621658549245846
0.0010098550493608995
0.0010575796244036773
0.0011052357676088482
0.0011527184711621371
0.0011999218227111837
0.0012467393021641452
0.00129306408351001
0.001338789340691976
0.0013838085565447144
0.0014280158337891848
0.0014713062070650566
0.0015135759549706853
0.001554722911074118
0.0015946467728557877
0.001633249407544365
0.0016704351538117709
0.0017061111183015489
0.001740187465976643
0.0017725777032881244
0.0018031989531855116
0.0018319722210119144
0.0018588226503533575
0.0018836797679410936
0.0019064777167384973
0.0019271554763800715
0.0019456570701691443
0.001961931757882781
0.001975934213677204
0.001987624688434426
0.0019969691559407047
0.0020039394423396212
0.0020085133383569665
0.0020106746938508904
0.0020104134942988466
0.0020077259188924614
0.002002614379972411
0.0019950875435974834
0.001985160331104993
0.0019728539015834053
0.0019581956152422016
0.0019412189777283976
0.0019219635655035516
0.0019004749324592956
0.0018768044980131732
0.00185100941698965
0.0018231524316533478
0.0017933017063226228
0.001761530645051333
0.0017279176929248224
0.001692546121572555
0.0016555037995543002
0.001616882948329044
0.001576779884565754
0.0015352947496025298
0.0014925312269053839
0.0014485962484197378
0.0014035996907465426
0.0013576540621105992
0.0013108741811210377
0.0012633768483528592
0.001215280511803919
0.0011667049273035562
0.0011177708149672134
0.0010685995128057848
0.0010193126286090052
0.0009700316912288853
0.0009208778023920293
0.0008719712901686216
0.0008234313652208373
0.0007753757809446491
0.0007279204986062214
0.0006811793585575845
0.0006352637585959884
0.00059028234050735
0.000546340685806612
0.0005035410216567763
0.00046198193791376855
0.0004217581162066365
0.00038296007192151974
0.00034567390991396255
0.00030998109472728935
0.00027595823604528984
0.0002436768900554451
0.00021320337734458063
0.00018459861789235752
0.00015791798366958008
0.00013321116928814887
0.00011052208108779126
8.988874498175249e-05
7.134323331950952e-05
5.4911610959714396e-05
4.061390068096568e-05
2.8464067992131203e-05
1.8470025337788756e-05
1.0633655628376803e-05
4.95085495890845e-06
1.4115943149279903e-06
0.0
6.94452455597596e-07
3.4677030820906476e-06
8.287008608773468e-06
1.5114282501811323e-05
2.3906262841730122e-05
3.461469604695063e-05
4.718653576693153e-05
6.156415621807738e-05
7.768557918767511e-05
9.548471388613929e-05
0.00011489160878569069
0.0001358327145446149
0.00015823115708045563
0.0001820070198230504
0.0002070776341493595
0.00023335787697661135
0.0002607604744685242
0.0002891963107912968
0.0003185747408418133
0.00034880390586000416
0.0003797910508307669
0.00041144284257805044
0.00044366568745490874
0.0004763660475383079
0.000509450754246308
0.0005428273183079464
0.0005764042350324596
0.000610091283844677
0.0006437998210770057
0.0006774430650357154
0.0007109363723898064
0.0007441975049646785
0.0007771468860598969
0.0008097078454504527
0.000841806852273939
0.0008733737350517207
0.000904341888140487
0.000934648463961161
0.0009642345504049909
0.0009930453328714072
0.0010210302404488536
0.001048143075807951
0.0010743421284358798
0.0010995902709015927
0.0011238550379030026
0.0011471086879097003
0.0011693282472775009
0.0011904955367741242
0.0012105971805184959
0.001229624597398875
0.0012475739750975432
0.0012644462269115167
0.0012802469316196211
0.001294986256706101
0.0013086788653093534
0.001321343807321404
0.0013330043951189148
0.001343688064459878
0.001353426221131326
0.0013622540739823459
0.0013702104550231153
0.001377337627314529
0.0013836810814140848
0.0013892893211817955
0.0013942136397850492
0.0013985078867732575
0.0014022282271218061
0.0014054328931701098
0.0014081819304004506
0.0014105369380225676
0.0014125608053437413
0.0014143174449152448
0.0014158715234534824
0.00141728819153797
0.0014186328130884568
0.0014199706956199024
0.0014213668222669506
0.0014228855865586938
0.0014245905309102753
0.0014265440897800186
0.0014288073384196302
0.0014314397481204131
0.0014344989488307492
0.0014380404999891874
0.001442117670383658
0.0014467812278106088
0.0014520792392684653
0.0014580568823778337
0.0014647562686765057
0.0014722162793907628
0.0014804724142358221
0.0014895566537478184
0.0014994973355975483
0.0015103190452826118
0.0015220425215396979
0.0015346845767628486
0.001548258032656754
0.0015627716712967254
0.001578230201709174
0.0015946342420284036
0.001611980317227499
0.001630260872363331
0.0016494643012183487
0.001669574990165141
0.001690573377023968
0.0017124360246286365
0.0017351357087626862
0.0017586415200758119
0.0017829189795400102
0.0018079301669565295
0.0018336338619780576
0.001859985697066273
0.0018869383217629092
0.0019144415776128562
0.001942442683040988
0.001970886427450188
0.0019997153737767743
0.0020288700687112102
0.0020582892597666848
0.002087910118356139
0.00211766846801938
0.0021474990169263524
0.002177335593770439
0.00220711138615672
0.0022367591805846883
0.002266211603122787
0.0022954013598734625
0.002324261476332119
0.002352725534751362
0.0023807279086332754
0.0024082039934870706
0.0024350904330071995
0.0024613253398479305
0.002486848510194255
