0.005326144875723459
0.005325879900940772
0.005312250702089365
0.0052848482975321465
0.005243396520992211
0.0051877554273969066
0.0051179229149825815
0.005034034573028099
0.004936361791586895
0.004825308195372451
0.004701404488103375
0.004565301815751768
0.004417763776926209
0.004259657225771004
0.004091942027042943
0.003915659934258148
0.003731922769866879
0.003541900091255104
0.003346806527990117
0.0031478889741840318
0.0029464138152609123
0.002743654360950775
0.0025408786462163386
0.002339337749309275
0.0021402547615533467
0.0019448145270950787
0.00175415425310597
0.001569355072138662
0.0013914346189173948
0.001221340664167116
0.0010599458285371983
0.0009080433806231769
0.0007663441048822964
0.0006354742081987092
0.0005159742182727174
0.0004082988131393888
0.000312817509177726
0.00022981612511996374
0.00015949893193216002
0.00010199139308373446
5.734339667759405e-05
2.5532880147754577e-05
6.4697496745206445e-06
0.0
5.9099457890544015e-06
2.393048287539258e-05
5.374130642918145e-05
9.497502302390631e-05
0.00014722110448729545
0.00021002964299995626
0.000282914878853215
0.00036535848428974164
0.00045681259862676493
0.0005567026211126744
0.000664429778421587
0.0007793734930976611
0.0009008935874002953
0.0010283323636843316
0.001161016607523661
0.0012982595631395892
0.0014393629322561143
0.0015836189472447357
0.0017303125673573947
0.0018787238430358004
0.0020281304878288033
0.0021778106904857455
0.002327046191497828
0.0024751256389390656
0.0026213482281479622
0.0027650276188481955
0.0029054961120054215
0.003042109057342683
0.0031742494512785975
0.003301332674398084
0.0034228113076948427
0.0035381799580034264
0.003646980015512089
0.0037488042602352154
0.0038433012300152715
0.0039301792601729255
0.004009210104445513
0.004080232048422615
0.004143152430332839
0.004197949489744004
0.00424467347244978
0.004283446929425878
0.004314464159101375
0.004337989755118888
0.004354356236027468
0.004363960748707586
0.0043672608534843
0.004364769415535414
0.004357048644022846
0.004344703337033873
0.004328373406576889
0.004308725773199882
0.004286445733964591
0.004262227920207578
0.004236766972466361
0.004210748068888397
0.004184837450151511
0.004159673088223886
0.004135855648041136
0.00411393989028487
0.004094426659868491
0.004077755598479374
0.004064298710650902
0.0040543549014527055
0.004048145590152288
0.004045811488321815
0.004047410613090472
0.004052917586864709
0.004062224254180076
0.004075141624761925
0.004091403129733771
0.004110669155612404
0.004132532798668206
0.004156526760808127
0.004182131287752524
0.004208783031306264
0.00423588470032942
0.004262815349925293
0.004288941145681366
0.004313626429779338
0.004336244908645627
0.004356190777705725
0.004372889597843382
0.0043858087404017865
0.004394467222994107
0.004398444766953094
0.004397389918824397
0.00439102709272092
0.004379162407378722
0.004361688211111672
0.00433858620923151
0.004309929131522445
0.004275880901642232
0.0042366952954469295
0.004192713100767745
0.004144357816658766
0.004092129955134598
0.004036600032483675
0.003978400359946423
0.003918215764479781
0.0038567733891119887
0.0037948317386817874
0.0037331691502544206
0.003672571877961759
0.003613821989227492
0.0035576852731690595
0.003504899362335053
0.003456162265820013
0.00341212150524059
0.0033733640351621954
0.0033404071164975834
0.003313690295380227
0.0032935686213207763
0.0032803072174083466
0.003274077292286885
0.0032749536590237316
0.003282913800225702
0.00329783849230189
0.003319513975089657
0.0033476356266238395
0.0033818130771079385
0.0034215766715971437
0.0034663851679628743
0.0035156345357851434
0.003568667703284811
0.0036247850835917418
0.003683255698828235
0.0037433287108957535
0.0038042451616562166
0.003865249722503314
0.003925602254168896
0.0039845889819834675
0.0040415330996243625
0.004095804625493058
0.004146829350058159
0.004194096729519885
0.004237166600682012
0.004275674613598244
0.004309336301994101
0.004337949736222295
0.004361396729135547
0.004379642591286828
0.004392734457817081
0.004400798234790624
0.004404034237125788
0.004402711613198699
0.004397161672255347
0.0043877702495702916
0.004374969260500506
0.004359227607909641
0.0043410416176459425
0.004320925183667133
0.004299399807902657
0.00427698471997491
0.004254187258478612
0.0042314936887191375
0.004209360621775547
0.004188207186683639
0.00416840809168546
0.004150287692174029
0.004134115162530439
0.004120100846900452
0.004108393840515575
0.004099080828880379
0.0040921861874899405
0.004087673320181526
0.004085447190233866
0.004085357975365076
0.004087205756286097
0.0040907461288517705
0.004095696612491828
0.004101743712830676
0.0041085504845006825
0.004115764431345616
0.0041230255756666105
0.004129974525987495
0.004136260374049133
0.004141548256357822
0.004145526423518927
0.004147912671628727
0.004148460003957844
0.0041469614077655655
0.004143253650009385
0.004137220016587327
0.004128791942160471
0.004117949501108788
0.0041047207543090745
0.00408917997071178
0.004071444766649496
0.00405167222895532
0.004030054109838358
0.004006811201614037
0.003982187017406799
0.00395644091946094
0.003929840849385912
0.0039026558242544725
0.0038751483687522476
0.003847567056396154
0.00382013933211428
0.0037930647841967345
0.0037665090258409235
0.003740598335350287
0.0037154151896932946
0.0036909948088448045
0.003667322808428855
0.003644334036028896
0.0036219126425437033
0.003599893414600119
0.0035780643677732287
0.003556170573720077
0.0035339191678252424
0.00351098545811056
