0.0015920884984817775
0.0015874310964237
0.0015806591922914036
0.0015718132558884099
0.0015609386189199721
0.001548085295763725
0.001533307791398837
0.001516664897228503
0.0014982194755675275
0.0014780382336007575
0.001456191487649089
0.0014327529186076026
0.0014077993194450001
0.0013814103356748213
0.0013536681997268788
0.0013246574601618992
0.0012944647066834456
0.0012631782919088406
0.0012308880508649302
0.0011976850191752109
0.001163661150902019
0.0011289090370012332
0.0010935216253372892
0.001057591943193292
0.0010212128231947247
0.0009844766335457354
0.0009474750134543513
0.0009102986145973153
0.0008730368494466509
0.0008357776472486873
0.0007986072184122288
0.0007616098280259847
0.0007248675791863968
0.0006884602067758381
0.0006524648822878968
0.0006169560302513179
0.0005820051567573366
0.0005476806905467315
0.0005140478370632107
0.0004811684458288641
0.00044910089144555823
0.0004178999684735815
0.00038761680038567454
0.00035829876274107554
0.0003299894206705513
0.00030272848070976913
0.0002765517569649873
0.0002514911515421399
0.00022757464911810174
0.00020482632548149242
0.0001832663698199601
0.00016291112048169522
0.00014377311389110763
0.00012586114625236363
0.00010918034762995657
9.373226795287453e-05
7.951497444832198e-05
6.652315997258528e-05
5.474826167050934e-05
4.417858936146498e-05
3.479946301854534e-05
2.6593358679369945e-05
1.9540062101167923e-05
1.3616829450008609e-05
8.798554294133236e-06
5.057940154388411e-06
2.3656778508552483e-06
6.906268738893001e-07
0.0
2.5955036832975287e-07
1.433760231866945e-06
3.486030599042316e-06
6.378870985893244e-06
1.0074088506575548e-05
1.453297554054097e-05
1.9716495228201463e-05
2.5585464063229203e-05
3.2100730868755566e-05
3.9223351466538504e-05
4.691475837254391e-05
5.5136924879261944e-05
6.385252291428423e-05
7.302507409613125e-05
8.261909344186083e-05
9.260022521647652e-05
0.00010293537045147165
0.00011359280569876436
0.00012454229262671957
0.00013575517810668456
0.00014720448448134085
0.0001588649897500303
0.00017071329745082836
0.00018272789606438463
0.00019488920781020238
0.0002071796267519169
0.00021958354617408293
0.000232087375238785
0.00024467954497589084
0.0002573505037057537
0.00027009270203750624
0.00028290056762955197
0.0002957704699413175
0.0003087006752465935
0.0003216912922186897
0.00033474420843606994
0.00034786301819383827
0.00036105294204145694
0.0003743207385000528
0.0003876746084436732
0.0004011240926576257
0.0004146799631135548
0.00042835410852502614
0.00044215941476904964
0.00045610964077807525
0.0004702192905234796
0.0004845034817253445
0.0004989778119344297
0.0005136582226405587
0.0005285608620671295
0.0005437019473142193
0.0005590976265126742
0.0005747638416486729
0.0005907161927126372
0.0006069698038179409
0.0006235391919238013
0.0006404381387829589
0.0006576795667184481
0.0006752754188149009
0.0006932365440885544
0.0007115725881765302
0.0007302918900600961
0.0007494013853086732
0.0007689065163013693
0.0007888111498509743
0.0008091175026217944
0.0008298260746974826
0.0008509355916184119
0.0008724429551702215
0.0008943432031660601
0.0009166294784250379
0.0009392930071085384
0.0009623230865345381
0.000985707082548141
0.0010094304364842686
0.0010334766817160833
0.0010578274697404097
0.0010824626057093342
0.0011073600932754943
0.0011324961885774538
0.0011578454631512411
0.00118338087551464
0.0012090738511325197
0.0012348943704342957
0.001260811064518929
0.001286791318148621
0.0013128013795998424
0.0013388064769096109
0.0013647709400261283
0.0013906583283461707
0.0014164315630970294
0.0014420530639985291
0.001467484889620667
0.0014926888808349443
0.001517626806742457
0.0015422605124494181
0.0015665520680509981
0.0015904639181772598
0.0016139590314505825
0.0016370010492022906
0.0016595544327972344
0.00168158460891891
0.0017030581121741653
0.0017239427243857827
0.0017442076099530557
0.001763823446675001
0.0017827625514478434
0.001800999000267956
0.0018185087419933976
0.0018352697053414368
0.0018512618986259715
0.0018664675017673854
0.0018808709501380355
0.0018944590098390922
0.0019072208440387539
0.0019191480700378198
0.0019302348067659564
0.0019404777124507877
0.001949876012241825
0.0019584315156121954
0.001966148623402917
0.0019730343244169337
0.0019790981815131082
0.0019843523071936798
0.001988811328722197
0.00199249234285239
0.001995414860291738
0.001997600740066399
0.0019990741139965604
0.0019998613015329123
0.0019999907152457542
0.0019994927572979685
0.001998399707271611
0.0019967456017550298
0.0019945661061330534
0.0019918983790567103
0.0019887809301011496
0.0019852534711505406
0.0019813567620769234
0.0019771324513058663
0.001972622911885399
0.0019678710736959776
0.0019629202524578315
0.0019578139762083347
0.0019525958099354112
0.0019473091790638154
0.001941997192499155
0.0019367024659396968
0.001931466946168373
0.0019263317370369875
0.0019213369278511883
0.0019165214248586706
0.0019119227865340067
0.0019075770633416528
0.001903518642644105
0.0018997800994048043
0.001896392053315413
0.0018933830329544922
0.0018907793475595011
0.00188860496696652
0.0018868814102422546
0.0018856276435008329
0.0018848599873637708
0.0018845920344853792
0.001884834577527964
0.0018855955479315705
0.001886879965781891
0.0018886899010374424
0.0018910244463334232
0.001893879701534872
0.0018972487701661694
0.0019011217677975536
0.0019054858424225353
0.001910325206812926
0.0019156211827908542
0.0019213522573099343
0.0019274941501906638
0.0019340198933085052
0.0019408999209870876
0.0019481021713036693
0.001955592197969725
0.001963333292406332
0.001971286615592168
0.0019794113392215444
0.001987664795671125
0.0019960026362370476
0.0020043789970691154
