0.002838813154696693
0.0028497628763816856
0.0028607059675932016
0.0028715769369501687
0.0028823091854488507
0.0028928352401071996
0.0029030869929537353
0.0029129959444816837
0.00292249345066672
0.0029315109726276924
0.0029399803279942177
0.002947833943033127
0.0029550051045774766
0.0029614282107972407
0.0029670390198498907
0.0029717748954519495
0.002975575048419132
0.0029783807732330038
0.0029801356787060636
0.002980785911834775
0.002980280373951338
0.0029785709283097145
0.0029756125982696776
0.0029713637552741777
0.0029657862958501506
0.0029588458069008095
0.002950511718598373
0.0029407574442299363
0.0029295605063956245
0.0029169026490071196
0.0029027699345859103
0.0028871528264140735
0.0028700462551457385
0.0028514496695445216
0.002831367071070851
0.002809807032103077
0.0027867826976372845
0.002762311770372644
0.002736416479151647
0.002709123530787476
0.0026804640453738336
0.0026504734752354786
0.002619191507740373
0.002586661952256375
0.0025529326115966396
0.0025180551383580893
0.002482084876616202
0.0024450806894967337
0.002407104773200682
0.002368222458112427
0.0023285019976725654
0.0022880143457460703
0.0022468329232630145
0.002205033374952916
0.0021626933170346813
0.002119892076761936
0.0020767104247580758
0.002033230301106569
0.0019895345361896724
0.001945706567292753
0.0019018301520116478
0.0018579890795169726
0.0018142668807417813
0.0017707465385675594
0.0017275101990880874
0.0016846388850311716
0.0016422122124147322
0.0016003081115060554
0.0015590025531413763
0.001518369281447262
0.0014784795539855731
0.0014394018903202317
0.0014012018299765807
0.0013639417007329695
0.0013276803981493738
0.0012924731771995455
0.001258371456831424
0.0012254226382356066
0.001193669937553563
0.001163152233706325
0.0011339039319706325
0.0011059548438732518
0.0010793300839155523
0.0010540499835796835
0.0010301300230050154
0.0010075807806591498
0.0009864079012620183
0.0009666120821545544
0.0009481890782354469
0.0009311297255208124
0.0009154199833124371
0.0009010409948909206
0.0008879691665807342
0.0008761762649652297
0.0008656295319612135
0.0008562918173951252
0.0008481217286563419
0.0008410737969379658
0.0008350986595118577
0.0008301432574228927
0.0008261510479277184
0.000823062230945833
0.0008208139887358893
0.0008193407379578888
0.0008185743932326614
0.0008184446412637936
0.0008188792245442955
0.0008198042336308247
0.000821144406932471
0.0008228234369290228
0.00082476428170544
0.0008268894806650871
0.0008291214732641995
0.0008313829195941522
0.0008335970216264837
0.000835687843928339
0.000837580632653001
0.0008392021316116559
0.0008404808942383071
0.0008413475902700337
0.0008417353059792191
0.0008415798368133899
0.0008408199713213008
0.0008393977652713194
0.0008372588048994865
0.0008343524582601041
0.0008306321136909145
0.0008260554044480137
0.0008205844186121947
0.0008141858934185122
0.0008068313932141323
0.0007984974703059331
0.0007891658080185675
0.00077882334534562
0.0007674623826408853
0.0007550806678633492
0.000741681462958096
0.0007272735900255875
0.0007118714570036784
0.0006954950626596502
0.000678169980763648
0.0006599273233895222
0.0006408036833642726
0.0006208410559625428
0.0006000867400178091
0.0005785932186966854
0.0005564180202569081
0.0005336235591827511
0.0005102769581636422
0.00048644985145227383
0.00046221817020733534
0.0004376619104928558
0.0004128648846707494
0.00038791445698536996
0.00036290126419832825
0.0003379189221884523
0.0003130637194851873
0.00028843429875392195
0.00026413132729834394
0.00024025715768788338
0.00021691547965746048
0.00019421096446182247
0.0001722489028978273
0.00015113483823472342
0.0001309741953149329
0.0001118719071058062
9.393203999626207e-05
7.725741914115002e-05
6.194925516043483e-05
4.810677349999411e-05
3.582684775581442e-05
2.5203638253780674e-05
1.632823716305864e-05
9.28832140230677e-06
4.167814574678342e-06
1.0465591399398504e-06
0.0
1.0988806379286231e-06
4.408952910232942e-06
9.990701547871097e-06
1.7899084373425387e-05
2.818328919010609e-05
4.088650824311726e-05
5.60457310954149e-05
7.36915566984615e-05
9.384802537414343e-05
0.00011653247135710821
0.00014175539647737863
0.00016952036549162984
0.00019982392349809745
0.00023265553579510665
0.00026799755046677727
0.0003058251839020412
0.0003461065293747425
0.0003888025887338353
0.0004338673271735017
0.00048124775097398154
0.0005308840080251059
0.000582709510866287
0.000636651081899402
0.0006926291203547062
0.0007505577905151713
0.0008103452306313969
0.0008718937818880162
0.0009351002367134855
0.0009998561056584836
0.0010660479020040828
0.0011335574431998998
0.0012022621681742796
0.0012720354695039586
0.0013427470393794056
0.0014142632282545592
0.0014864474150259543
0.0015591603875465985
0.0016322607322444018
0.0017056052315837333
0.0017790492680816723
0.0018524472335682428
0.0019256529423619321
0.0019985200470185103
0.0020709024553025638
0.002142654747027228
0.0022136325894082437
0.002283693149583949
0.002352695502962879
0.0024205010360752646
0.0024869738426241228
0.002551981111455162
0.002615393505193091
0.002677085528324255
0.0027369358835420843
0.0027948278152127213
0.0028506494388625503
0.002904294055637759
0.002955660450737984
0.003004653174881196
0.0030511828079155157
0.00309516620375498
0.0031365267158803695
0.003175194402712909
0.0032111062122374533
0.0032442061453227724
0.0032744453972592138
0.0033017824771081764
0.003326183304533349
0.0033476212838600217
0.0033660773551859252
0.003381540022444598
0.0033940053583999866
0.0034034769866285565
0.0034099660406223826
0.0034134911002232007
0.003414078105672983
0.003411760249640975
0.0034065778476600247
0.0033985781874762712
