0.0004896832966630564
0.0004529364515919714
0.0004200531253492376
0.0003907642605514288
0.0003647971011020686
0.0003418818016877635
0.0003217576068099545
0.00030417848546146617
0.00028891812032385633
0.00027577416488480514
0.00026457169786361966
0.000255165821471687
0.00024744336798913935
0.00024132369756253583
0.00023675858866864952
0.0002337312409948411
0.0002322544282130259
0.00023236785494108216
0.0002341347877822873
0.00023763804442435816
0.00024297543711026626
0.0002502547771432958
0.00025958855527796146
0.0002710884187374751
0.000284859569092772
0.00030099520628884893
0.0003195711427085859
0.0003406407073658893
0.0003642300542070595
0.000390333980203157
0.00041891234860799687
0.00044988720064453695
0.0004831406252072015
0.000518513441197691
0.0005558047311378198
0.000594772248033006
0.0006351337004130353
0.0006765689033768009
0.0007187227666377612
0.0007612090743226428
0.0008036149959204053
0.0008455062535957454
0.0008864328583320615
0.0009259353162846764
0.0009635511975055792
0.0009988219520091
0.001031299853107911
0.001060554945143746
0.0010861818722079474
0.0011078064661915572
0.0011250919764787069
0.0011377448297148608
0.001145519816218053
0.001148224609594659
0.0011457235377764366
0.001137940536787488
0.0011248612328288675
0.001106534113464453
0.001083070764519503
0.0010546451654685194
0.0010214920522929852
0.0009839043727358182
0.0009422298742783919
0.0008968668797411346
0.0008482593189011838
0.0007968910966939215
0.0007432798892099622
0.0006879704676362351
0.0006315276573736833
0.0005745290446855277
0.0005175575463171873
0.00046119395854918657
0.00040600960110362926
0.00035255916826800924
0.0003013738946089661
0.00025295513584061655
0.00020776845693718004
0.0001662383096173363
0.00012874337008359285
9.561259560052519e-05
6.712204538521856e-05
4.3492497617250584e-05
2.4887880417240544e-05
1.1414520656944163e-05
3.1212007116190096e-06
0.0
1.9878856184671855e-06
8.969004786137796e-06
2.0777621376828715e-05
3.720162969688074e-05
5.7986571020672475e-05
8.284007233319134e-05
0.00011143662233281432
0.0001434225970649134
0.00017842144660036498
0.00021603895492041726
0.0002558684875643472
0.0002974961455507884
0.0003405057494786888
0.00038448358440413785
0.000429022843904542
0.0004737277204917988
0.00051821709901509
0.0005621278196833741
0.0006051174876131266
0.0006468668161406224
0.0006870815013058807
0.0007254936346995742
0.000761862671059277
0.0007959759754177366
0.0008276489820737545
0.0008567250040295107
0.0008830747366968893
0.0009065955035284611
0.0009272102937156616
0.0009448666431885532
0.0009595354098516076
0.0009712094923334794
0.0009799025385818496
0.0009856476864931374
0.0009884963735537322
0.0009885172463325687
0.0009857951937724161
0.0009804305207661125
0.000972538270673185
0.0009622476974406822
0.0009497018800522216
0.0009350574643535163
0.0009184845100979198
0.0009001664145189865
0.0008802998780511775
0.0008590948731486585
0.0008367745736370722
0.0008135751997897271
0.0007897457334346415
0.0007655474579279046
0.0007412532797949116
0.0007171467922334642
0.0006935210454468333
0.0006706769948525986
0.0006489216054839323
0.0006285655992232517
0.000609920840715035
0.0005932973677018833
0.0005790000819010709
0.0005673251271570397
0.0005585559922254033
0.0005529593859157713
0.0005507809421923299
0.0005522408219537161
0.0005575292863479945
0.0005668023233985234
0.0005801774152160571
0.0005977295369689649
0.0006194874809229273
0.0006454305991220207
0.0006754860565783808
0.0007095266831195645
0.0007473695063031677
0.0007887750400806387
0.0008334473942514159
0.0008810352583106917
0.0009311338002152893
0.0009832875060664442
0.0010369939709643722
0.001091708634587786
0.001146850437678945
0.001201808357881279
0.0012559487656072434
0.0013086235231463724
0.0013591787333982039
0.0014069640287714034
0.0014513422762598754
0.0014916995618049673
0.0015274553060746947
0.0015580723550036781
0.0015830668820755608
0.0016020179355892216
0.0016145764631846176
0.0016204736478202838
0.0016195283942499095
0.001611653812844892
0.001596862558306102
0.0015752708942996351
0.0015471013711844364
0.001512684022568996
0.001472456007186352
0.0014269596452125169
0.0013768388223341752
0.0013228337602221422
0.001265774178183973
0.0012065708972251793
0.0011462059641016728
0.001085721398745492
0.0010262066932410275
0.0009687852138765272
0.0009145996792683011
0.0008647969067482621
0.0008205120357464454
0.0007828524504532542
0.0007528816343209213
0.0007316031957193766
0.000719945307113516
0.0007187457993511116
0.0007287381479801913
0.000750538579953929
0.0007846345166970111
0.0008313745534336412
0.0008909601551112098
0.0009634392264546508
0.0010487016879724125
0.0011464771614775856
0.001256334838306518
0.0013776855713741078
0.0015097861989956463
0.0016517460745519986
0.0018025357421183315
0.001960997664666183
0.0021258588789329867
0.0022957454200722566
0.002469198330272248
0.00264469103915438
0.002820647880391404
0.0029954634890321068
0.0031675228078446357
0.003335221418895802
0.0034969859088079145
0.003651293972845603
0.0037966939642810776
0.00393182360138833
0.004055427554872397
0.00416637365342061
0.004263667464165257
0.004346465027899019
0.004414083555544674
0.004466009922246416
0.004501906828064339
0.0045216165291092686
0.004525162079506101
0.004512746062242007
0.004484746825141887
0.004441712276305181
0.00438435133072242
0.00431352313586119
0.004230224238183044
0.004135573884266788
0.004030797678949726
0.003917209848182347
0.003796194375705715
0.0036691852998473507
0.0035376464694024364
0.0034030510655078047
0.0032668611994887903
0.0031305078948056834
0.002995371754470239
0.0028627646037478974
