0.007836123243176382
0.0076154909402273135
0.007359521367597394
0.007094322058831658
0.006845597769244468
0.006634973276680965
0.0064770679704420735
0.006377693254197972
0.006333343326592121
0.006331942659169502
0.0063546354463531445
0.006378280370424991
0.00637826171948297
0.006331244039669306
0.006217568042431931
0.00602308783665741
0.005740358357634673
0.005369174835279813
0.004916528692068804
0.004396071926755417
0.003827180315658811
0.0032336874842586382
0.0026423429459853055
0.0020810416194567637
0.0015768881174293274
0.001154195690031533
0.0008325678224412087
0.0006252543913307452
0.0005379959249954217
0.0005685535914603185
0.0007070612385374443
0.0009372319774069221
0.0012383197108821581
0.0015875993414524048
0.001963016731646815
0.0023455981838470578
0.0027212189581903093
0.003081417919173644
0.003423101764475275
0.0037471830049531853
0.004056404858828843
0.00435278236499281
0.004635194282185134
0.0048976679045562
0.005128799525164727
0.0053125583535915824
0.005430462493714545
0.005464838219130525
0.0054026309673953785
0.0052390775287693425
0.004980509885000335
0.00464565712111077
0.0042650328922361974
0.0038783079564451836
0.003529917399305158
0.003263478023191385
0.003115832565093085
0.0031116469386358895
0.003259440155007912
0.0035497272923565963
0.003955634956908531
0.004435959791458751
0.004940250476241189
0.0054151700430436905
0.00581119447954197
0.0060886600755533545
0.006222292216855298
0.006203609650961946
0.0060409530790945425
0.005757271810900877
0.0053861496080077915
0.004966801548531057
0.004538887629177127
0.004137951743166569
0.003792120408872808
0.0035204224914476504
0.003332774071059474
0.003231372196635265
0.0032130122086703
0.0032717241907768047
0.0034011306339464106
0.0035960503390785456
0.0038530816007457014
0.004170144423655997
0.004545195270865566
0.004974502173335988
0.005450950725758751
0.005962830427099806
0.0064934355475275
0.007021633579072678
0.007523347934098271
0.007973713830269253
0.008349535311197837
0.008631621619825783
0.008806619062903207
0.00886806773483315
0.008816573285886448
0.008659155746254511
0.008407983031046607
0.008078786385236701
0.007689272624158559
0.007257794330616792
0.006802431057485107
0.006340500819369963
0.005888395578360358
0.005461548088140114
0.005074311457049922
0.004739573397015346
0.004468024285571106
0.004267127710332199
0.004139971258224533
0.0040842699808037244
0.004091828016856121
0.004148721443039611
0.004236350805189097
0.004333345318605817
0.004418116082260557
0.004471692913590946
0.0044803765212960795
0.004437722076518391
0.004345452175963547
0.004213066979631526
0.004056148210851212
0.003893599115475697
0.0037442761301600684
0.003623605682857212
0.003540810233766091
0.003497280337149907
0.003486436032824814
0.003495154394439465
0.003506549032800295
0.003503626440628513
0.0034731635927879884
0.0034090872917021814
0.0033147030374909778
0.0032033098059424735
0.003097014197191136
0.0030238732849814844
0.0030137929684197905
0.003093833825085191
0.003283688926504513
0.0035920782361249116
0.004014656784528213
0.004533786523581313
0.005120219673090887
0.005736438108498335
0.00634114087537645
0.006894211063758807
0.0073614466342835135
0.0077184085099072375
0.00795290406760226
0.008065850326040944
0.008070506010541927
0.007990283473458988
0.00785551701696991
0.007699654528064597
0.007555351785732957
0.007450895402694662
0.007407283418665479
0.007436178254440919
0.007538838552494154
0.007706049911276722
0.00791901455310758
0.008151121164635643
0.00837048612192599
0.008543121872137488
0.00863653714625965
0.008623505302558326
0.008485660725124517
0.008216518076431974
0.007823480426322804
0.007328434291190513
0.006766638783132158
0.006183804203291297
0.005631505993287228
0.0051613583118308845
0.004818629419205218
0.0046361652609580575
0.0046295506727411315
0.004794348855586585
0.005106014221017647
0.0055226964508937855
0.005990698360345301
0.006451891721231522
0.00685201695454019
0.00714857088027094
0.007316975317010668
0.007353937102843162
0.007277334485608915
0.007122532943814838
0.006935651308107348
0.0067648571167920335
0.006651163403016986
0.00662034705860266
0.006677472173299032
0.00680509170248558
0.00696558006096981
0.007107322242847959
0.007173780448351963
0.0071139066404385075
0.0068920754472296996
0.006495738861677605
0.005939357507997685
0.005263787953344286
0.004531095002650724
0.003815572151934627
0.0031924443240911324
0.0027261659563547333
0.0024603295708887367
0.002410940880740024
0.002564238334115972
0.002879439485598392
0.0032959269619291017
0.0037436016395141205
0.0041545743356412495
0.004474142741356349
0.004669149212343999
0.004732309592419755
0.0046818509708841235
0.004556657131237744
0.0044079332327623
0.004289014209547938
0.004245241101185725
0.004305762795687906
0.004478704573039891
0.004750463517083613
0.005089079131133057
0.005450844600184911
0.005788722667695611
0.006060826033841067
0.006237272115674267
0.006304111882991552
0.006263680298570287
0.006131487887432912
0.005930510199415107
0.005684282109487103
0.0054104521233326605
0.005116344225044749
0.0047976300562766324
0.004440520914078359
0.004027088692547742
0.003542584076560125
0.002983097364327286
0.002361719957341965
0.0017115650013068435
0.001084568259073992
0.0005458145778952164
0.00016406397124979575
0.0
9.431630422824903e-05
0.0004579633046634555
0.0010666361817134435
0.001860922738039372
0.002752554509751607
0.0036360902330097407
0.004404314516530133
