0.0016381522284552043
0.0017338584985538608
0.001822954329495024
0.0019042413057860986
0.001976627763082635
0.0020391428535074764
0.002090948922362197
0.002131352014309483
0.0021598103550654274
0.0021759406850876397
0.0021795223541987295
0.0021704991200307815
0.002148978628074151
0.002115229586405366
0.0020696766832881217
0.00201289333022347
0.001945592346116489
0.0018686147294929188
0.0017829166946354124
0.001689555173647639
0.0015896720093731289
0.001484477083424655
0.0013752306390079532
0.0012632250695034956
0.001149766450722936
0.001036156097275
0.0009236724215244368
0.0008135533672463501
0.0007069796793791486
0.0006050592564460044
0.000508812813499037
0.0004191610611581078
0.0003369135808417214
0.0002627595480478755
0.00019726042500979135
0.00014084471173458402
9.38048108698093e-05
5.62960275908794e-05
2.8337691328935962e-05
9.816352231882498e-06
4.909723297721619e-07
0.0
7.87018701052587e-06
2.35269806372518e-05
4.630629953696454e-05
7.546748159088183e-05
0.00011020717513889142
0.0001496739321609384
0.00019298325322235962
0.00023923282950625516
0.00028751772705798775
0.0003369452624411985
0.00038664932725569865
0.0004358039312288534
0.0004836357496299827
0.0005294354802747375
0.0005725678380284914
0.0006124800400778396
0.0006487086628661231
0.0006808847809948191
0.0007087373290616849
0.0007320946588039005
0.0007508842954952555
0.0007651309287655754
0.0007749527033320359
0.0007805559040378566
0.0007822281565935533
0.0007803302900542132
0.0007752870289314982
0.0007675767015696204
0.0007577201667051558
0.0007462691717376759
0.0007337943639832438
0.0007208731799558383
0.0007080778374825721
0.0006959636512372501
0.0006850578841729316
0.0006758493355149929
0.0006687788506728824
0.0006642309199328828
0.0006625265114515465
0.0006639172602745279
0.0006685811092936124
0.0006766194706950944
0.0006880559480389838
0.0007028366301513397
0.000720831939028772
0.0007418399854603613
0.000765591358572764
0.0007917552494837419
0.0008199467851645102
0.0008497354268824514
0.0008806542685996938
0.0009122100547668974
0.000943893724346462
0.0009751912788367413
0.0010055947666960344
0.0010346131749640003
0.0010617830210628335
0.001086678443678327
0.0011089206011529766
0.0011281861987867876
0.0011442149825938615
0.0011568160561053714
0.0011658728983934994
0.0011713469852236277
0.001173279940693867
0.00117179417343355
0.0011670919789259534
0.0011594531173037066
0.0011492309035427552
0.0011368468738624186
0.0011227841178488604
0.0011075793899033804
0.001091814135651758
0.001076104588550401
0.001061091108747763
0.0010474269500138525
0.0010357666510006892
0.0010267542540650472
0.001021011558257149
0.0010191266128041017
0.0010216426535085356
0.0010290476770190792
0.00104176483705027
0.0010601438325356226
0.0010844534406451154
0.0011148753278950078
0.0011514992505770277
0.0011943197318282318
0.0012432342772770767
0.0012980431647849028
0.0013584508168209817
0.001424068736937735
0.0014944199651246211
0.0015689449809798322
0.0016470089590969823
0.0017279102582435269
0.0018108900052002668
0.0018951426158907065
0.0019798270809628917
0.002064078830553247
0.0021470219837652345
0.002227781782581168
0.0023054970075790885
0.0023793321739722225
0.002448489311089209
0.0025122191363709974
0.0025698314461188266
0.0026207045593751484
0.002664293668192407
0.0027001379668335386
0.002727866453802176
0.0027472023236349433
0.0027579658896905225
0.0027600760043081326
0.002753549968237304
0.0027385019467127754
0.002715139934518265
0.0026837613364176878
0.0026447472520182884
0.002598555575080012
0.0025457130361451665
0.0024868063338175424
0.0024224725138007274
0.002353388765690901
0.0022802618153419754
0.0022038170952686704
0.00212478787697076
0.0020439045472522327
0.001961884205632692
0.0018794207519209996
0.0017971756221127587
0.0017157693172032218
0.001635773853541348
0.0015577062452951957
0.001482023109795082
0.001409116465338504
0.0013393107688720338
0.0012728612182158771
0.00120995332058047
0.0011507037064542938
0.0010951621459235016
0.0010433147035072362
0.0009950879480260994
0.0009503541162051319
0.0009089371129521497
0.0008706192178133542
0.0008351483562122587
0.000802245785898731
0.0007716140436951292
0.0007429449951964598
0.0007159278305775475
0.0006902568530459535
0.0006656389126649138
0.0006418003471168793
0.0006184933022974108
0.0005955013191903434
0.0005726440890080227
0.0005497812957802877
0.0005268154841100159
0.000503693909326844
0.00048040934739372663
0.00045699986227482796
0.0004335475486777331
0.0004101762877634625
0.00038704857221198057
0.0003643614745957027
0.0003423418490303041
0.000321240870253957
0.0003013280263811653
0.0002828846913744689
0.00026619741060947993
0.0002515510376551557
0.00023922186248057152
0.00022947087070948244
0.00022253727030260438
0.00021863241623197496
0.00021793425544595056
0.00022058240387675516
0.0002266739546254318
0.00023626010201954176
0.0002493436502571417
0.0002658774581342496
0.00028576385323089877
0.0003088550302469031
0.0003349544292854665
0.0003638190711353962
0.0003951628083512875
0.0004286604335151029
0.0004639525698042243
0.0005006512541895812
0.0005383461105136027
0.0005766109985888264
0.0006150110165140219
0.0006531097267841562
0.0006904764725885139
0.0007266936490167256
0.0007613637947477554
0.0007941163731570416
0.0008246141175710595
0.0008525588235102533
0.0008776964810322126
0.000899821652519186
0.0009187810152137954
0.000934476003229914
0.0009468645003610517
0.0009559615524652983
0.0009618390861978229
0.000964624639054458
0.0009644991237461349
0.0009616936675105695
0.0009564855837613116
0.0009491935491680095
0.0009401720735692361
0.0009298053627818195
