0.005557166890324568
0.005474486903613083
0.005387548145589004
0.005297241668087928
0.005204499108496146
0.005110277908215752
0.005015545881585912
0.004921265409691634
0.004828377542868442
0.004737786299950654
0.004650343451309714
0.004566834066479311
0.004487963095752576
0.004414343238743864
0.00434648433180474
0.004284784460727579
0.004229522975797649
0.004180855553474586
0.004138811413368982
0.004103292761354836
0.00407407649029127
0.004050818129615073
0.004033057994724812
0.004020229447328517
0.004011669139483304
0.004006629077609595
0.0040042903089749
0.0040037780026275895
0.004004177670079626
0.004004552248682475
0.004003959753031721
0.004001471187209854
0.003996188403481701
0.003987261591347887
0.00397390608469749
0.003955418184143047
0.00393118970633364
0.0039007209918942775
0.003863632128310664
0.0038196721731602605
0.003768726196097331
0.003710819994375064
0.003646122375814539
0.003574944944341245
0.003497739365798887
0.003415092134985722
0.0033277169079944974
0.003236444506227461
0.0031422107391689052
0.0030460422314209055
0.002949040474972422
0.0028523643595562667
0.002757211461691351
0.0026647983961178095
0.002576340551397576
0.002493031544146079
0.0024160227334469376
0.0023464031383417855
0.002285180096840698
0.0022332609947236398
0.002191436376656058
0.0021603647310746267
0.002140559214255121
0.002132376548382383
0.002136008293808945
0.002151474657590118
0.0021786209594548927
0.0022171168332976643
0.0022664581977767466
0.002325971984426972
0.0023948235665925497
0.0024720267882185364
0.0025564564488462075
0.002646863060754312
0.0027418896567500796
0.002840090393266575
0.0029399506637304593
0.0030399084121203786
0.003138376316655652
0.00323376449896694
0.003324503405142858
0.003409066501862106
0.0034859924334552186
0.0035539062941415105
0.003611539683706472
0.003657749234280615
0.003691533320320517
0.003712046692961615
0.003718612813118655
0.0037107336944947776
0.0036880971074073803
0.0036505810363841895
0.00359825532812692
0.003531380510959128
0.003450403811534759
0.0033559524386506637
0.0032488242467599952
0.003129975932529035
0.00300050895586044
0.0028616534116113583
0.002714750109214026
0.002561231144075083
0.002402599266577855
0.0022404063714111188
0.002076231441555907
0.0019116582874259894
0.0017482534223171532
0.0015875444105057875
0.0014309990141706135
0.0012800054500024716
0.0011358540462089299
0.000999720565985543
0.0008726514348556137
0.000755551077082342
0.0006491715311901076
0.0005541044771001026
0.0004707757681262524
0.0003994425207505645
0.00034019277437293645
0.0002929476927791895
0.00025746623955127555
0.0002333522216900509
0.00022006355993624532
0.00021692361121796464
0.0002231343388296946
0.00023779109980503858
0.0002598987968626511
0.0002883891245886805
0.0003221386263993213
0.00035998727045364817
0.0004007572491279911
0.00044327170790559815
0.00048637311548580886
0.0005289409974043565
0.000569908770236321
0.0006082794322126248
0.0006431398884454123
0.0006736737144969547
0.0006991721902658132
0.0007190434665886314
0.0007328197590247714
0.0007401624964439102
0.0007408653857049244
0.0007348553873310544
0.0007221916300953414
0.0007030623242967817
0.0006777797637256833
0.0006467735344187291
0.0006105820738677987
0.0005698427470008879
0.0005252806246851776
0.00047769616645992885
0.0004279520215033834
0.00037695917035379493
0.0003256626345875843
0.0002750269825231256
0.00022602185614694573
0.00017960773799443686
0.00013672216686161668
9.826659823499893e-05
6.509408950808098e-05
3.799797175231025e-05
1.7701649409032367e-05
4.849647175491495e-06
0.0
3.6180579174546236e-06
1.607175288740291e-05
3.762835027890446e-05
6.845268360144074e-05
0.00010860684791151555
0.0001580513054039636
0.00021664733636644158
0.00028416075023602466
0.0003602667552059227
0.0004445558708983826
0.0005365407572063751
0.000635663823620181
0.0007413054772512293
0.0008527928643478301
0.0009694089593190692
0.0010904018570487544
0.0012149941284499675
0.001342392105601412
0.0014717949712007026
0.0016024035372187383
0.0017334286092679507
0.0018640988460135953
0.001993668036654483
0.0021214217337665936
0.002246683193328358
0.0023688185882259957
0.0024872414756799783
0.0026014165125667283
0.002710862425284852
0.0028151542524124
0.002913924888732632
0.003006865968118939
0.003093728130150251
0.0031743207211004185
0.003248510984074632
0.0033162227955555066
0.0033774350065145535
0.0034321794456196857
0.0034805386400389455
0.0035226433060479827
0.0035586696572629784
0.003588836573032848
0.003613402663542807
0.003632663261724966
0.003646947365365946
0.0036566145460732798
0.0036620518352317487
0.003663670590959723
0.0036619033445586644
0.0036572006202122615
0.003650027717886616
0.0036408614466326783
0.003630186793890248
0.0036184935159990824
0.0036062726359622605
0.003594012836571443
0.0035821967402475015
0.0035712970712958713
0.00356177270161266
0.003554064587064765
0.0035485916086383995
0.003545746339815073
0.0035458907692845648
0.0035493520158185804
0.0035564180796763593
0.003567333682061067
0.0035822962506625753
0.003601452114985232
0.0036248929797591286
0.0036526527480796635
0.003684704767845503
0.003720959575430767
0.0037612632092257066
0.0038053961626397684
0.003853073041347031
0.0039039429829716963
0.003957590889106131
0.004013539509611329
0.004071252407695433
0.004130137821463195
0.004189553423676912
0.004248811966598825
0.00430718778325501
0.004363924100554792
0.004418241103718335
0.00446934467572184
0.004516435720284842
0.0045587199626170565
0.004595418109026246
0.0046257762348643795
0.004649076260437187
