0.002672908218495274
0.002175186462547201
0.0018692818003457888
0.001774653253802988
0.001882964359286877
0.0021618803928413343
0.002562295277893557
0.0030275234112596893
0.003502765763802885
0.003943244077506866
0.004319755865455363
0.0046209532380096854
0.004852278373945077
0.005032079160062147
0.005185877135831841
0.0053399968441753395
0.005515765368920638
0.005725273085857501
0.0059693097454500505
0.006237636856026787
0.006511318057444024
0.006766483559005988
0.006978708008237455
0.007127155622248981
0.0071977798930772914
0.0071851164160629125
0.007092516566973252
0.006930971772488279
0.006716915806869731
0.006469527162367213
0.006208070699467322
0.00594972799334934
0.005708199914998339
0.005493165961480293
0.0053104977022638885
0.005162986012289634
0.005051276532715447
0.004974720082365413
0.004931922319387858
0.004920894675264582
0.0049388351041570475
0.004981672441255319
0.005043569893009735
0.005116591190946009
0.005190690260474099
0.005254106245382375
0.005294151757658351
0.005298296109351465
0.005255385857013231
0.005156823029520625
0.004997537823539371
0.0047766390634733525
0.004497687758091357
0.00416859999487441
0.0038012309330007705
0.003410713472712402
0.003014622726647783
0.0026320175192540442
0.002282384635538116
0.001984493576021777
0.0017551695298041177
0.0016080144231175979
0.0015521466938897572
0.0015910789580381168
0.0017218931982807629
0.0019348889752854059
0.0022138587468142085
0.0025370808853123978
0.002879020861196468
0.003212609991383955
0.0035118524791821594
0.003754421489709252
0.003923867114895946
0.004011088068146273
0.00401481673722072
0.00394102119966338
0.003801312249246066
0.0036106240218251404
0.003384577091496854
0.003137002169647302
0.002878082479562746
0.0026134623076331884
0.0023444853717911394
0.0020695026345891954
0.0017859681050332924
0.001492867706607638
0.0011929376489971566
0.0008941467068695115
0.0006100426008318551
0.00035877582851877223
0.00016087591857071861
3.611499913579825e-05
0.0
6.054468206951463e-05
0.00021596056960396974
0.00045376954504613466
0.0007516024906370532
0.0010796506642750709
0.0014044348777694552
0.0016933094261865882
0.0019189713008291337
0.0020632298860051267
0.002119412635201607
0.0020930166848956207
0.0020005214977068175
0.0018665962636053599
0.001720208212938272
0.0015903136163699055
0.0015018604807708756
0.0014727443280694308
0.0015121557074220821
0.0016204820499209171
0.001790632470442995
0.0020103998251873316
0.002265308166916017
0.0025413452674383366
0.002827054131542796
0.003114634311067643
0.0033999426903771573
0.0036815318294781746
0.003959068861809177
0.004231596835926254
0.004496110154670141
0.004746817392593653
0.00497528289275668
0.005171415908655214
0.005325064126479409
0.005427816038595556
0.005474559311902975
0.005464394132706297
0.005400650928292421
0.005289977562904392
0.0051406930743120366
0.004960799138341602
0.004756149453860313
0.004529271479112166
0.004279209610508519
0.004002536027010848
0.003695400177339589
0.003356219599651993
0.002988414630547706
0.0026025074150384632
0.002216968596081408
0.0018574005609965577
0.0015539608523271755
0.0013372946981747942
0.0012335885973594409
0.001259604577366626
0.0014186493115397074
0.0016983436627746873
0.002070791608855027
0.002495344065372232
0.0029236834803730233
0.0033065066367098375
0.003600743531554248
0.003776090233261464
0.003819692525504341
0.003738093922015172
0.00355601366380132
0.0033120701240046376
0.0030521139790501066
0.002821281830700402
0.002656139090682632
0.0025782980071693312
0.0025906633413543614
0.0026770112306096147
0.002805023313976357
0.0029322819983444897
0.0030141953524321103
0.0030124602942951497
0.002902558042195342
0.0026789297752123605
0.002356877911707073
0.001970809722473871
0.001569083593195956
0.001206319122864822
0.0009344828826990917
0.0007942816277278163
0.0008083452307878934
0.0009773722444866664
0.0012798978493277048
0.0016757189710506566
0.0021123854534997417
0.002533649030841878
0.002888442238812189
0.0031388896912263034
0.0032660416022909566
0.0032724259555262343
0.0031810657306867397
0.003031202515312358
0.0028715042531512664
0.0027519231160697526
0.002715548930000998
0.002791752348032344
0.0029916491189344164
0.0033064971675067
0.003709140922460244
0.004158130587538434
0.004603748969882269
0.004994935133873455
0.005286032226787757
0.005442402368906824
0.0054442100114097825
0.005288020074787901
0.004986221812671575
0.004564609857020558
0.004058680698432935
0.003509308429634991
0.0029584455033107773
0.0024453731325382476
0.0020038391142016944
0.0016602133051254742
0.0014326057366412961
0.0013307619966228664
0.0013564916711202623
0.0015043972781595845
0.001762736652500005
0.002114344250735936
0.0025376261480422393
0.0030077032874353555
0.003497791205151439
0.003980868331563802
0.004431608537580347
0.00482845673783792
0.005155634423192187
0.005404799879204356
0.005576074417922446
0.005678189936158687
0.005727611302203074
0.005746625049259077
0.005760540991184544
0.005794299336205852
0.005868887611264435
0.0059980299463339454
0.0061856056096263635
0.006424183893302861
0.006694937830844712
0.006969036474970258
0.007210435580809891
0.00737981155012691
0.007439233601433031
0.0073570607140057784
0.007112494464904721
0.0066992228587545305
0.006127655198141978
0.00542537094608044
0.004635578881491911
0.0038135944164326752
0.0030215754622820506
0.002321988377106311
0.001770478705364789
0.0014089677861895073
0.0012598581541951098
0.0013221859889437277
0.0015703964613743224
0.0019561417959399795
