0.0032380661978120835
0.0032124601563357615
0.00318376099544962
0.0031520640514076568
0.003117521280879222
0.0030803440395610854
0.0030408049255721734
0.0029992386032356047
0.0029560415396294518
0.002911670604852974
0.0028666405069879978
0.0028215200538805317
0.002776927255743559
0.002733523304785311
0.002692005490182503
0.0026530991283239508
0.0026175486089281266
0.0025861076769809316
0.0025595290880577244
0.002538553790123377
0.0025238997980157377
0.0025162509372213663
0.00251624564100351
0.0025244659892479575
0.0025414271784147346
0.0025675676096433065
0.0026032397763376576
0.0026487021234986525
0.0027041120387798195
0.0027695201198850174
0.002844865844726715
0.0029299747500009686
0.0030245572008392994
0.0031282088093430365
0.0032404125335055616
0.0033605424607269056
0.003487869252291574
0.0036215671972983487
0.0037607227970904724
0.0039043447747248573
0.004051375378917234
0.004200702828664496
0.004351174723805543
0.004501612228531292
0.004650824819642959
0.004797625379484598
0.004940845405184584
0.005079350101313074
0.005212053122415596
0.005337930735166578
0.005456035177080817
0.005565506999737265
0.005665586199150705
0.005755621954050138
0.005835080814102531
0.005903553204213674
0.005960758137549323
0.00600654605840842
0.006040899766068029
0.006063933401698355
0.006075889511887496
0.006077134233679237
0.006068150676771692
0.00604953060811602
0.006021964572076352
0.005986230605074843
0.005943181726795348
0.005893732410145333
0.00583884424891953
0.005779511055169878
0.0057167436274270286
0.00565155443597061
0.0055849424722107105
0.005517878505897888
0.005451290986373465
0.005386052812529925
0.0053229691807680606
0.005262766701277137
0.005206083950754372
0.005153463604606364
0.005105346264175336
0.005062066065088401
0.0050238481219552315
0.004990807832881344
0.004962952035180008
0.004940181971821662
0.004922297997117735
0.004909005920444728
0.004899924858999268
0.004894596445127474
0.004892495211142602
0.004893039955132867
0.004895605875409497
0.0048995372492315606
0.004904160423478857
0.0049087968811642145
0.0049127761481431945
0.0049154483090779145
0.004916195910550565
0.004914445042035337
0.004909675401986441
0.004901429176278608
0.004889318579276787
0.004873031933489765
0.004852338191605751
0.004827089834205663
0.004797224107059744
0.004762762593073183
0.004723809145084502
0.0046805462362641895
0.004633229814249487
0.004582182772843721
0.004527787180595944
0.004470475428389708
0.004410720477888428
0.004349025408945776
0.0042859124765926345
0.004221911896727103
0.004157550584003109
0.004093341065555939
0.004029770790116493
0.003967292043826377
0.003906312671825112
0.0038471877886670433
0.0037902126411350117
0.003735616764414704
0.003683559547297528
0.003634127294563726
0.003587331845474883
0.003543110776923275
0.003501329188814459
0.0034617830382811686
0.0034242039589249132
0.003388265472031052
0.0033535904691584526
0.0033197598201902666
0.0032863219383327917
0.0032528031140996545
0.0032187184143970694
0.003183582930745667
0.003146923152678657
0.003108288238611605
0.00306726095707543
0.0030234680761484604
0.0029765899881430153
0.002926369369943273
0.0028726186966233293
0.002815226446792705
0.0027541618621480194
0.0026894781505193656
0.002621314050799401
0.002549893708998205
0.0024755248467081253
0.00239859523589562
0.002319567526552193
0.0022389725057225226
0.0021574008971801356
0.0020754938399561744
0.0019939322104895367
0.0019134249768449454
0.001834696793775146
0.001758475063981507
0.0016854767034166411
0.0016163948566102412
0.0015518858116009512
0.0014925563630209834
0.0014389518661902868
0.001391545214802153
0.0013507269600776235
0.0013167967703686426
0.001289956407416236
0.0012703043692103943
0.0012578323201092934
0.0012524233970736512
0.0012538524471231087
0.0012617882160314438
0.0012757974724817414
0.0012953510160534146
0.001319831482169536
0.0013485428231473115
0.001380721312401699
0.0014155478892564906
0.0014521616352827652
0.001489674150123856
0.0015271845758297368
0.0015637950041938993
0.0015986259917659808
0.0016308319023254029
0.0016596157967770431
0.0016842435957130717
0.0017040572502241556
0.0017184866717972988
0.0017270601920734772
0.0017294133475378812
0.0017252958124782105
0.0017145763352972142
0.001697245567962602
0.0016734167154210814
0.0016433239705469192
0.0016073187399566974
0.001565863706094096
0.0015195248106539302
0.001468961282956406
0.0014149138735987108
0.0013581914879252541
0.0012996564449345165
0.0012402086145931782
0.0011807687096328057
0.0011222610263083833
0.0010655959419278223
0.0010116524849319696
0.0009612612957218432
0.0009151882931983503
0.0008741193531022439
0.000838646289821811
0.0008092544135750045
0.0007863119100687975
0.0007700612602815492
0.0007606128843783192
0.0007579411565062856
0.0007618828969485941
0.0007721384055175717
0.0007882750558674985
0.000809733425360922
0.0008358358900108715
0.000865797569630605
0.0008987394654336454
0.0009337035917003059
0.0009696698654901045
0.0010055744844133028
0.001040329492802327
0.0010728432117979214
0.0011020411893592477
0.0011268873124069877
0.001146404715503617
0.001159696118853865
0.0011659632330545617
0.001164524878913386
0.0011548334876590744
0.0011364896697458795
0.0011092545688729544
0.001073059751360076
0.0010280144191185856
0.0009744097765241179
0.0009127204268564169
0.0008436027218832979
0.0007678900378430939
0.0006865850017017711
0.0006008487422845274
0.0005119872908582292
0.0004214353041290743
0.0003307373285998637
0.0002415268680205189
0.00015550355452970382
7.440875835340848e-05
0.0
