0.0046401655958305515
0.0045355320168927165
0.00449252648682744
0.004478611785171347
0.004452811059932827
0.004372241040374727
0.004199509020903241
0.003909700651447346
0.0034956922538735054
0.0029707616675475465
0.002367909282170884
0.001735861666645628
0.0011323147066166295
0.0006154750348376084
0.0002352840945010013
2.5795193733689145e-05
0.0
0.00014799408424899345
0.0004388014946787302
0.0008255468186448888
0.0012530831497172658
0.0016667608252944836
0.0020208318995536155
0.00228506390881777
0.002448469401781297
0.0025195841609150674
0.0025233507282143293
0.0024952706945480197
0.002473968484268499
0.00249357418884528
0.0025773364284040804
0.00273361984447749
0.0029549753285331637
0.00322038278817956
0.0035001664801529177
0.0037625833723125093
0.00398077783358947
0.004138736852022835
0.004235077957448582
0.00428391812475021
0.004312626910495918
0.004356856531446372
0.004453755673443913
0.004634617725318473
0.0049183255872771465
0.005306815625475509
0.005783420718307645
0.006314435357149259
0.006853670470974701
0.0073492372212960394
0.007751412195034911
0.0080202582504597
0.00813173337560203
0.008081298399389729
0.007884477898201648
0.007574353652956809
0.007196481067019511
0.006802126546091546
0.006440960623307059
0.006154373891099308
0.005970415292798251
0.005901025536912194
0.005941819392357446
0.006074239222187612
0.006269535331237835
0.006493786513789952
0.006713089298492967
0.006898117822130721
0.007027459331677866
0.007089412270430896
0.00708223348473158
0.007013079419982306
0.006896058387774209
0.006749874230220252
0.006595498118550831
0.006454179474845287
0.006345939234235647
0.006288524479743169
0.0062966833370445095
0.006381569263207549
0.006550111374422378
0.006804278883796966
0.007140293409072369
0.007547964498607226
0.008010403630935217
0.008504382597746555
0.009001532905524683
0.00947044283570921
0.009879525596674267
0.010200345561328025
0.010410943541908042
0.010498633815457303
0.010461777603996894
0.010310171684319693
0.010063906520258431
0.009750807000942614
0.009402820776006921
0.00905191370492051
0.008726128251606072
0.008446436527335427
0.00822487663923665
0.008064224632607668
0.00795916960168504
0.007898682052142565
0.007869050330081836
0.00785695008574077
0.007851929717125308
0.007847837275656452
0.007842952804293535
0.007838876075881024
0.00783849456453716
0.007843563212487165
0.007852522426175096
0.007859142378214092
0.007852415714359592
0.007817858955448122
0.007740077100231856
0.007606157875753989
0.007409250984751187
0.007151598426098967
0.006846335877243086
0.006517575602365069
0.006198574834677484
0.005928136001450312
0.005745712393627478
0.005685943209091639
0.0057734679526327305
0.0060188480193884
0.00641625684575396
0.006943320019541477
0.007563144498099618
0.008228233307624417
0.008885698971202505
0.009483012719587517
0.009973483132514857
0.010320747602481688
0.010501758861035496
0.010508014156346956
0.010345054636356842
0.01003050659695725
0.00959110527733615
0.009059214858036756
0.008469335333322768
0.007854987327813577
0.007246222457766892
0.006667857239585561
0.0061384065239563105
0.005669620073585742
0.005266509256999385
0.004927779581128798
0.004646636001734759
0.004411972988796582
0.0042099741646666935
0.004026111317857923
0.003847449622503642
0.0036650516930730745
0.0034761581117380433
0.003285743438808291
0.0031070389782697715
0.0029606990113134196
0.0028724683492075127
0.00286946512613077
0.0029754813805577002
0.003205968115493172
0.0035635505270103954
0.00403496174384714
0.004590160322345428
0.005184109145278891
0.00576127637007246
0.006262437928637336
0.006632900972401366
0.006830918409552649
0.0068349033052363005
0.006648126314932924
0.006299896578765526
0.005842748374054567
0.00534580279481482
0.004885137373431946
0.004532558223692035
0.004344521801179582
0.004353021783780498
0.0045600137577642055
0.004936424439857106
0.005426063650489989
0.005953946589152121
0.006437780814476996
0.006800810732210224
0.006983946106432388
0.006955183878122112
0.006714757108126432
0.006295142818779907
0.005755913744690229
0.005174280186342202
0.004632887077903372
0.004206882115468863
0.003952374707574403
0.0038981457182536007
0.004041892513185271
0.004351506881581845
0.0047710261882945295
0.005230122861308909
0.005655439425821493
0.0059818296476088426
0.00616166660646114
0.006170797401817084
0.006010375787463785
0.005704561870974211
0.0052947995526373085
0.004831936164851739
0.004367739065143977
0.003947348082789301
0.0036038980274624545
0.0033560243599054106
0.003208339663910057
0.0031543675057383665
0.0031809632415810856
0.0032730252164095593
0.003417342007650967
0.0036047132682131442
0.003829953379153331
0.004089932356966619
0.004380307130687062
0.0046919392577082965
0.005008106820311328
0.005303472328935865
0.005545393469248066
0.005697637138864909
0.00572599046712158
0.005604777073740738
0.005322989904540461
0.004888713917781482
0.004330751014008559
0.003696837499454115
0.0030484726301676607
0.0024530339191923965
0.001974410233869288
0.0016637235016602183
0.0015517603295889977
0.0016444777522511209
0.0019224245150589732
0.00234422554605686
0.0028535424679672155
0.0033882872117625275
0.0038904519616351323
0.004314808392019102
0.004634946321846655
0.004845627402451813
0.004961128209025826
0.005010006111599119
0.00502739516247435
0.005046398319446823
0.005090298016289008
0.005167129211797177
0.005267681958464693
0.0053673167087873
0.005431217837928841
