0.00015092650972444777
0.0001437654129106357
0.00013925761990323925
0.00013820391125935827
0.00014139028532918576
0.00014957341410169766
0.00016346634794543887
0.00018372472492505653
0.00021093373319054447
0.00024559606331045524
0.0002881210715475861
0.0003388153552267492
0.0003978749178612307
0.0004653790749947482
0.0005412862222442475
0.0006254315553108613
0.0007175267983172395
0.0008171619623158155
0.0009238091208011212
0.001036828154166493
0.0011554743808864791
0.0012789079603839598
0.0014062049216351897
0.0015363696431234673
0.0016683485842764279
0.001801045046464853
0.0019333347233940427
0.0020640817866068376
0.0021921552420924306
0.002316445288831674
0.0024358794096021024
0.0025494379285264804
0.00265616877860737
0.0027552012356956397
0.0028457583927635763
0.0029271681696891576
0.0029988726786342413
0.0030604357930805277
0.0031115487991830943
0.0031520340407761313
0.0031818465035466344
0.0032010733189804263
0.0032099312040663485
0.003208761887799289
0.003198025609637565
0.0031782928076486364
0.003150234144550251
0.003114609047690658
0.0030722529637269777
0.0030240635499263788
0.002970986041264453
0.0029139980455327973
0.0028540940272715402
0.002792269745369211
0.0027295069085599144
0.0026667583078158526
0.00260493367488361
0.002544886502126172
0.0024874020406672045
0.0024331866719190997
0.002382858822306645
0.0023369415628284847
0.002295857004532958
0.00225992256857021
0.0022293491757967108
0.0022042413665514502
0.002184599326805944
0.00217032276302363
0.0021612165353484068
0.0021569979277557653
0.0021573054050901576
0.0021617086809847725
0.0021697198979702048
0.0021808057020237517
0.0021943999787233798
0.0022099170073103043
0.0022267647825172966
0.002244358252092237
0.0022621322205643476
0.0022795536769085346
0.002296133315226514
0.002311436033169631
0.002325090212291517
0.0023367956074850744
0.0023463296987115893
0.0023535523868996365
0.0023584089466614448
0.002360931180791218
0.0023612367547936677
0.002359526723344759
0.0023560812940082053
0.0023512539061225583
0.0023454637339526026
0.0023391867524086146
0.0023329455303567745
0.0023272979402975034
0.002322824993552667
0.00232011802671508
0.0023197654776790696
0.0023223394978658554
0.0023283826511348252
0.0023383949492626578
0.002352821468787525
0.002372040784545648
0.002396354441539771
0.002425977669116412
0.0024610315201032303
0.002501536592946795
0.002547408467429127
0.0025984549547134386
0.0026543752308017844
0.0027147608895377305
0.0027790989176362767
0.002846776560462735
0.0029170880140058164
0.0029892428462818983
0.003062376020832071
0.003135559366566996
0.0032078143124731305
0.0032781256830673447
0.0033454563313693956
0.0034087623708851525
0.003467008756922841
0.003519184960691169
0.0035643204771698663
0.0036014999097380125
0.0036298773809560966
0.00364869002960773
0.003657270368926383
0.0036550572995997866
0.003641605593331424
0.003616593688056516
0.0035798296639165212
0.0035312552993037117
0.00347094813817078
0.003399121532807195
0.0033161226598432915
0.003222428540776774
0.0031186401312476453
0.0030054745750531233
0.002883755748951544
0.002754403252143652
0.002618420019470588
0.0024768787594091216
0.0023309074365095877
0.0021816740327065044
0.002030370832698197
0.0018781984851726607
0.001726350093959052
0.0015759955911874915
0.0014282666383005759
0.001284242290405433
0.0011449356451853864
0.0010112816796703553
0.0008841264569231212
0.0007642178605177963
0.0006521979879992162
0.0005485973057909842
0.0004538306377708792
0.0003681950284843271
0.0002918694902631245
0.00022491661190455928
0.00016728597558900052
0.0001188192988989061
7.925719065446975e-05
4.824738327194257e-05
2.535428091241269e-05
1.0069642205018684e-05
1.8241991296067805e-06
0.0
3.9432546072347766e-06
1.2977453602126083e-05
2.641653218936335e-05
4.357785017206593e-05
6.379476625891943e-05
8.642859418976699e-05
0.00011087974145049077
0.0001365978478734633
0.00016309076093982185
0.00018993220674893576
0.00021676803999043349
0.00024332098240137726
0.0002693937866455314
0.00029487079082320036
0.0003197178574104703
0.0003439807188350156
0.00036778177962992916
0.00039131545169108464
0.00041484212414565655
0.00043868089230075184
0.00046320119070134285
0.0004888134931519938
0.0005159592573638726
0.0005451003034502386
0.0005767078236410816
0.0006112512252146226
0.0006491870097052825
0.0006909478889638488
0.0007369323326960586
0.0007874947328316557
0.0008429363576742905
0.0009034972535032823
0.0009693492334390442
0.0010405900732840818
0.001117239012086246
0.0011992336317430492
0.0012864281655000707
0.001378593260129728
0.0014754171913519973
0.001576508507115472
0.0016814000491256855
0.0017895542798990098
0.001900369821021716
0.0020131890885598967
0.002127306894014925
0.002241979864125784
0.002356436520412249
0.002469887849809853
0.0025815381911930245
0.002690596259088387
0.002796286125461158
0.0028978579830761446
0.0029945985194989974
0.0030858407391724588
0.00317097308198679
0.003249447700132095
0.0033207877705028555
0.00338459373721877
0.0034405483976021334
0.0034884207648598845
0.0035280686613952707
0.003559440017749105
0.003582572873272974
0.0035975940954030092
0.0036047168544814786
0.003604236910133121
0.003596527782936839
0.0035820349012641852
0.0035612688274418965
0.003534797679632164
0.0035032388758488376
0.003467250334220711
0.0034275212688997846
0.0033847627238633373
0.0033396979872891202
0.003293053027251331
0.003245547085291825
0.0031978835581045967
0.0031507412893060725
0.003104766383254018
0.0030605646413554136
0.0030186947085209317
0.002979662003650041
0.0029439134935450506
0.0029118333547390623
0.002883739552665344
