0.0025648511440510497
0.0023499678820190495
0.002163590836528613
0.0020110605650694503
0.0018951816162428546
0.0018170963006527924
0.0017768373955065258
0.0017734841354442197
0.0018049962689378773
0.0018679126711726134
0.0019571477681567108
0.002066092027512242
0.002187131869744512
0.002312575053635521
0.002435834531515926
0.0025526223049512063
0.0026618625817249955
0.0027660639535324887
0.002870989365701914
0.002984609698730105
0.003115489164063643
0.003270891090898266
0.003454977481494542
0.003667482847638021
0.0039031669246568862
0.004152204816826415
0.004401485791747438
0.004636602128229229
0.00484415773717421
0.005013946385061942
0.0051405605960975365
0.005224095251501699
0.005269785780847536
0.005286635105645074
0.005285292740859012
0.005275610301469941
0.005264375758188982
0.005253706114751829
0.005240457026251359
0.005216810700910139
0.005171968563564698
0.0050946492319110925
0.004975920911512864
0.0048118155833567116
0.0046051980338060634
0.004366492298047935
0.004113077181112466
0.0038674109283914353
0.0036541845632947177
0.0034969871952241468
0.0034150589082993866
0.0034206898605048976
0.0035177016739151076
0.0037012435374809706
0.003958890933747547
0.004272797519298051
0.004622466544328255
0.004987612358939681
0.005350592147880526
0.005697998979582559
0.006021195276510875
0.006315791517442933
0.006580291931503474
0.0068142931047338665
0.0070167000603158225
0.00718440262114607
0.007311738611509903
0.007390885042041424
0.007413103371422547
0.00737056582666692
0.00725834887810723
0.007076127629147725
0.006829153205556091
0.0065282355450593296
0.006188658477542653
0.005828181192257595
0.0054644833024981914
0.005112546994669996
0.004782509172475489
0.004478447988141859
0.004198402013327233
0.003935686552538679
0.0036813143289702956
0.003427096729953656
0.0031688428233606018
0.0029090194673504315
0.0026583007363378533
0.002435610107019936
0.002266515084933353
0.0021801263287495147
0.002204929589832283
0.0023641888564541282
0.0026716642369943476
0.0031283679693643466
0.0037209381677751263
0.004421965844915112
0.0051923071308386725
0.005985100322501816
0.0067509384546466135
0.007443466631094379
0.008024608242938762
0.008468684391019159
0.008764864391606016
0.008917641956617588
0.008945328638517047
0.008876845476999243
0.008747330572914654
0.008593229891318567
0.008447581710302068
0.008336140257330777
0.008274826667648406
0.008268774430886016
0.008312989005678586
0.008394406029411876
0.008494943825137836
0.008595028572732453
0.008677036921544236
0.008728149968505882
0.008742231322805973
0.008720508268437375
0.008671021662936262
0.008606989408678779
0.008544375730261237
0.008499056177929214
0.008484006613047549
0.008506922509906844
0.00856859979717995
0.008662293510011878
0.00877413307932903
0.008884532004435768
0.008970402909129264
0.009007891610338645
0.008975286401550039
0.008855746426028772
0.008639525209863663
0.008325436136281505
0.007921405321687917
0.0074440703014142864
0.006917495078624802
0.006371168979609846
0.005837526522659775
0.005349260534240265
0.004936698792061104
0.004625478983313655
0.004434696269378453
0.004375624372227115
0.0044510383701123965
0.004655107698150233
0.004973790016295856
0.005385644080923717
0.005862989832581831
0.006373368243369305
0.006881279856257869
0.007350196158526863
0.00774483097980911
0.008033624357610002
0.008191330656105165
0.008201526222476632
0.008058776578051867
0.007770150139923217
0.007355755499588831
0.006848027874963872
0.006289603354649917
0.005729790167024757
0.00521985428771063
0.004807550801228105
0.004531514478268745
0.004416234953651664
0.004468353121855186
0.0046749097299312314
0.0050039577205046055
0.005407640647226073
0.005827483143069174
0.006201291372276961
0.006470780795595853
0.006588887877879717
0.006525717246882482
0.006272237447938254
0.005841149748831486
0.005264771300156256
0.004590231435218796
0.003872702768299808
0.0031677044104236668
0.002523666207250483
0.001975900176874754
0.0015428911491354976
0.0012254296197576069
0.0010086309431175822
0.0008663984892803376
0.0007674795118482935
0.0006820039539515424
0.0005873349741672348
0.0004722072265468122
0.0003384586579957237
0.0002001139607456506
8.006999755581345e-05
5.074765109445295e-06
0.0
8.252598630171214e-05
0.0002592635779375069
0.0005240509313406139
0.0008587358661687927
0.001236270781696728
0.0016254986375771828
0.001996682211281902
0.0023266880473709244
0.0026028089562507516
0.0028244810059040375
0.003002570012844946
0.0031563867501316362
0.0033090441873492886
0.003482103916355834
0.003690605263265292
0.0039394986414747184
0.004222226633079883
0.004521765394876301
0.004813939705300593
0.0050723565744369365
0.005273959453825493
0.005404058791724418
0.005459777989868782
0.005451154413895022
0.005399596965262282
0.005333935410842195
0.005284796487165537
0.005278406461303191
0.005331072684957327
0.005445501456490911
0.005609778420755004
0.005799330163235342
0.005981597476502438
0.006122596312280708
0.006194132351151401
0.006180254605173287
0.006081624905907191
0.005916833827937069
0.005720248471555304
0.005536631830428274
0.005413403647767531
0.005391896821178482
0.005499204898397531
0.005742162738607099
0.0061046570036035
0.006548884509313955
0.007020468762496844
0.007456638651845263
0.007796100481462579
0.007988904223759866
0.008004581627917031
0.0078371252212953
0.007505931860407449
0.007052551172355972
0.0065338259120461565
0.006012649793288355
0.0055479806070938935
0.00518585671821586
