0.0024662674852375544
0.002399940467551539
0.0023251039773589262
0.002242244532990481
0.0021519619010566668
0.0020549631019479413
0.0019520547239077347
0.0018441336413973395
0.0017321762601065008
0.0016172264358668034
0.0015003822374674595
0.0013827817435585396
0.0012655880810987286
0.0011499739268535777
0.001037105704018143
0.0009281277129239056
0.000824146437853439
0.0007262152711503536
0.0006353198910643203
0.0005523645211649383
0.0004781592868121822
0.0004134088682668743
0.0003587026308043838
0.00031450638995756276
0.0002811559451118264
0.0002588524875033974
0.0002476599596680329
0.00024750441302131285
0.0002581753790167644
0.00027932923773497237
0.00031049453632343545
0.0003510791789502819
0.0004003793803622844
0.0004575902472378399
0.0005218178257608451
0.0005920924306392534
0.0006673830505382439
0.0007466126079294455
0.0008286738379572928
0.0009124455413149401
0.000996808960465625
0.001080664026935532
0.0011629452298679928
0.0012426368625251538
0.0013187874138434336
0.0013905228863189205
0.0014570588391813245
0.0015177109767145424
0.001571904125348781
0.0016191794693864899
0.0016591999434936988
0.0016917537099181582
0.0017167556792885964
0.0017342470652912463
0.0017443929949879627
0.001747478227512981
0.0017439010638502406
0.0017341655588562195
0.0017188721731869311
0.0016987070268793163
0.001674429937635852
0.0016468614450241763
0.0016168690365429834
0.0015853528025919438
0.0015532307546507233
0.001521424044319502
0.0014908423202666427
0.001462369455602182
0.0014368498698483947
0.0014150756576759246
0.0013977747211419889
0.0013856000835899478
0.0013791205419831278
0.001378812790632782
0.001385055123462435
0.0013981227945826413
0.0014181850885096093
0.001445304122341865
0.0014794353731119357
0.0015204298948540652
0.0015680381621625123
0.0016219154506281232
0.0016816286399757839
0.0017466643033905412
0.001816437926781694
0.001890304084910871
0.0019675673876673864
0.0020474939995199447
0.002129323528455105
0.0022122810776135818
0.0022955892533751453
0.002378479927776531
0.0024602055607668124
0.002540049898741853
0.0026173378798276113
0.0026914445932214137
0.0027618031592231028
0.0028279114180249573
0.0028893373384756066
0.002945723082457003
0.0029967876857628552
0.003042328341978412
0.003082220301368837
0.0031164154217252792
0.0031449394320467714
0.00316788799242608
0.0031854216541619745
0.003197759842578293
0.003205174000973762
0.0032079800472856355
0.0032065303052078
0.00320120507849927
0.003192404040950394
0.003180537614900707
0.0031660185083444937
0.003149253574598683
0.0031306361493821373
0.0031105390081615724
0.003089308072004887
0.003067256973242889
0.003044662573312355
0.003021761504609499
0.002998747786424274
0.002975771542474464
0.0029529388246492937
0.002930312524745525
0.00290791433367164
0.0028857276862337164
0.0028637016096067247
0.002841755375317476
0.0028197838383671394
0.0027976633333087653
0.0027752579859301077
0.0027524262908848233
0.0027290278003229175
0.002704929766393434
0.002680013581469853
0.002654180864062515
0.0026273590455546843
0.0025995063229936684
0.0025706158559946845
0.0025407191011300465
0.002509888194689727
0.0024782373140793063
0.0024459229690002404
0.002413143195538111
0.0023801356489491685
0.0023471746138509888
0.0023145669732517428
0.002282647199957452
0.002251771454952258
0.002222310896944595
0.0021946443250303177
0.0021691502919923764
0.002146198838825489
0.0021261430113781337
0.002109310327328026
0.0020959943658902308
0.0020864466535956477
0.002080869017127799
0.0020794065685838287
0.0020821414797083495
0.0020890876897717865
0.0021001866770213136
0.002115304406268301
0.002134229545487572
0.002156673022630127
0.002182268970570773
0.0022105770836345503
0.0022410863839048595
0.0022732203699620326
0.0023063434952923043
0.002339768898802797
0.0023727672861289387
0.002404576838161737
0.0024344140028639753
0.0024614850083663257
0.0024849979198775613
0.0025041750504039154
0.002518265525897854
0.002526557799437947
0.0025283919065128883
0.0025231712545172123
0.0025103737441743083
0.0024895620287322504
0.0024603927283156288
0.002422624431587778
0.0023761243346511847
0.0023208733876042514
0.002256969842046595
0.0021846311177059693
0.0021041939328348587
0.002016112670651328
0.0019209559824130526
0.0018194016562372958
0.0017122298090307127
0.0016003144863902699
0.0014846137816119597
0.0013661586095482358
0.0012460402935657697
0.0011253971438855198
0.001005400222790891
0.0008872385062690378
0.0007721036623590588
0.0006611746736302627
0.00055560253467563
0.00045649525521369297
0.00036490339534416254
0.00028180635176032953
0.00020809960240831355
0.00014458310238476928
9.19510060220642e-05
5.0782869419301394e-05
2.1536464481479705e-05
4.542310213281452e-06
0.0
7.97637534445542e-06
2.8405567486137085e-05
6.109089898921312e-05
0.00010570860823619138
0.00016181333128661166
0.00022884524822524253
0.00030613877538175713
0.0003929326610757418
0.0004883813212138584
0.0005915672324852152
0.0007015141853644043
0.000817201186884336
0.0009375767943727651
0.0010615736561862918
0.0011881230339922783
0.0013161690833493965
0.0014446826751639225
0.0015726745499360516
0.0016992076093820866
0.0018234081657931439
0.001944475988087903
0.002061693004606679
0.002174430545909082
0.0022821550357751126
0.002384432064841106
0.0024809288083796387
0.0025714147771965313
0.002655760918006057
0.0027339371064986676
0.00280600810218798
0.0028721280585893706
0.002932533704941756
0.0029875363361720935
0.0030375127657923883
0.0030828954116314026
0.003124161696506571
0.0031618229549574316
0.003196413042868618
0.0032284768491428733
0.003258558907536174
