0.010734062061670237
0.010455658000243678
0.010132627526493942
0.009815810675285322
0.00955024479767366
0.00936785474047306
0.009282751976543772
0.009289797299373313
0.009366475291729178
0.009477554450824568
0.009581564351447209
0.009637879510995876
0.009613186433952259
0.009486310150746491
0.009250736807652793
0.008914612375241271
0.008498438870925284
0.008031051317929118
0.007544685346044078
0.007070011178578501
0.006631920816890737
0.006246644958860437
0.005920496113035191
0.005650242336210016
0.0054248643774478305
0.005228275221253134
0.0050425023536401535
0.0048508460452242105
0.00464061116331675
0.004405135136065378
0.004144968589625287
0.003868181509272823
0.003589851080263497
0.003330834892003286
0.0031159532280108076
0.002971711608431572
0.0029237052293230436
0.0029938711271233483
0.0031977935223791937
0.003542314432970198
0.0040237385731373716
0.0046269282983727456
0.005325542772711188
0.006083575889542175
0.006858192941040536
0.0076036743212228785
0.008276076069451868
0.008838049720861267
0.00926316556300882
0.009539083374969021
0.009669026571348369
0.009671232418080471
0.009576344456715697
0.009423037765906557
0.009252467532791426
0.009102351095862934
0.00900158857942851
0.008966273085932189
0.008997739779484015
0.009082982798345757
0.009197381477012205
0.009309288860726114
0.009385714583822525
0.009398139488018813
0.009327468403610033
0.009167269270275365
0.008924739324845795
0.008619233013323185
0.008278613180312339
0.007934071680516009
0.007614339265204821
0.0073403179927846954
0.007121101277491963
0.006952107991908933
0.006815689088167903
0.006684132323662645
0.00652456874153378
0.006304947480340986
0.006000052148074365
0.0055965159208046355
0.005095956180553622
0.004515664137025744
0.003886695860627556
0.0032496478052159083
0.00264878792063744
0.0021254877772362954
0.001712016877872978
0.0014267000893612197
0.0012712152520842133
0.0012304598979683977
0.0012750027176727068
0.0013657254025017918
0.001459919923414878
0.0015178883139318517
0.0015090284109075033
0.001416485881342625
0.001239690583451586
0.0009944326207553655
0.0007105148893027267
0.00042738414313954216
0.00018843600697727482
3.486848772824274e-05
0.0
0.00010487013514576867
0.0003557238359231038
0.0007436789715050893
0.0012465412563574967
0.0018324102980937862
0.0024644635187880902
0.0031061472698950413
0.0037259675538382922
0.004301159171319572
0.0048197065947066945
0.005280461682100645
0.005691410819354493
0.006066440579898773
0.006421191544742129
0.006768737583184153
0.0071158591073255595
0.0074605870417932645
0.007791491325991199
0.008088902715044331
0.008327932007679475
0.008482836843941795
0.008532033557086737
0.008462903585393452
0.00827552955649288
0.007984624445873577
0.007619174851853402
0.007219671426256122
0.006833193493992631
0.006506988589621398
0.006281478384286346
0.006183777578850725
0.006222798424205213
0.006386823293703327
0.006644082736507952
0.00694642518485088
0.007235675775087517
0.0074518341666072385
0.0075419303966695545
0.0074682033039083565
0.007214320620158518
0.006788622538177057
0.0062238055583167876
0.005573004682173393
0.004902793580498594
0.004284112362609264
0.003782468881611079
0.003448884103222748
0.0033129416105370946
0.0033789719020776814
0.003625907168841442
0.004010763666547538
0.004475143171844494
0.004953686677591072
0.005383138039178954
0.005710626228175979
0.0058999559373232625
0.0059350710504269995
0.0058203540968042415
0.00557795694872674
0.005242829565942569
0.004856443845000108
0.004460345941565665
0.004090597429832723
0.003773907352203275
0.003525871566816079
0.0033513028963337746
0.0032462416148998467
0.003200956122536615
0.0032031281012222385
0.0032404799812232317
0.0033023228965689067
0.00337982616519184
0.0034651600144838387
0.0035499625246973887
0.003623762430833891
0.003673010670022154
0.003681229630177139
0.00363051076386347
0.0035042397920637047
0.0032905830839077897
0.002986009024988365
0.0025980082688956086
0.0021462504162851116
0.0016616671154565514
0.0011833392218460552
0.0007535138005445542
0.000411494108625155
0.00018744274780954813
9.724586884382949e-05
0.0001394710953075539
0.0002951240249215075
0.0005304215970220886
0.0008022434872056216
0.0010654011618102307
0.0012804818524797899
0.0014208617583893746
0.0014775795376883267
0.0014611086849488238
0.0013996078185390792
0.0013338642889263955
0.0013097607523237242
0.0013695695881216496
0.001543623400739061
0.0018438709270696585
0.002260509072708672
0.0027623395299203866
0.0033008318769328924
0.003817208365195662
0.004251323962932756
0.004550800693186234
0.004678846866094603
0.0046194536756224685
0.004379162191388415
0.003985235447160274
0.003480728544781462
0.002917497311630556
0.002348518391968322
0.0018209492206261771
0.001371129037867026
0.0010222625218367148
0.0007849328505709074
0.0006599851973104077
0.0006428308720233403
0.0007279488352761971
0.000912362524245155
0.001197146134618978
0.001586508150910315
0.0020846066996642767
0.002690840945501982
0.003394805524053382
0.004172288621234499
0.004983585815277188
0.0057749999216719985
0.006483772309489697
0.0070459632864938605
0.007406114503255814
0.007527028970172687
0.007397806854627315
0.0070384351877404334
0.006499735767958262
0.005858247787292904
0.005206524304405649
0.004640187932754992
0.004243754653178105
0.004077561655964386
0.0041680509200464205
0.004503165341951515
0.005033786181428454
0.005681121221432635
0.006348923190526002
0.006938564390289929
0.0073644739112276505
0.00756735731410208
