0.004687664253804126
0.0046025860404707315
0.0045229717271443055
0.004450119854738006
0.004385213187691911
0.004329300530566051
0.004283280673245161
0.004247888715820667
0.004223684985289519
0.004211046713896889
0.004210162603958545
0.004221030357080919
0.004243457197634415
0.004277063371927545
0.004321288556579102
0.004375401062885236
0.004438509679297712
0.0045095779522016325
0.004587440666690262
0.004670822254605527
0.0047583568272995405
0.0048486095058497755
0.004940098702215566
0.005031318991350651
0.0051207642067812795
0.005206950390717183
0.0052884382343764014
0.00536385465476598
0.005431913170461164
0.005491432760663068
0.005541354918596097
0.005580758641656821
0.005608873136096285
0.0056250880527944185
0.005628961112201583
0.00562022302006905
0.005598779620429042
0.005564711277660193
0.0055182695246263225
0.005459871058054547
0.005390089204793945
0.005309643022672853
0.005219384236701812
0.005120282244756238
0.00501340745609078
0.004899913250632319
0.004781016866599341
0.004657979538317285
0.004532086214950022
0.004404625194147722
0.004276868002317827
0.004150049845449159
0.0040253509413423596
0.0039038790259939065
0.0037866533040997355
0.0036745900866180553
0.003568490327557173
0.0034690292381900725
0.003376748120348841
0.003292048521962746
0.0032151887782439067
0.003146282961579959
0.0030853022229514063
0.0030320784682323137
0.002986310274715038
0.002947570917250027
0.002915318340095098
0.0028889068804581627
0.002867600523265417
0.002850587444298277
0.0028369955808463894
0.0028259089556724143
0.002816384471544159
0.0028074688899450665
0.0027982157088224805
0.002787701660288365
0.0027750425598811424
0.0027594082540834996
0.0027400364319508253
0.0027162450895524236
0.0026874434620188896
0.002653141266828922
0.0026129561330215543
0.0025666191237179318
0.0025139782930920507
0.0024550002531436308
0.0023897697596999396
0.0023184873604193273
0.0022414651796204424
0.0021591209449817253
0.002071970389049103
0.001980618183607704
0.0018857475869224225
0.0017881090023007479
0.0016885076611143823
0.0015877906541386466
0.00148683354170921
0.0013865267757056363
0.0012877621647772878
0.0011914196086270975
0.001098354317730804
0.0010093847218270529
0.0009252812541611778
0.0008467561791512422
0.0007744546092646131
0.0007089468328824542
0.0006507220492545959
0.0006001835797967911
0.0005576455974587178
0.0005233313881994324
0.0004973731312481406
0.00047981315828799116
0.00047060662644200085
0.0004696255163955509
0.00047666384555236077
0.0004914439671393068
0.0005136238099474541
0.0005428049001650354
0.0005785409967057711
0.0006203471646855875
0.0006677091083112569
0.0007200925844125404
0.0007769527211096807
0.0008377430725358503
0.0009019242499478646
0.0009689719817251633
0.001038384469396159
0.0011096889236215288
0.0011824471826499964
0.0012562603357611874
0.0013307722952196114
0.0014056722818698315
0.0014806962112876411
0.0015556269889516526
0.0016302937438129198
0.0017045700495336884
0.0017783712011846503
0.0018516506320086312
0.0019243955696921695
0.001996622044191908
0.002068369369344283
0.0021396942280984452
0.0022106644961594622
0.0022813529410697555
0.0023518309333029844
0.002422162302858382
0.0024923974692376274
0.0025625679647191552
0.0026326814607182504
0.002702717394974777
0.0027726232836167743
0.0028423117871067003
0.0029116585830081952
0.002980501081749214
0.0030486380044438413
0.0031158298247120878
0.0031818000596405983
0.003246237378880078
0.0033087984856818957
0.0033691117097155955
0.0034267812390306744
0.0034813919077450513
0.003532514447135639
0.0035797111009099624
0.0036225415006437534
0.0036605686947269963
0.0036933652236732797
0.0037205191362748597
0.003741639844745569
0.0037563637225630727
0.0037643593560414772
0.0037653323695418265
0.003759029754440506
0.003745243643278909
0.003723814482648689
0.0036946335710502
0.003657644940915273
0.003612846576926819
0.0035602909754204283
0.0035000850617514486
0.0034323894938065327
0.003357417390105009
0.0032754325299722627
0.0031867470809056587
0.0030917189143575617
0.00299074857563079
0.0028842759763587204
0.002772776879103293
0.002656759242967733
0.002536759496842616
0.0024133388030779836
0.0022870793691285255
0.002158580858213219
0.0020284569424535194
0.0018973320335158236
0.0017658382167159022
0.0016346124050880422
0.00150429372033185
0.0013755210980799628
0.0012489311058294641
0.0011251559533919692
0.001004821668067818
0.0008885464001466828
0.0007769388189625853
0.0006705965557395411
0.0005701046469766542
0.0004760339312240361
0.00038893935284146745
0.000309358128720029
0.0002378077379515662
0.00017478369998220845
0.0001207571137753832
7.617193879238529e-05
4.1442007995416436e-05
1.694777338068828e-05
3.0327955228091202e-06
0.0
8.107735100936972e-06
2.7565676605842762e-05
5.853063640022917e-05
0.00010110234193487456
0.00015531926281380642
0.00022115456881034636
0.000298512310138198
0.0003872239156230096
0.0004870451073444061
0.000597653331199171
0.0007186458015617349
0.0008495382547209014
0.000989764500027889
0.0011386768497236581
0.0012955474982939566
0.0014595709100441142
0.0016298672595561384
0.0018054869539926408
0.001985416249091051
0.002168583952429413
0.00235386918845416
0.0025401101801794507
0.002726113982755083
0.0029106670846271113
0.003092546773160182
0.0032705331437294246
0.003443421614791259
0.0036100357966600137
0.0037692405489804745
0.003919955051496878
0.004061165704941619
0.0041919386739258085
0.00431143188178573
0.004418906268551067
0.004513736127624178
0.004595418344410261
0.00466358037097329
0.004717986784710926
0.0047585442958844645
