1.887952431067698e-05
6.132882048497448e-06
0.0
8.468166502767927e-07
8.942847267321688e-06
2.4454991891670287e-05
4.744300848661363e-05
7.785674406386744e-05
0.00011553518655956461
0.00016020736894335036
0.0002114951250454444
0.0002689176644433517
0.0003318979020264974
0.00039977044711290576
0.00047179112777135475
0.0005471478988239287
0.0006249729573523801
0.0007043558678484056
0.0007843574808235792
0.0008640244140615157
0.0009424038550213196
0.0010185584363868246
0.001091580934527213
0.0011606085427429019
0.0012248364775913235
0.001283530687219916
0.0013360394453031674
0.0013818036326405927
0.0014203655304093658
0.001451375974103511
0.00147459974490029
0.0014899191050949843
0.0014973354158196294
0.0014969688079608582
0.0014890559104475316
0.0014739456733103965
0.0014520933555428482
0.0014240527792434292
0.0013904669812457443
0.0013520574209187764
0.0013096119275674478
0.0012639715924446329
0.0012160168284215695
0.0011666528345357582
0.0011167947126934558
0.0010673524895694973
0.0010192162981174572
0.0009732419700522793
0.000930237283247714
0.0008909490963309897
0.0008560515870609992
0.0008261357916186919
0.0008017006190605661
0.0007831454892899217
0.0007707647144405744
0.0007647437130445407
0.0007651571143053211
0.0007719687767855899
0.0007850337124231799
0.0008041018735995337
0.0008288237285844105
0.0008587575196391207
0.0008933780689241248
0.0009320869706370828
0.0009742239839739471
0.0010190794209763163
0.0010659073064624974
0.0011139390743321856
0.001162397555809545
0.0012105110107971313
0.0012575269535266371
0.0013027255281073695
0.0013454321983065462
0.0013850295287878654
0.001420967851852919
0.001452774634171549
0.0014800623816850155
0.0015025349473955835
0.0015199921356431612
0.0015323325271976707
0.0015395544815163397
0.001541755305256677
0.001539128609014686
0.001531959906688074
0.0015206205432680888
0.0015055600666824072
0.0014872971870146883
0.0014664094915217889
0.0014435221059115734
0.0014192955109420802
0.0013944127382271878
0.0013695661799236099
0.0013454442535392034
0.0013227181653297799
0.0013020290136042455
0.0012839754667779931
0.0012691022403213278
0.0012578895820378206
0.0012507439566432437
0.0012479900987324578
0.0012498645783136455
0.0012565109956049329
0.0012679768922219546
0.001284212434767733
0.0013050708947271185
0.0013303109160437809
0.0013596005294019052
0.001392522840628218
0.00142858329033969
0.0014672183535318927
0.0015078055217423293
0.0015496743871999264
0.0015921186284026654
0.001634408680208633
0.0016758048590750927
0.0017155707057590044
0.001752986303750891
0.0017873613320244558
0.0018180476153425032
0.0018444509442823243
0.0018660419501718185
0.001882365837028291
0.001893050793063028
0.0018978149279903038
0.0018964716088356397
0.001888933095701626
0.0018752124095052904
0.001855423395501841
0.0018297789788858819
0.0017985876413309533
0.0017622481794078455
0.001721242836835958
0.0016761289319138786
0.0016275291287174353
0.001576120525256133
0.0015226227532997582
0.0014677853026378975
0.0014123742967906091
0.0013571589573896166
0.0013028980004106201
0.001250326209047441
0.0012001414252454327
0.0011529921947994006
0.0011094662895934893
0.0010700803152143955
0.0010352705930748844
0.0010053854836783445
0.0009806792921345365
0.0009613078689536429
0.0009473259889972827
0.0009386865597864828
0.0009352416777192113
0.0009367455177148537
0.000942859008966026
0.0009531562174246657
0.0009671323249492578
0.0009842130662410572
0.0010037654583128052
0.0010251096337353161
0.0010475315687160885
0.0010702964805421368
0.0010926626563644887
0.0011138954669418105
0.0011332813149494859
0.0011501412678750697
0.001163844130360248
0.0011738187200343007
0.0011795651242584551
0.0011806647325345357
0.0011767888603253112
0.0011677058043228906
0.0011532861963634202
0.0011335065527466339
0.0011084509471623056
0.001078310768202404
0.0010433825559747032
0.0010040639460440598
0.0009608477822212395
0.0009143144920130483
0.000865122849275692
0.0008139992772371158
0.0007617258710715494
0.0007091273421637527
0.0006570571056886413
0.0006063827488106968
0.000557971128400759
0.0005126733544700125
0.000471309918401347
0.0004346562234636281
0.00040342876904838894
0.0003782722296728292
0.00035974765522466933
0.0003483220004325896
0.00034435916944801186
0.00034811273609927575
0.0003597204722630928
0.00037920078637369153
0.0004064511418800183
0.00044124849201891735
0.0004832517331713282
0.0005320061448938415
0.0005869497510549487
0.0006474215039296925
0.0007126711621745958
0.000781870704844235
0.0008541270975104713
0.00092849620354837
0.001003997614147608
0.001079630154922987
0.0011543878153946517
0.0012272758402790654
0.0012973267185942194
0.0013636158080791141
0.0014252763383254003
0.0014815135462098938
0.0015316177115190699
0.00157497587881994
0.0016110820733402143
0.001639545843498797
0.001660098990347911
0.0016726003740773275
0.0016770387193795122
0.0016735333743440662
0.0016623330110845601
0.001643812289935128
0.0016184665422236874
0.0015869045587791441
0.0015498396019272152
0.0015080787872683342
0.0014625110075433755
0.0014140935939561314
0.0013638379300649928
0.0013127942494676323
0.001262035860732922
0.0012126430512012071
0.0011656869252656666
0.0011222134325221053
0.0010832278367630221
0.0010496798682942928
0.0010224497896386894
0.0010023355885932467
0.0009900414931210274
0.0009861679800314918
0.0009912034242342857
0.00100551750797784
0.0010293564803787267
0.0010628403272072416
0.0011059618798332739
0.00115858786097484
0.0012204618339496254
0.001291208992016941
0.0013703426956037286
0.001457272638197499
0.001551314496889464
0.0016517009013498733
0.0017575935357537083
