0.0
4.4967828461160275e-05
9.09786024280055e-05
0.00013791916247027922
0.00018567480050056084
0.0002341296409590402
0.0002831670264776113
0.00033266990665079205
0.0003825212285251934
0.00043260432740851247
0.00048280331659338385
0.0005330034745909948
0.0005830916284740319
0.0006329565319384252
0.0006824892367083559
0.0007315834559291326
0.0007801359182177036
0.0008280467110707143
0.0008752196123650374
0.000921562408725465
0.0009669871995786413
0.001011410685761187
0.001054754441603111
0.0010969451694649087
0.001137914935767936
0.0011776013876225518
0.00121594794922691
0.001252903997280881
0.0012884250147341765
0.001322472722265034
0.0013550151869655513
0.0013860269077916273
0.001415488877419165
0.001443388620233472
0.001469720206265274
0.0014944842409741529
0.0015176878308682602
0.0015393445250374152
0.001559474232764948
0.001578103117471507
0.0015952634673312414
0.0016109935429868853
0.0016253374028751314
0.001638344706756808
0.001650070498127613
0.0016605749662640748
0.0016699231887358054
0.0016781848552886534
0.0016854339740737761
0.0016917485612646885
0.0016972103151677354
0.0017019042759909599
0.0017059184724917144
0.0017093435567745083
0.0017122724285570823
0.0017147998502646455
0.0017170220543491854
0.0017190363442627866
0.0017209406905407754
0.0017228333234721328
0.00172481232385094
0.001726975213313489
0.0017294185457711786
0.0017322375014492339
0.001735525485035774
0.0017393737294347249
0.0017438709065995723
0.0017491027469030969
0.0017551516684709255
0.0017620964178743468
0.0017700117235400984
0.0017789679631922885
0.0017890308465940109
0.0018002611148040483
0.0018127142571072719
0.00182644024671628
0.0018414832962766188
0.0018578816341388484
0.0018756673022880096
0.0018948659767449175
0.00191549681117453
0.0019375723043545566
0.001961098192072916
0.0019860733639358134
0.0020124898054794827
0.002040332565888275
0.002069579751530149
0.0021002025454280506
0.002132165252692448
0.0021654253718468245
0.002199933691884532
0.002235634414802303
0.002272465303263541
0.0023103578529531698
0.002349237489096069
0.002389023786522975
0.002429630712581692
0.0024709668921077455
0.0025129358935875733
0.0025554365355692785
0.0025983632123011374
0.002641606237506749
0.002685052205138171
0.002728584365884903
0.002772083018157328
0.002815425912208488
0.0028584886660079755
0.002901145191436528
0.002943268129329774
0.002984729291864544
0.00302540011075159
0.003065152089674218
0.003103857259393757
0.003141388633929568
0.003177620666213916
0.003212429701620211
0.0032456944277670374
0.003277296319010017
0.0033071200740487335
0.0033350540450968955
0.00336099065709017
0.0033848268154380943
0.003406464300863479
0.0034258101499151927
0.0034427770197875693
0.0034572835361319967
0.0034692546226032586
0.0034786218109446967
0.0034853235304820574
0.003489305375965736
0.0034905203527747677
0.0034889290985731162
0.0034845000805892668
0.003477209767773559
0.0034670427771738544
0.003453991993958586
0.0034380586646068708
0.003419252462877608
0.00339759152826329
0.0033731024767289447
0.0033458203836323197
0.0033157887388171976
0.003283059373967879
0.0032476923624085016
0.003209755891626
0.0031693261088896483
0.003126486940432948
0.00308132988475488
0.003033953780686752
0.002984464550957947
0.0029329749220782207
0.0028796041214358367
0.002824477552589133
0.0027677264498041755
0.002709487512962263
0.002649902524028502
0.0025891179463356476
0.002527284507996188
0.002464556770809686
0.0024010926860816677
0.002337053138814714
0.0022726014817714487
0.002207903060943211
0.0021431247339865436
0.002078434383212842
0.0020140004247339314
0.0019499913153782926
0.0018865750589989016
0.0018239187137942578
0.0017621879022591909
0.001701546325371288
0.0016421552826026203
0.0015841731993246713
0.001527755163147173
0.0014730524706990837
0.0014202121863222026
0.0013693767141052336
0.0013206833846383592
0.0012742640578161132
0.0012302447429593918
0.0011887452374662738
0.001149878785135996
0.001113751755241337
0.0010804633433519268
0.0010501052948348986
0.001022761651880278
0.0009985085248165747
0.000977413888397745
0.0009595374036562064
0.0009449302658282547
0.000933635078768375
0.0009256857561778927
0.0009211074498814559
0.0009199165052923991
0.0009221204441153105
0.0009277179742415739
0.0009366990267015295
0.0009490448194455312
0.0009647279476359362
0.000983712500043238
0.0010059542010524007
0.001031400577700463
0.0010599911510836596
0.0010916576513922563
0.0011263242557540648
0.0011639078479935708
0.0012043182993429513
0.001247458769074386
0.001293226023959921
0.00134151077540625
0.0013921980330570698
0.0014451674736055855
0.0015002938235141167
0.0015574472542970984
0.0016164937889879623
0.0016772957183795924
0.0017397120256023994
0.001803598817583654
0.001868809761916489
0.0019351965276570627
0.002002609228563802
0.002070896867293285
0.002139907779073336
0.0022094900733849727
0.002279492072201368
0.0023497627433531924
0.0024201521276163594
0.0024905117581492096
0.0025606950709424073
0.00263055780498527
0.0026999583908972153
0.0027687583268223895
0.0028368225404385742
0.002904019735988647
0.0029702227253035193
0.0030353087418493697
0.0030991597368991253
0.003161662656998105
0.003222709701966084
0.0032821985627530135
0.0033400326385421364
0.003396121232572974
0.003450379726236361
0.0035027297310747697
0.0035530992184029378
0.0036014226263461537
0.003647640944175946
0.0036917017739053464
0.0037335593691878383
0.003773174651645269
0.003810515204830248
0.0038455552461073945
0.0038782755768150905
0.003908663511144769
0.0039367127842480166
0.003962423440152607
