0.0
2.075019008970216e-06
5.369203390106049e-06
9.856767019073183e-06
1.5509026366099764e-05
2.229456002285292e-05
3.017937657107746e-05
3.912709005805771e-05
4.909910232012366e-05
6.0054791374619405e-05
7.195170508305596e-05
8.474575927368039e-05
9.839143950039113e-05
0.00011284200560688251
0.00012804969826011323
0.00014396594661568321
0.00016054157627941258
0.00017772701673441304
0.00019547250741107857
0.0002137283015887809
0.00023244486733243574
0.00025157308468459197
0.0002710644383540587
0.00029087120516535546
0.00031094663555926547
0.0003312451284634081
0.00035172239888291374
0.0003723356375948206
0.0003930436623655988
0.0004138070601490964
0.0004345883197620095
0.00045535195457558405
0.0004760646148054561
0.000496695189026156
0.0005172148945826996
0.0005375973566186131
0.0005578186754875724
0.0005778574823643351
0.000597694982919636
0.000617314988973032
0.0006367039380870404
0.0006558509011152636
0.0006747475777661749
0.0006933882802928113
0.000711769905466466
0.0007298918950395137
0.0007477561849484789
0.000765367143553219
0.0007827314992514967
0.000799858257850023
0.0008167586101131875
0.0008334458299489322
0.000849935163727475
0.0008662437112626606
0.0008823902990175634
0.0008983953461253543
0.0009142807238433823
0.0009300696090827333
0.0009457863326771484
0.000961456223074036
0.0009771054461463562
0.0009927608418372567
0.0010084497583595735
0.001024199884679512
0.001040039082018117
0.001055995215105344
0.0010720959839198895
0.0010883687566431476
0.0011048404045480983
0.0011215371395333043
0.001138484354998842
0.0011557064707447347
0.0011732267825535644
0.001191067317097344
0.0012092486927846213
0.0012277899871372445
0.0012467086112572896
0.0012660201919135975
0.0012857384617441505
0.001305875158035423
0.0013264399305029265
0.0013474402584585977
0.0013688813777106646
0.0013907662175002427
0.0014130953477364252
0.0014358669367481426
0.0014590767197267703
0.0014827179779885904
0.0015067815291408453
0.0015312557281895465
0.0015561264795815532
0.0015813772601278512
0.0016069891527097724
0.001632940890625085
0.001659208912386808
0.0016857674267443386
0.0017125884876542231
0.001739642078886831
0.0017668962079154813
0.0017943170086963246
0.001821868852910758
0.0018495144692073492
0.0018772150699474404
0.0019049304849278826
0.0019326193015257267
0.0019602390106835278
0.001987746158129996
0.0020150965002094707
0.0020422451636748743
0.0020691468087827582
0.0020957557950156656
0.002122026348746465
0.002147912732151507
0.0021733694126745513
0.0021983512323413583
0.002222813576225576
0.0022467125393703284
0.002270005091476331
0.0022926492386767467
0.00231460418173111
0.002335830469985472
0.0023562901504634672
0.0023759469114730813
0.0023947662201365657
0.0024127154532759564
0.0024297640211140598
0.0024458834832803067
0.0024610476566425976
0.0024752327145198217
0.0024884172768652323
0.0025005824910479743
0.0025117121028986975
0.0025217925177252474
0.002530812851045638
0.0025387649688278103
0.0025456435170688185
0.00255144594058994
0.0025561724909685755
0.002559826223572507
0.002562412983706944
0.002563941381929641
0.0025644227586339823
0.0025638711380442034
0.0025623031718105755
0.002559738072435329
0.0025561975368021154
0.0025517056601227117
0.00254628884065438
0.0025399756755795054
0.0025327968484758507
0.0025247850088407067
0.0025159746441652934
0.002506401945086872
0.002496104664174957
0.0024851219689347344
0.0024734942896351194
0.002461263162590768
0.002448471069546672
0.0024351612738306564
0.00242137765395306
0.0024071645353441317
0.0023925665209279896
0.002377628321237635
0.002362394584778065
0.002346909729344363
0.002331217774998495
0.0023153621794024734
0.0022993856761967047
0.002283330117100561
0.002267236318397684
0.0022511439124512657
0.0022350912048745637
0.00221911503795935
0.002203250660939946
0.0021875316076429363
0.002171989582042879
0.002156654352212315
0.0021415536531202463
0.002126713098697313
0.0021121561035479497
0.0020979038146504213
0.002083975053344638
0.0020703862678653
0.0020571514966344845
0.0020442823424833443
0.002031787957927216
0.002019675041572619
0.00200794784568816
0.001996608194924784
0.001985655516124036
0.0019750868791064266
0.001964897048285636
0.0019550785449084633
0.0019456217196752953
0.0019365148354514566
0.0019277441597366164
0.0019192940665172954
0.0019111471470867809
0.001903284329377706
0.001895685005315008
0.001888327165661459
0.0018811875417944005
0.0018742417538208699
0.0018674644644092542
0.0018608295376888356
0.0018543102025444437
0.001847879219611909
0.0018415090512611527
0.001835172033837758
0.0018288405514207782
0.0018224872103443227
0.0018160850137233335
0.0018096075352198272
0.0018030290912848075
0.0017963249111131055
0.0017894713035534991
0.0017824458202246774
0.0017752274140988649
0.001767796592829198
0.00176013556611424
0.0017522283864131816
0.0017440610823483585
0.0017356217841575522
0.001726900840587024
0.0017178909266474186
0.0017085871416882038
0.0016989870972822752
0.0016890909944505639
0.0016789016897966777
0.001668424750163844
0.0016576684954703962
0.0016466440294255734
0.0016353652578744906
0.001623848894569407
0.0016121144542137543
0.0016001842326757159
0.0015880832743190693
0.0015758393264504863
0.0015634827809342848
0.0015510466030774976
0.0015385662479399256
0.0015260795642753535
0.0015136266863611015
0.0015012499140234033
0.0014889935812155172
0.0014769039135538082
0.0014650288752640743
0.0014534180060359803
0.001442122248327383
0.0014311937657024226
0.001420685752827365
0.001410652237786099
0.0014011478774128114
0.0013922277463725159
0.0013839471207506319
0.0013763612569406356
