0.007754711403284896
0.0073000901368961355
0.006907609879135931
0.006620367792019577
0.006467219564559429
0.006457288397615295
0.006577302512001832
0.006792509950179684
0.007051338372462591
0.007293294161668271
0.007458952106238001
0.007500402200539071
0.007390301510476205
0.007127791024935839
0.0067399848095776845
0.006278461602613795
0.005811069699647248
0.005410238674485947
0.005139709859153161
0.005042006397929916
0.005128968270009235
0.005377254367681574
0.005729918362659123
0.006104126188644365
0.00640398064751825
0.0065364528869693884
0.00642777426168766
0.006037446302600436
0.005367333651795507
0.004464076424911056
0.0034141694444541903
0.002332315111319213
0.0013448410128880251
0.0005708676124198458
0.00010434862076184534
0.0
0.0002654935678436648
0.0008612256025376831
0.001707666191070413
0.002698983288866217
0.003720551877134345
0.004667298676550007
0.0054597160390903576
0.00605482595692957
0.006450305041590778
0.006681224404067493
0.006810188351290024
0.006912831241206678
0.007061440452935001
0.007309771121571346
0.007681855296066266
0.00816683769316187
0.008720737867808467
0.009274754888285183
0.009748531462971072
0.01006589763333361
0.01017017920171022
0.010036255809336985
0.009677161900523062
0.009144022038090437
0.008519312422101752
0.007904622054718691
0.00740503701194222
0.007112824148573726
0.007093157280765799
0.007374211484162805
0.00794313975532092
0.008748399886296694
0.009707814195002027
0.010720816511717754
0.011682728522932031
0.012498705173697808
0.01309521032283845
0.01342746404985418
0.013482113427860638
0.013275254755426208
0.01284670998286818
0.01225199578934321
0.011553637726379415
0.010813359543561066
0.010086272322173238
0.009417605878489067
0.008841901739179904
0.0083840584565539
0.008061293588079079
0.00788502034516791
0.007861829001473683
0.007993154645921301
0.008273701940515608
0.008689162682679444
0.009214088852043488
0.009810890246779735
0.010430779541584048
0.011017113403318938
0.01151105290018158
0.011858902417638362
0.01202000839464629
0.011973817943609858
0.011724685516287407
0.011303292126906846
0.010764066303140467
0.010178677060509846
0.009626380573272048
0.009182607881490902
0.008907561979678222
0.008836670601105033
0.008974493814516201
0.009293152000311812
0.009735612459906548
0.010223380637196956
0.010667425268834926
0.010980651586201401
0.011090010743479234
0.010946430897928756
0.010531150749277901
0.009857651892599201
0.00896910722988233
0.007931959806278052
0.00682680093220136
0.0057380414150283495
0.0047439248908520155
0.003908229069980034
0.003274597172092733
0.0028639284370870315
0.002674736729816614
0.0026859550278761687
0.0028613896094642636
0.0031549414016278582
0.003515802155840995
0.003893053148831741
0.0042393745247823154
0.00451383922704849
0.004683953650089023
0.0047271804167252005
0.004632132974530247
0.004399495497050598
0.004042547638160543
0.0035870251214037314
0.0030699810408938485
0.0025373652308246187
0.002040215194134387
0.0016296230530478363
0.001350951337652024
0.0012380423607401842
0.0013083280425041166
0.0015597439050132325
0.001970159466770256
0.002499674597210652
0.0030956543062935727
0.003699869864955483
0.0042566825529648245
0.00472094123932905
0.005064232792276703
0.005278348603649008
0.00537528462367986
0.0053837017774163755
0.0053424286705238185
0.005292164197067448
0.005266918303458733
0.005286831656265062
0.005353806818517097
0.005450891470678078
0.00554566133251393
0.005597082233490879
0.005564632228915721
0.005417972789547242
0.005145275144048857
0.004758480380430425
0.004294280031873564
0.003810363024730737
0.00337735006237318
0.003067666622753238
0.0029432333625413276
0.003044154062126557
0.0033804903028402207
0.003928734339187786
0.004633804642139557
0.005416428888918938
0.006184818030684109
0.006848747326648588
0.007333692059243788
0.007592607205023592
0.0076133085405639565
0.007420147282707684
0.007069644323677273
0.006640792142897207
0.006221657917961397
0.005894565600702954
0.005722382961203075
0.005738247545463268
0.005940467251192389
0.006293432952668305
0.0067343411466865575
0.007184526765072658
0.007563424097612887
0.007802741484679853
0.007858424280719544
0.007718386922782489
0.007404742086877341
0.006970207977770367
0.006489365559258395
0.006046294781387958
0.0057206985521131605
0.005574833039830612
0.005643377093441214
0.005927835398185383
0.006396282027089194
0.006988355273319241
0.007624566251517401
0.008218323613295817
0.008688707470899117
0.008971995484391268
0.009030240985510855
0.00885575970723731
0.008471090228033629
0.007924726048531226
0.007283550452340986
0.006623340258425033
0.0060188833850838615
0.005535168261364194
0.00522078766767509
0.005104229472849843
0.005193196788219565
0.005476607468010284
0.005928549510650465
0.0065132676755386976
0.007190244196473895
0.007918593212320198
0.008660265210741447
0.00938188730201102
0.01005537680535861
0.010657698999765593
0.011170255683061662
0.011578377321011555
0.011871263540440631
0.012042512556514411
0.012091151292522355
0.012022878185604272
0.011851105007032441
0.011597360130371884
0.011290699039163939
0.010965941510458118
0.010660783522651204
0.010412069307494382
0.010251707247088312
0.010202832228047114
0.010276831363159404
0.010471753892876636
0.0107724339833578
0.011152398684346863
0.011577355474124473
0.012009801218855552
0.01241410921377871
0.012761364015010723
0.013033239467645393
0.01322434983471912
