0.002113309908658232
0.0022795488104091783
0.0023359040377318304
0.002278523120619492
0.002122256140714399
0.0018997798585925194
0.0016578236159839545
0.0014510048876091876
0.0013342315324411163
0.0013549049078837418
0.0015462066596610962
0.0019225609627220842
0.002477969745497624
0.003187397966871421
0.004010841336207393
0.0048992463657424115
0.005801161546186573
0.006668932724476403
0.007463423318094487
0.008156601199579162
0.008731810175000916
0.009182033533087667
0.00950685721337561
0.009709067775005856
0.009791829957087418
0.009757181622300978
0.009606208498075065
0.009340802377824562
0.008966468201421836
0.00849532837236868
0.007948352538193884
0.0073559518991564155
0.006756402981219849
0.006192042934736039
0.00570370747232712
0.005324348751834932
0.0050730674819821995
0.004950846148078619
0.004939051597615307
0.005001314071146518
0.0050887668307004
0.0051479639221404215
0.005130216111429544
0.00500071776972912
0.004745764990216353
0.0043766171566424995
0.003929097415247807
0.00345877044836537
0.0030323446223669333
0.002716668418443801
0.002567187834609023
0.002617900734308845
0.0028746437930164182
0.0033130044680513933
0.0038813562590622377
0.004508611507010397
0.0051154364430556635
0.005627035123447779
0.005985302252865844
0.006158229758177062
0.00614491665813521
0.005975294564579652
0.005704605166388549
0.0054035845542260335
0.005146056596263328
0.004996079919103695
0.004996852968019936
0.005163252079352911
0.005479222497168722
0.005900384198388531
0.006361310602206682
0.006786151366039577
0.007100738244762168
0.00724412326420697
0.007177674096217857
0.006890347855193386
0.006399479636856779
0.005747217633727391
0.004993464976583712
0.004206720827383701
0.003454463455960555
0.002794657037678644
0.002269623012419607
0.001902978981980298
0.0016997293898027683
0.0016490175728698419
0.0017286268587778167
0.001910120635888829
0.0021635593155283203
0.0024609954767691993
0.0027783536176321896
0.0030957482453101543
0.0033966801149929414
0.0036667903343961345
0.0038928971092176985
0.004062887340643058
0.004166727854648018
0.0041984768422817014
0.004158810840125475
0.004057328189203206
0.0039138139081953596
0.003757781125111302
0.0036259219215276873
0.003557543574774547
0.00358854181967092
0.0037448664792374873
0.004036672862771429
0.004454361902894342
0.004967475532425914
0.005526964083798467
0.0060707575185162165
0.00653196068553249
0.006848472720304826
0.006972506378458497
0.006878423829361097
0.006567531113155854
0.006068949794504164
0.005436328675797471
0.00474085515394935
0.004061648316930129
0.0034750507954738642
0.0030445052373376967
0.0028125753970334377
0.0027962775988582445
0.002986301656426475
0.0033500316822457684
0.003837650067771819
0.004390134962150166
0.0049477234424586325
0.005457443066463974
0.005878595346007435
0.006185540489010605
0.006367685176655383
0.006427103140941247
0.006374620477518223
0.0062254019806945796
0.005995052142112268
0.005697012857564423
0.005341659350993953
0.004937054670688572
0.00449091886310264
0.004013087785839923
0.0035176356620350464
0.00302393178201602
0.0025561691660574465
0.0021412789255538887
0.0018055433534798805
0.0015705542465008484
0.001449356483333174
0.0014436270894258672
0.0015425633153133807
0.0017238263335678638
0.0019564789428046605
0.002205452489907849
0.0024367653826922997
0.002622559192503351
0.0027450513976718716
0.0027987191684606455
0.002790380646745846
0.002737254645137642
0.0026634694693102325
0.002595775286249291
0.0025593338303842713
0.0025743914585554376
0.0026544041575941747
0.002805830133126417
0.003029416016556708
0.0033224633217407767
0.0036813483856391166
0.004103529876414835
0.004588422904782173
0.00513681668851678
0.005748897678670288
0.006421325212554916
0.0071441029542273675
0.007898124627073615
0.008654208203313522
0.009374172900027268
0.01001410532033194
0.010529486519644866
0.010881410309668202
0.011042811705521873
0.011003516685295348
0.010773054258728862
0.010380524911520916
0.009871334609450725
0.009301183783517176
0.008728232271542428
0.008204736245441813
0.007769592096226664
0.007443090666915286
0.007224802039971232
0.007094945986046701
0.007018963622880276
0.0069544160900840025
0.0068589124078742205
0.006697595824674531
0.00644883129055848
0.006107114492145715
0.005682789889445136
0.00519880721622687
0.004685332618138543
0.004173442014477674
0.0036892755011040945
0.0032498908792377348
0.0028616503715738675
0.002521391430072574
0.0022199933509174583
0.0019473932980576644
0.001697751015685413
0.0014733932341976469
0.0012864099934672656
0.0011572838446037821
0.0011106085038241516
0.001168655838018286
0.0013441272661923517
0.0016337456213570936
0.0020143220591907055
0.0024425530139587214
0.002859121666210164
0.003196819566827105
0.0033915330844312835
0.0033942340963900525
0.003181729128681237
0.0027639546119718104
0.002186078759077827
0.0015245177810621993
0.0008770538664343054
0.0003483600332173757
3.318091679047324e-05
0.0
0.0002781140669132504
0.0008505932033832393
0.0016546862762874862
0.0025899856006475616
0.0035333052776092676
0.004357999103609427
0.004954574058393486
0.005249113895679783
0.005216292705446738
0.0048846007859083
0.004332689719807497
0.003677252104346089
0.0030543207779885205
0.00259704131713824
0.0024136279401004448
0.0025692329181816872
0.0030748310881431582
0.00388504726784593
0.004905336353020798
0.006007327329565382
0.007049742980280454
0.007901352340497996
0.008462070721115492
0.008678652232694758
0.008552363519608775
