0.001434092161874026
0.0013044921449156255
0.0011848463404847479
0.0010787738051682783
0.0009952708383746157
0.0009469742416689372
0.0009478773430898497
0.0010109543346832886
0.0011460967748604866
0.00135865035410107
0.001648692119986279
0.002011041817686658
0.0024358838987468896
0.002909806640040837
0.003417046484574121
0.003940751958192391
0.004464136441372518
0.004971452985963959
0.005448778949690035
0.005884630845705085
0.006270436016462092
0.006600871518861688
0.0068740524895637214
0.00709152593924029
0.007258014231069087
0.007380863771073963
0.0074691901683218665
0.007532765402626689
0.007580753397329946
0.007620452685908137
0.007656233965357651
0.007688855813255928
0.007715300199063822
0.007729195242597304
0.007721798029792488
0.0076834123921689194
0.007605034233712274
0.007479966823809872
0.0073051413191581194
0.007081916478979031
0.006816210309477969
0.006517921917063767
0.0061997159641798425
0.005875345220477794
0.005557761496853731
0.005257299846055239
0.004980210727829736
0.004727763016923988
0.004496057094210712
0.004276586062140294
0.004057480219014529
0.0038252799252760828
0.003567016015219443
0.003272341280833226
0.002935452641867117
0.002556568590587279
0.0021427747526286314
0.0017081151254888603
0.0012728810424999237
0.0008621283138437515
0.0005035303913664057
0.0002247473104361004
5.0551827058601534e-05
0.0
8.395698237111376e-05
0.000303283286707378
0.0006479467529101933
0.0010972483913360117
0.0016212385836430364
0.002183262351371359
0.002743423455978634
0.003262617032923281
0.0037066718468054412
0.004050087384353949
0.004278863681281627
0.004392009457673489
0.004401471314401357
0.004330435360859131
0.004210183846610672
0.004075907562842747
0.003962043420705278
0.0038977947493070114
0.003903480190486228
0.0039882423283571136
0.00414944381107062
0.004373817312922282
0.00464015839674079
0.004923103799084949
0.005197364734448355
0.005441716668940522
0.005642097062705797
0.0057933235071736845
0.0058991892374376615
0.0059709785364458505
0.006024720554086894
0.006077717319257254
0.006145001374521252
0.006236379294227064
0.006354599813121764
0.006494971513931649
0.006646484693131706
0.006794214988990397
0.006922553263735074
0.00701865905782186
0.007075499199490059
0.007093913336008489
0.007083327171578432
0.007060977024115936
0.0070497699886353255
0.007075134614943212
0.007161376902060171
0.007328119696241334
0.007587363611202144
0.007941577507810464
0.008383035898751383
0.00889440873072285
0.009450416719196303
0.010020226880490868
0.010570198901758308
0.011066607439268924
0.011478045606895484
0.011777335177090457
0.011942897256120789
0.011959642446681549
0.011819499053667644
0.011521702255008742
0.011072921935825743
0.01048723092288106
0.009785835816358815
0.008996437977791955
0.00815208490155356
0.007289422428708904
0.006446360876886845
0.005659302906046557
0.004960216551521233
0.0043739380093911675
0.003916124437857038
0.003592228425760387
0.0033977318379642832
0.0033196760645393484
0.003339293964883359
0.0034353322067753695
0.0035874985299941117
0.003779414719053163
0.004000522441745965
0.004246571309311154
0.004518587411727285
0.00482052664804041
0.00515609957006907
0.005525453130332453
0.0059224630728711945
0.006333306214556076
0.006736752317684491
0.007106278980986272
0.007413732751345327
0.007633911183267092
0.007749197627298149
0.00775329969621788
0.00765325044867536
0.007469118221733899
0.00723128968585109
0.0069756646319590835
0.006737538249514253
0.006545257440148551
0.006414852634722977
0.006346731589174708
0.006325186622881704
0.006320965798206444
0.006296581274708592
0.006213483688758626
0.006039827961747449
0.005757379000228668
0.005366200571390244
0.004886131490444566
0.004354622349066023
0.003821182557859414
0.003339345532187856
0.0029575717802349
0.002710770797516259
0.002614072505434122
0.0026601144709339614
0.002820489535755446
0.003051228461067648
0.0033014149353199494
0.003523393609673231
0.003682662188129153
0.003765516357330659
0.003782858952227385
0.003769241459887404
0.0037770652290026576
0.0038667783903686354
0.004094695150093345
0.004500586123439031
0.0050973362344180016
0.005864700805902112
0.006748546005097535
0.007666042022859342
0.008516243714662839
0.009194525872276878
0.009608612615550918
0.009693586598857886
0.009423353319631612
0.008816560577179798
0.007935847902152895
0.006880378185445424
0.005772700183260305
0.004741918785313052
0.0039057520927264513
0.003354229827847878
0.0031375102171831127
0.0032596143328333838
0.003678918047620805
0.004315168147435094
0.005061782440417646
0.005801419209004126
0.006422379503128701
0.006833392452472749
0.006974712772949386
0.006824148300332433
0.00639750198091728
0.00574380204457533
0.0049364560306441275
0.004061980528671306
0.003208161556687851
0.0024533830737496036
0.0018584732708919523
0.0014618543121946836
0.001278158949120394
0.0012999143864825162
0.001501484746096903
0.0018442641456000311
0.0022821316990431478
0.0027663819700445035
0.003249660346690755
0.0036887769232661605
0.004046562444232035
0.0042931042434667405
0.004406730491472638
0.004375006402567017
0.0041958085271704155
0.003878316831276131
0.003443578727092138
0.002924213234062987
0.0023628704674207284
0.0018092417014054533
0.0013156944207090467
0.0009319244385533332
0.0006992994177323882
0.0006457444444178837
0.0007820397604954062
0.0011002443583450448
0.0015746453755292609
0.0021652156326056405
0.002823118715838829
0.0034974204085119883
0.004141925790155153
