0.00419077668927876
0.004270557927168254
0.004349797976972864
0.004428662150021216
0.004507307881110003
0.004585878345293645
0.00466449628006866
0.00474325814388008
0.004822228738791934
0.0049014364194739785
0.004980869002412106
0.005060470478551537
0.005140138619581893
0.005219723552972533
0.005299027363911225
0.005377804763777242
0.0054557648450157155
0.00553257392162897
0.0056078594333424745
0.00568121487023542
0.005752205653656257
0.005820375888982068
0.005885255886631406
0.005946370330094892
0.006003246953975884
0.006055425581476566
0.006102467359728394
0.006143964023113627
0.006179547009472378
0.00620889625200022
0.00623174847082124
0.006247904792716858
0.006257237535287205
0.006259696002841596
0.006255311155419007
0.0062441990293289635
0.006226562807221215
0.006202693457628772
0.006172968887824419
0.006137851579284388
0.0060978847016269185
0.0060536867281227
0.006005944603272887
0.005955405540021716
0.005902867550415501
0.005849168838445546
0.005795176206942996
0.005741772651277744
0.005689844330833405
0.005640267124410704
0.00559389298752583
0.00555153633774812
0.005513960698554216
0.00548186583252127
0.005455875590967579
0.005436526699374714
0.005424258686163787
0.005419405146795396
0.005422186515934571
0.0054327044978533506
0.005450938279682889
0.005476742623980693
0.005509847906805219
0.005549862135591907
0.00559627494813963
0.005648463560508902
0.005705700598183525
0.00576716371204282
0.005831946849115006
0.005899073018301722
0.005967508363822717
0.006036177334536298
0.006103978716009568
0.006169802274653477
0.006232545749751061
0.006291131920075322
0.006344525467223984
0.006391749357922805
0.00643190047241636
0.006464164215641923
0.006487827862052046
0.006502292403516507
0.006507082692417749
0.0065018556985038545
0.006486406727858708
0.00646067348500703
0.0064247378941544985
0.00637882563228747
0.006323303364703908
0.0062586737118740365
0.006185568014678385
0.006104737002383356
0.006017039503539662
0.005923429373698226
0.005824940844833944
0.00572267252909585
0.005617770333461478
0.005511409561623763
0.005404776494612088
0.005299049751952533
0.005195381740397356
0.005094880497277871
0.004998592230325973
0.004907484845426162
0.0048224327383511005
0.004744203106336674
0.004673444010689718
0.004610674392894115
0.004556276214364245
0.004510488854627836
0.004473405864899305
0.004444974134371029
0.00442499548577993
0.004413130675599961
0.004408905733277777
0.004411720533978377
0.004420859461034691
0.004435503978369477
0.004454746900210161
0.004477608116029853
0.004503051503342551
0.004530002740211302
0.004557367713470474
0.004584051208009334
0.004608975557216165
0.004631098934948435
0.004649432975188394
0.004663059416780866
0.004671145487152345
0.004672957760406143
0.004667874251317962
0.004655394537077943
0.0046351477326231315
0.004606898182495894
0.004570548771711465
0.004526141799438709
0.00447385740167665
0.0044140095518088495
0.00434703971019507
0.004273508235075402
0.0041940837062969
0.00410953035003686
0.004020693786144932
0.003928485349366476
0.0038338652610163254
0.003737824948193979
0.00364136882299899
0.0035454958441405227
0.0034511811876518847
0.003359358352033366
0.0032709020160671225
0.0031866119548890517
0.003107198301875139
0.003033268420808216
0.00296531562503016
0.0029037099483306674
0.0028486911367280256
0.0028003639916756237
0.002758696154250075
0.0027235183772551085
0.0026945272886518424
0.002671290606059998
0.0026532547190285926
0.002639754514101852
0.002630025278136254
0.002623216478552035
0.002618407185873214
0.0026146228746102805
0.0026108533137863895
0.0026060712386381316
0.0025992514805867244
0.002589390223732492
0.0025755240530344467
0.002556748462057455
0.002532235496659184
0.00250125022510473
0.0024631657445966333
0.002417476458755498
0.0023638093897571117
0.002301933322120019
0.0022317656119647013
0.0021533765352921962
0.002066991090765104
0.0019729882158880025
0.001871897419621992
0.0017643928785618852
0.001651285087087184
0.0015335101936173336
0.001412117194533379
0.0012882531937875898
0.0011631469690786072
0.001038091114154122
0.0009144230508217311
0.0007935052231894803
0.0006767048001977932
0.0005653732204172423
0.0004608259152428726
0.00036432254298874494
0.00027704805705062443
0.00020009491643457628
0.0001344467268165851
8.096357526696284e-05
4.036929229201715e-05
1.3240841441745574e-05
0.0
9.074548654062695e-07
1.6059396345016828e-05
4.538664994909814e-05
8.865634314631117e-05
0.00014547606117205642
0.0002153004041303315
0.000297439817523205
0.0003910715306802387
0.0004952524029965743
0.0006089334470196278
0.0007309757707787742
0.0008601676597833723
0.000995242502189016
0.0011348972490267334
0.0012778110952861386
0.0014226640671226097
0.0015681552055030203
0.0017130200470956655
0.0018560471189334304
0.0019960931840263983
0.002132097000274776
0.0022630913842601767
0.002388213404223981
0.0025067125621685998
0.002617956862879969
0.0027214367070708075
0.00281676658606097
0.0029036845957066083
0.002982049826929966
0.0030518377284648648
0.003113133573625162
0.0031661241963712563
0.0032110881920897633
0.0032483848047736956
0.0032784417442267306
0.003301742194127715
0.0033188112839802135
0.003330202304929526
0.003336482951045275
0.003338221863929233
0.0033359757495020704
0.003330277321732053
0.003321624309171197
0.003310469736824481
0.0032972136685435857
0.0032821965643284657
0.0032656943732230063
0.003247915446543325
0.0032289993186587775
0.0032090173641654346
0.0031879753017756136
