0.004083075101683526
0.0040771304401761655
0.0040686423480405225
0.004057650439562918
0.004044200887297442
0.004028346280829593
0.004010145464226459
0.003989663352640971
0.003966970728613352
0.003942144018686782
0.003915265051026277
0.003886420794799611
0.0038557030821463898
0.0038232083136260373
0.003789037148097094
0.0037532941780386935
0.003716087591380102
0.0036775288209556297
0.0036377321827497726
0.003596814504141005
0.0035548947433919854
0.00351209360166897
0.003468533128903718
0.0034243363248371047
0.003379626736604819
0.0033345280542418985
0.003289163705494341
0.0032436564513325383
0.003198127983562871
0.0031526985259303043
0.0031074864400964207
0.0030626078378638453
0.0030181762009996397
0.002974302009986971
0.0029310923830062055
0.002888650726413757
0.0028470763979495314
0.0028064643838618076
0.002766904991092045
0.0027284835556115766
0.0026912801679475087
0.002655369416876747
0.002620820152204981
0.0025876952674819317
0.0025560515034354974
0.0025259392728357614
0.002497402507425448
0.0024704785274766612
0.0024451979344547446
0.002421584527189254
0.0023996552418696355
0.002379420116099404
0.002360882277157934
0.0023440379545334946
0.0023288765167053718
0.00231538053206701
0.0023035258537964253
0.0022932817283950525
0.0022846109275318927
0.0022774699027467045
0.0022718089624843723
0.002267572470852643
0.002264699067417606
0.00226312190727576
0.0022627689205686405
0.002263563090535913
0.00226542274913599
0.0022682618891996975
0.0022719904920226485
0.002276514869245893
0.0022817380178224464
0.0022875599868195013
0.0022938782547627717
0.0023005881161906718
0.0023075830760519436
0.0023147552505511817
0.002321995773022449
0.0023291952033920207
0.002336243939777242
0.002343032630759633
0.002349452586866756
0.002355396189798983
0.0023607572979441626
0.0023654316467352794
0.0023693172424234916
0.002372314747861334
0.002374327858918339
0.0023752636701837664
0.0023750330286484
0.002373550874099346
0.002370736565008362
0.002366514188745175
0.00236081285500246
0.0023535669713783615
0.002344716500125474
0.0023342071951418376
0.0023219908183494805
0.002308025334679136
0.0022922750849556934
0.0022747109360574586
0.0022553104078030656
0.002234057776102719
0.0022109441519948957
0.002185967536275571
0.002159132849513982
0.0021304519373367228
0.0020999435509501626
0.0020676333029595677
0.002033553598631443
0.0019977435428333423
0.0019602488229722237
0.0019211215683382279
0.0018804201863449985
0.001838209176240317
0.0017945589209412789
0.001749545457726522
0.001703250228593541
0.0016557598111618778
0.001607165631072532
0.0015575636569000826
0.0015070540786565618
0.001455740971024777
0.0014037319425133446
0.0013511377717760737
0.001298072032384129
0.0012446507073807069
0.0011909917949844001
0.0011372149068390246
0.001083440860234253
0.0010297912657428188
0.0009763881117364094
0.0009233533472533073
0.0008708084646966703
0.0008188740838427561
0.000767669538633534
0.0007173124682180582
0.0006679184136915305
0.0006196004219604628
0.0005724686581366741
0.0005266300278321465
0.0004821878106911995
0.0004392413064560584
0.00039788549481687536
0.00035821071024787167
0.0003203023329774496
0.0002842404971823548
0.0002500998174342591
0.00021794913436174075
0.0001878512804219623
0.00015986286660431065
0.0001340340908135263
0.00011040856860232624
8.902318684376521e-05
6.990798085166391e-05
5.308603537382793e-05
3.8573409797690436e-05
2.6379087821756797e-05
1.6504951759132528e-05
8.945781551836273e-06
3.6892784867439445e-06
7.161135163215575e-07
0.0
1.5077905954961716e-06
5.199597943882995e-06
1.1028938708073461e-05
1.8942900441869812e-05
2.888233068622844e-05
4.0782047611090475e-05
5.457107144532145e-05
7.017287586442598e-05
8.750565843565071e-05
0.00010648262915359682
0.00012701231603629557
0.00014899888669241395
0.00017234248471491753
0.0001969395797053121
0.0002226833296857546
0.00024946395461400016
0.00027716911967848117
0.0003056843270178651
0.00033489331448152975
0.0003646784600243129
0.0003949211903109687
0.00042550239209294374
0.00045630282491244153
0.00048720353368621964
0.0005180862597242903
0.0005488338487465516
0.0005793306544733443
0.0006094629363840192
0.0006391192502605844
0.000668190830161526
0.0006965719605036068
0.0007241603369668175
0.0007508574149796975
0.0007765687445884153
0.0008012042905635492
0.0008246787366530098
0.0008469117729477276
0.0008678283653886592
0.0008873590065087982
0.0009054399465721684
0.0009220134043429183
0.0009370277567913256
0.0009504377071195278
0.0009622044305679042
0.0009722956975427163
0.0009806859736869514
0.0009873564965986537
0.0009922953289842524
0.0009954973881182282
0.0009969644515644372
0.0009967051391984055
0.0009947348716534952
0.000991075805396753
0.000985756744722241
0.0009788130310303053
0.0009702864098404022
0.000960224876062401
0.0009486824981264686
0.0009357192216444511
0.0009214006533458652
0.0009057978260988675
0.0008889869458907811
0.0008710491217035503
0.0008520700792767901
0.0008321398598045923
0.0008113525046618587
0.0007898057273013771
0.0007676005735040648
0.0007448410712016873
0.0007216338711235708
0.0006980878795465844
0.0006743138844506485
0.0006504241764001644
0.0006265321654852572
0.0006027519956651386
0.0005791981578596656
0.0005559851031338671
0.0005332268573142304
0.0005110366383646566
0.0004895264778343618
0.00046880684766977747
0.00044898629365758367
0.0004301710767366973
0.00041246482338334303
0.00039596818623543247
0.00038077851608053206
0.00036698954628583023
0.0003546910906990022
0.0003439687559958196
0.0003349036693939807
0.0003275722225932528
0.00032204583273974735
0.0003183907211472591
0.0003166677104414347
