0.004664638259678383
0.004487218408255727
0.004307143455101768
0.004126186649423972
0.003946066544033131
0.003768427076985807
0.003594819331903862
0.0034266852109633944
0.003265343218158489
0.0031119765114532173
0.002967623341547053
0.0028331699529267535
0.002709345980404628
0.002596722332189043
0.0024957115094224017
0.00240657027275088
0.0023294045295147872
0.0022641762811732536
0.0022107124401450893
0.0021687152988320757
0.0021377744115864284
0.0021173796331015954
0.0021069350443671106
0.0021057734900645922
0.0021131714491310206
0.002128363963122473
0.0021505593548317554
0.002178953482115145
0.002212743288753639
0.002251139435024801
0.002293377815037414
0.002338729795269923
0.002386511038594063
0.0024360888097592153
0.0024868876912369836
0.0025383936718411976
0.002590156604005884
0.0026417910583918388
0.0026929756359916433
0.0027434508275356395
0.0027930155372321145
0.0028415224122204335
0.002888872140152809
0.0029350068946930714
0.002979903122147143
0.0030235638717153713
0.0030660108768584904
0.0031072765959558896
0.0031473964168491006
0.0031864012221278367
0.0032243105003315906
0.0032611261728811743
0.003296827287864023
0.003331365710177818
0.003364662913444712
0.0033966079530429504
0.003427056672097467
0.0034558321638833685
0.003482726485396455
0.003507503588405253
0.003529903406683396
0.0035496470118736544
0.0035664427260706177
0.003579993057203614
0.0035900023040830583
0.0035961846619141425
0.003598272646491772
0.0035960256464115303
0.003589238407632953
0.0035777492537080366
0.003561447847957479
0.003540282310780971
0.0035142655159918212
0.003483480404364142
0.003448084170197606
0.003408311197303295
0.0033644746440000457
0.0033169666020415114
0.003266256781386849
0.003212889700868241
0.0031574803935611536
0.003100708664481158
0.0030433119665667307
0.0029860769882218714
0.00292983007146634
0.0028754266034843375
0.0028237395456220888
0.0027756472822548714
0.00273202098707253
0.002693711715927132
0.00266153744322112
0.002636270262732241
0.0026186239736885374
0.00260924226881248
0.0026086877330116563
0.0026174318495404752
0.0026358461949998096
0.0026641949857515762
0.0027026291165366304
0.0027511818076852122
0.002809765950735284
0.002878173214000579
0.002956074940162972
0.003043024837829897
0.0031384634387359167
0.0032417242624186555
0.003352041601295567
0.003468559811624249
0.0035903439703325398
0.003716391734607159
0.0038456462208387226
0.003977009702392474
0.004109357912006991
0.0042415547246524195
0.0043724669905744916
0.004500979286109156
0.004626008351702495
0.004746516992367494
0.004861527225438091
0.004970132473759062
0.0050715086191297385
0.005164923750592864
0.005249746464665736
0.005325452599439997
0.00539163031118119
0.0054479834301590915
0.005494333061433583
0.005530617425692294
0.005556889964466669
0.005573315762628788
0.005580166368493348
0.005577813117643036
0.005566719090318252
0.005547429853461641
0.005520563156928948
0.005486797768668351
0.005446861645587858
0.0054015196451934425
0.005351560987774687
0.005297786679891269
0.005240997107192643
0.0051819799982704765
0.00512149895144999
0.005060282703384529
0.004999015302296651
0.004938327330030207
0.004878788296107578
0.0048209003041295075
0.004765093066547481
0.00471172031853807
0.004661057655887169
0.004613301795925862
0.004568571235122183
0.004526908252383632
0.004488282183904193
0.004452593873906156
0.004419681186255638
0.004389325445002017
0.004361258657687781
0.00433517136402479
0.004310720944406875
0.004287540217837867
0.0042652461572474515
0.004243448551832096
0.004221758450919971
0.004199796231783646
0.004177199144622382
0.00415362820136403
0.004128774290705504
0.004102363419589021
0.004074161000732178
0.004043975126500589
0.004011658790917385
0.003977111043519869
0.00394027708066995
0.0039011473013772545
0.0038597553752900676
0.0038161753898571524
0.003770518161399685
0.0037229268106270287
0.0036735717166938436
0.003622644974986345
0.003570354492248738
0.003516917858277917
0.0034625561361413633
0.0034074877126834165
0.0033519223480090203
0.0032960555567583616
0.0032400634454516483
0.0031840981191821787
0.003128283757707153
0.0030727134458103395
0.003017446826006229
0.002962508623569392
0.002907888074875792
0.00285353927052153
0.0027993824050330635
0.002745305905596606
0.0026911693935006676
0.002636807414277309
0.002582033856195585
0.0025266469621265638
0.0024704348271505396
0.0024131812638599603
0.0023546719093275855
0.0022947004423115296
0.0022330747765576223
0.0021696230960826343
0.002104199601072974
0.0020366898384513513
0.0019670154991361447
0.0018951385743810841
0.0018210647761266133
0.00174484614076615
0.0016665827518404445
0.0015864235345992165
0.001504566093764589
0.001421255584828996
0.001336782628445204
0.0012514802965364138
0.0011657202172930662
0.0010799078638636397
0.0009944771079415924
0.0009098841342761357
0.0008266008250988758
0.0007451077343067127
0.00066588677976021
0.0005894137880789034
0.0005161510297223997
0.00044653988287235696
0.000380993762661127
0.00031989144766714044
0.0002635709284061873
0.00021232389293241675
0.00016639095281231493
0.00012595769888127176
9.115166060722022e-05
6.204022587454148e-05
3.862955989698781e-05
2.086454312527717e-05
8.629728801411163e-06
1.7513016038420842e-06
0.0
3.094946843335434e-06
1.0708315773524848e-05
2.2470745431412906e-05
3.797739968734422e-05
5.679456027088414e-05
7.846662861016578e-05
0.00010252340652500223
0.00012848752080644706
0.00015588185474310146
0.0001842368503561626
0.00021309754846216998
0.0002420302396245566
0.00027062860746044455
