0.0006484045524004335
0.000623053806649733
0.0006020708703202351
0.0005859853822518292
0.0005753089695295919
0.000570526149784563
0.0005720851188852111
0.0005803885711612713
0.0005957847058713321
0.0006185585777028805
0.0006489239505072279
0.0006870158120957839
0.0007328837036815567
0.0007864860104152527
0.0008476853494673337
0.0009162451793287085
0.0009918277385803952
0.0010739934045069376
0.0011622015418402873
0.0012558128899091757
0.0013540935128653268
0.0014562203128325277
0.0015612880801797123
0.0016683180290828418
0.0017762677405585427
0.0018840424096817784
0.001990507269199344
0.002094501038673518
0.00219485022707457
0.0022903840978029948
0.0023799500888476576
0.0024624294675218844
0.0025367529892677786
0.002601916323630121
0.0026569950078685852
0.002701158689932336
0.0027336844277309714
0.0027539688207993845
0.0027615387635015437
0.002756060625711163
0.0027373476872393923
0.002705365675880161
0.002660236285479772
0.0026022385795197588
0.0025318082168908343
0.0024495344693473008
0.002356155034045662
0.0022525486790411055
0.002139725794075298
0.002018816952863792
0.0018910596258081265
0.0017577832130536105
0.001620392596547479
0.001480350435712805
0.0013391584540699986
0.0011983379831878936
0.0010594100453641484
0.000923875267117713
0.0007931939216917353
0.0006687664001548694
0.0005519144072722929
0.0004438631700945622
0.0003457249342638442
0.00025848400552479396
0.00018298357209186006
0.00011991451768211944
6.98064055596121e-05
3.3020781305285584e-05
9.746906735424738e-06
0.0
3.6220180000445974e-06
2.0284977500232854e-05
4.949677132915506e-05
9.0609396514832e-05
0.000142829472753612
0.00020523089290064777
0.00027676941281883603
0.00035629895651431275
0.00044258938455892785
0.0005343454498369258
0.0006302266450740389
0.0007288676317609821
0.0008288989302404251
0.0009289675460751722
0.001027757208456427
0.0011240079023578766
0.001216534387316233
0.0013042434119569972
0.0013861493544329554
0.0014613880444683787
0.0015292285522922867
0.0015890827629175541
0.0016405125904344962
0.001683234725639954
0.001717122850774133
0.0017422072967136367
0.0017586721599746188
0.0017668499386103251
0.0017672137868401745
0.001760367527335809
0.001747033596852407
0.0017280391347083259
0.0017043004539090455
0.0016768061609672112
0.0016465992122425895
0.0016147582115420812
0.0015823782654921402
0.0015505517196218277
0.001520349099064725
0.0014928005732841808
0.0014688782543262786
0.0014494796229773338
0.0014354123571070588
0.0014273808117595704
0.0014259743716363521
0.0014316578639952892
0.0014447641842288373
0.0014654892480974804
0.0014938893444409278
0.0015298809208605978
0.0015732427930744666
0.0016236207271093995
0.001680534302932131
0.0017433859292267893
0.0018114718424739442
0.0018839948899024724
0.001960078865848578
0.0020387841450814313
0.0021191243351869364
0.002200083653506466
0.002280634722687045
0.002359756472804915
0.0024364518373736995
0.0025097649353444124
0.0025787974413555344
0.0026427238618113693
0.002700805454580546
0.0027524025548522793
0.0027969850985256044
0.0028341411669248447
0.0028635834120584354
0.0028851532594422716
0.0028988228250246047
0.0029046945232804734
0.0029029983843749793
0.0028940871387073868
0.002878429166430522
0.0028565994470019004
0.0028292686788058017
0.0027971907707758843
0.002761188936186429
0.0027221406428734516
0.0026809616936744078
0.0026385897254974163
0.0025959674248959832
0.0025540257621719967
0.0025136675447917237
0.002475751584305502
0.002441077759135408
0.002410373238752676
0.002384280113213364
0.002363344646144745
0.0023480083395418638
0.002338600965675926
0.0023353356856265287
0.002338306336067733
0.0023474869266409057
0.0023627333502372313
0.0023837872685039912
0.0024102820955947974
0.0024417509653071124
0.0024776365309648564
0.002517302414349206
0.0025600460902457794
0.0026051129672915495
0.0026517114042322112
0.002699028383824873
0.0027462455547432657
0.002792555345175302
0.0028371768504654813
0.002879371201171467
0.0029184561272049114
0.0029538194481457942
0.002984931239101755
0.0030113544452859513
0.0030327537463861257
0.003048902503297144
0.003059687654329456
0.0030651124649713293
0.00306529707401598
0.0030604768186756883
0.0030509983614847606
0.0030373136816258433
0.0030199720320893972
0.0029996100011027748
0.002976939850882202
0.00295273633835009
0.0029278222504562188
0.0029030529106435763
0.0028792999323785174
0.0028574345101719262
0.002838310547890131
0.0028227479282196197
0.0028115162258301645
0.002805319160093936
0.002804780071275852
0.002810428687118114
0.002822689424993941
0.0028418714486809094
0.0028681606687590453
0.0029016138421983136
0.002942154890450066
0.0029895735169324727
0.0030435261648744587
0.0031035393157568094
0.00316901508777656
0.003239239053578013
0.0033133901576451958
0.003390552576917393
0.003469729334017681
0.003549857441572274
0.003629824328988106
0.003708485280220954
0.00378468159290643
0.0038572591560578373
0.003925087135587337
0.003987076454318037
0.004042197755967209
0.00408949855074459
0.004128119253578767
0.004157307844323813
0.004176432902284784
0.0041849947946306565
0.004182634829259865
0.004169142216904131
0.004144458724102823
0.004108680937509827
0.004062060100131302
0.004004999520837907
0.003938049599141879
0.00386190054707377
0.0037773729283474616
0.0036854061712046525
0.0035870452447602542
0.003483425718756532
0.0033757574528658334
0.003265307183616917
0.003153380294292773
0.0030413020654757117
0.0029303987111030947
0.0028219785068400926
0.0027173133142618577
0.0026176207958468565
0.0025240476022865338
0.0024376537953714472
0.002359398747061581
