0.0010797598810319432
0.001208847126984318
0.0013424648511395712
0.0014793474376127162
0.0016181915092697585
0.0017576710340545642
0.001896452934647236
0.0020332129895585154
0.002166651805199857
0.0022955106332329645
0.0024185868057497264
0.0025347485626609346
0.002642949051118025
0.002742239285833327
0.0028317798717164455
0.0029108513061616333
0.002978862697398016
0.0030353587572889626
0.0030800249515230468
0.0031126907169126325
0.0031333306840996226
0.0031420638739173314
0.0031391508664991388
0.003124988973463094
0.0031001054746282583
0.003065149011219251
0.0030208792568804255
0.0029681550155528343
0.0029079209208898588
0.002841192934954739
0.0027690428640469947
0.002692582126281716
0.002612945018684706
0.0025312717408143663
0.0024486914370874303
0.002366305520946703
0.0022851715407106866
0.0022062878394045198
0.0021305792491778464
0.0020588840452274663
0.001991942364689324
0.001930386273039019
0.001874731634497524
0.0018253719141891449
0.001782574008801139
0.0017464761697495474
0.0017170880488973463
0.0016942928622576646
0.0016778516324196273
0.0016674094362364542
0.001662503551188973
0.0016625733623428039
0.0016669718624903102
0.0016749785514116277
0.0016858135166635969
0.0016986524583214682
0.0017126424040088363
0.0017269178486451848
0.0017406170458372674
0.0017528981748864668
0.0017629551090489017
0.0017700325169601877
0.0017734400399357086
0.0017725653030163158
0.0017668855369097928
0.0017559776110704325
0.0017395263046868141
0.0017173306718751046
0.0016893083894132961
0.0016554980093668027
0.001616059074378525
0.0015712700896309795
0.0015215243819227187
0.0014673239123183537
0.0014092711438185251
0.001348059098855759
0.0012844597725825703
0.0012193110963436944
0.0011535026709232296
0.001087960510692659
0.0010236310572800298
0.0009614647345257434
0.0009023993250506911
0.0008473434525802812
0.0007971604531658866
0.0007526529126281986
0.0007145481370022489
0.0006834848076592672
0.0006600010533628243
0.0006445241481064571
0.0006373620165669837
0.0006386966988442212
0.0006485798933507914
0.0006669306618186175
0.000693535343991437
0.0007280496922925498
0.0007700031992268555
0.000818805553135019
0.0008737551217980659
0.0009340493289097104
0.0009987967561806608
0.0010670307743662968
0.0011377244803222348
0.0012098066947409916
0.001282178756894165
0.0013537318388147522
0.0014233644921441322
0.0014900001364995463
0.0015526041987683182
0.001610200618199785
0.001661887442454567
0.001706851254711587
0.001744380191274055
0.001773875332529068
0.0017948602772047035
0.0018069887401730837
0.001810050047052954
0.0018039724340093413
0.001788824097832845
0.001764811978982882
0.001732278298157806
0.001691694904466164
0.0016436555297793538
0.0015888660787268315
0.0015281331164582687
0.0014623507461897695
0.0013924860951671195
0.00131956365056952
0.001244648705657434
0.0011688301908241371
0.0010932031739047982
0.001018851318972094
0.0009468295928286789
0.0008781475035044095
0.0008137531453726551
0.0007545183111914997
0.0007012249127058298
0.0006545529287444124
0.0006150700734090565
0.0005832233474400675
0.0005593326036657808
0.0005435862231612239
0.0005360389629439119
0.0005366119993400838
0.0005450951541927616
0.0005611512544872114
0.0005843225403651363
0.0006140390024924492
0.0006496284979140426
0.0006903284644101705
0.0007352990274523176
0.0007836372715740137
0.0008343924296921794
0.0008865817299349109
0.0009392066300745942
0.0009912691648736682
0.001041788131586821
0.0010898148435068572
0.0011344481906908808
0.001174848760676825
0.0012102517898409178
0.001239978737725131
0.0012634473017862843
0.0012801797181325068
0.0012898092244158635
0.001292084593598035
0.0012868726812237056
0.00127415896352699
0.0012540460785518451
0.0012267504168803809
0.0011925968419355185
0.0011520116515801404
0.001105513922327851
0.0010537054044055345
0.0009972591597084998
0.0009369071549660433
0.0008734270388527096
0.0008076283440719956
0.0007403383634123108
0.0006723879523133883
0.000604597509547992
0.000537763382260128
0.00047264493192653847
0.0004099524840176171
0.0003503363664936962
0.0002943772211159183
0.00024257774727122657
0.0001953560110551449
0.00015304042321638415
0.0001158664587717149
8.397515920358263e-05
5.741342572820928e-05
3.6136079747322875e-05
2.0009634846845535e-05
8.817694142383703e-06
2.267857931381994e-06
0.0
1.5957470114080947e-06
6.5889745839184215e-06
1.4477116307760017e-05
2.473306834046879e-05
3.6817462587521426e-05
5.019107596929053e-05
6.432714197632055e-05
7.872333362555573e-05
9.29131939787825e-05
0.00010647680142629088
0.0001190504717580932
0.0001303353173600988
0.00014010450534108544
0.00014820908062003566
0.00015458224653846055
0.0001592420239241079
0.00016229223920711145
0.00016392182264133442
0.00016440242836571347
0.00016408441840399818
0.00016339128220603603
0.00016281259145671328
0.00016289561612396058
0.00016423575162476198
0.00016746592814125536
0.0001732451911521959
0.00018224665685021772
0.00019514505704624585
0.0002126040952403303
0.00023526383865289896
0.0002637283701236834
0.00029855391893002605
0.0003402376808554421
0.0003892075254248815
0.00044581277235224625
0.0005103162002151145
0.0005828874285339265
0.0006635977901883704
0.0007524167848934034
0.000849210176756077
0.0009537397702396304
0.0010656648696875048
0.0011845453984256063
0.0013098466248829506
0.00144094541565148
0.0015771379094276059
0.0017176484817918638
0.001861639849203356
0.002008224141779954
0.0021564747587207193
0.0023054388078633846
0.0024541499220553827
0.0026016412398853833
0.0027469583369412877
0.0028891718961296794
0.0030273899116432914
0.0031607692307649956
0.003288526250652993
0.0034099466033086973
