0.003831099446619312
0.0037980888891160627
0.003760741653883274
0.0037190449727248403
0.0036730392601681114
0.0036228214621667806
0.003568547370928942
0.003510432845717005
0.003448753900578589
0.0033838456417881317
0.0033161000598951685
0.003245962703270888
0.0031739282815077528
0.003100535267557365
0.003026359586708209
0.0029520074980521997
0.002878107789644308
0.002805303421838394
0.00273424276404343
0.0026655705781939093
0.002599918907423573
0.0025378980306832387
0.0024800876433167672
0.002427028419924645
0.0023792141092772883
0.0023370843017181866
0.00230101799759879
0.0022713280910382117
0.0022482568669692934
0.002231972591324122
0.002222567254663972
0.002220055508933796
0.0022243748157013067
0.0022353868026184953
0.002252879803316726
0.0022765725349097325
0.002306118847116358
0.0023411134580937736
0.0023810985747354046
0.002425571279748975
0.0024739915545662562
0.002525790796283829
0.0025803806785851973
0.00263716220109211
0.002695534768929688
0.002754905144506114
0.0028146961165906722
0.002874354737658782
0.002933359989043183
0.002991229744521757
0.003047526916373903
0.003101864683396845
0.0031539107176016914
0.0032033903449858667
0.00325008859555783
0.003293851118306616
0.00333458395768528
0.0033722522090310204
0.003406877590794351
0.003438534991122698
0.0034673480648828173
0.0034934839742763396
0.003517147381495828
0.0035385738151112265
0.0035580225428325832
0.003575769091771524
0.003592097563173657
0.003607292891718345
0.003621633199832249
0.003635382395040858
0.00364878315324077
0.00366205042301679
0.003675365575901865
0.003688871314978627
0.003702667439684027
0.0037168075483749174
0.003731296742445327
0.0037460903768844044
0.0037610938824760584
0.003776163664728705
0.0037911090644548026
0.0038056953450629483
0.0038196476524419414
0.0038326558751541106
0.003844380315842969
0.00385445806960067
0.0038625099918055627
0.0038681481268655056
0.0038709834605845737
0.00387063385266191
0.0038667320022385916
0.0038589332984901776
0.003846923410029431
0.0038304254712970024
0.003809206731091477
0.0037830845377916714
0.0037519315474779076
0.0037156800548490947
0.0036743253623072103
0.0036279281195567997
0.0035766155842354057
0.003520581773121709
0.003460086493017891
0.0033954532601194946
0.0033270661362165025
0.003255365529064851
0.0031808430223909355
0.0031040353179221567
0.0030255173872773167
0.002945894945231954
0.002865796367559437
0.0027858641861392957
0.0027067463011606714
0.0026290870549153375
0.002553518313799783
0.0024806507047049845
0.0024110651489859737
0.0023453048317382537
0.002283867736274698
0.00222719986364712
0.0021756892449824234
0.0021296608405299076
0.0020893724039010245
0.0020550113733081013
0.0020266928339776587
0.002004458577645207
0.0019882772664590416
0.001978045690061144
0.001973591086401261
0.001974674479294276
0.0019809949691554436
0.0019921948980267737
0.002007865796200605
0.0020275550056824292
0.00205077286561126
0.002077000336731502
0.0021056969362061475
0.002136308850556222
0.0021682770933427993
0.0022010455753701404
0.0022340689586338807
0.002266820170878359
0.0022987974653350183
0.002329530919825864
0.002358588280736347
0.0023855800701656988
0.0024101638886004297
0.0024320478604594577
0.0024509931855437907
0.0024668157754974837
0.002479386970553628
0.0024886333478056615
0.002494535647723317
0.002497126860350511
0.002496489526322659
0.00249275232028939
0.002486085995317315
0.0024766987761985835
0.002464831297159238
0.0024507511851370846
0.0024347473935090935
0.0024171243928580275
0.0023981963250804105
0.00237828122489344
0.0023576954086743985
0.002336748124673793
0.0023157365511267177
0.002294941219817788
0.002274621932431557
0.002255014225760987
0.0022363264297869446
0.0022187373500293776
0.0022023945926600767
0.0021874135379145333
0.002173876954599749
0.0021618352362118487
0.002151307227585107
0.0021422816003087777
0.002134718725565164
0.0021285529847322867
0.002123695451200259
0.0021200368714847854
0.0021174508699646558
0.0021157972994699957
0.002114925659517569
0.002114678505208109
0.0021148947726145778
0.002115412950814195
0.002116074036435612
0.0021167242135636272
0.002117217209900973
0.002117416289043229
0.00211719584837567
0.002116442602234353
0.002115056340364878
0.0021129502621347164
0.00211005089718388
0.0021062976330154773
0.0021016418792239133
0.0020960459064409435
0.0020894814054733465
0.002081927818358136
0.002073370498044124
0.0020637987570225947
0.0020532038674041034
0.0020415770756339185
0.0020289076942472447
0.002015181330811159
0.0020003783105380034
0.001984472344069807
0.001967429485737927
0.001949207420335243
0.0019297551082611344
0.0019090128099930092
0.0018869125013985496
0.0018633786816380379
0.0018383295655313553
0.0018116786424970184
0.0017833365747274075
0.0017532133983545035
0.0017212209831833616
0.0016872756993102688
0.0016513012327647272
0.001613231487362414
0.0015730135063479706
0.0015306103452325606
0.0014860038265515484
0.0014391971081122042
0.0013902169986668783
0.0013391159587993055
0.0012859737300841105
0.0012308985421755326
0.0011740278552761212
0.0011155286042778933
0.001055596920583149
0.0009944573180053974
0.000932361340012323
0.000869585676680881
0.000806429770859648
0.0007432129439442028
0.0006802710821372637
0.0006179529338636016
0.0005566160779288442
0.000496622629854968
0.00043833476041757816
0.0003821101055986459
0.00032829715082769925
0.0002772306744187954
0.0002292273354562416
0.0001845814900090256
0.0001435613164662711
0.00010640532602334196
7.331932798373443e-05
4.447391168256858e-05
2.000249762157489e-05
0.0
