0.0009647865117013917
0.0009760253610462431
0.00098899717868903
0.0010036583894433057
0.0010199615792869817
0.0010378556739452133
0.0010572861273123583
0.001078195118953805
0.0011005217599013002
0.0011242023059314166
0.0011491703774960003
0.0011753571854559316
0.0012026917617553666
0.0012311011941628187
0.001260510864198028
0.0012908446873595681
0.0013220253547675351
0.0013539745753384472
0.0013866133176156396
0.0014198620503878886
0.0014536409812417417
0.0014878702922089466
0.0015224703716894214
0.0015573620418522808
0.001592466780742446
0.0016277069383481603
0.0016630059459152684
0.001698288517827165
0.0017334808454048081
0.0017685107820189375
0.0018033080189465015
0.0018378042514450561
0.001871933334562489
0.0019056314282445157
0.001938837131348957
0.001971491604223514
0.002003538679552515
0.002034924961227663
0.0020655999110479667
0.002095515923104627
0.0021246283857574233
0.0021528957311599192
0.002180279472341405
0.002206744227903663
0.0022322577344402166
0.002256790846834524
0.0022803175266413586
0.002302814818802244
0.0023242628169910847
0.0023446446179298443
0.0023639462650561806
0.0023821566819650824
0.0023992675960847337
0.00241527345308278
0.002430171322532897
0.0024439607954027925
0.002456643873953497
0.0024682248546658916
0.002478710204833712
0.0024881084334828062
0.002496429957294005
0.0025036869622216138
0.0025098932615111756
0.002515064150828756
0.002519216261219523
0.002522367410615849
0.0025245364546145656
0.002525743137239273
0.0025260079423969593
0.0025253519467283957
0.0025237966745391962
0.002521363955482827
0.0025180757856485486
0.002513954192686186
0.0025090211055759258
0.002503298229625127
0.0024968069272455263
0.0024895681050332965
0.002481602107641402
0.0024729286188986677
0.0024635665705930714
0.0024535340592982393
0.0024428482715820217
0.0024315254178945934
0.00241958067539094
0.002407028139898975
0.0023938807872001602
0.0023801504437444753
0.0023658477668761653
0.0023509822346010185
0.0023355621448802218
0.0023195946243903236
0.002303085646643575
0.0022860400593183437
0.0022684616206052745
0.002250353044331929
0.002231716053586648
0.0022125514425217875
0.0021928591459772187
0.002172638316527431
0.0021518874085197197
0.0021306042686370357
0.002108786232487268
0.002086430226691047
0.0020635328759128777
0.0020400906142555375
0.002016099800415369
0.001991556835976428
0.0019664582862045305
0.0019408010026881256
0.0019145822471616728
0.0018877998158388927
0.0018604521635779193
0.0018325385271979859
0.0018040590472679647
0.0017750148876907155
0.0017454083524138671
0.0017152429986072519
0.0016845237456598696
0.0016532569793646524
0.0016214506506776738
0.0015891143684594977
0.0015562594856301717
0.0015228991781957026
0.0014890485166327335
0.0014547245291493948
0.0014199462563737571
0.0013847347970569845
0.0013491133444158165
0.0013131072127785088
0.0012767438542393723
0.0012400528650697343
0.0012030659816769937
0.001165817065948606
0.0011283420798638157
0.0010906790493028563
0.0010528680170307466
0.0010149509848806101
0.0009769718452095448
0.0009389763017480341
0.0009010117800117929
0.0008631273274923401
0.0008253735038894752
0.0007878022616949025
0.0007504668174813391
0.0007134215142953542
0.000676721675594788
0.0006404234512125886
0.000604583655868285
0.0005692596007857022
0.0005345089190109842
0.000500389385058148
0.00046695872954031115
0.00043427444947307346
0.0004023936149623493
0.00037137267301199837
0.0003412672492067994
0.00031213194804364836
0.00028402015269809794
0.0002569838250245837
0.00023107330659669295
0.00020633712159868578
0.00018282178238108516
0.00016057159849148768
0.00013962848998681906
0.00012003180582503261
0.00010181814812286081
8.502120305144047e-05
6.96715791238269e-05
5.5796653607374704e-05
4.3420427769864196e-05
3.2563391641173695e-05
2.3242398942318124e-05
1.5470552800882177e-05
9.257102836369773e-06
4.607354160993723e-06
1.5225888008840293e-06
0.0
3.263982403583707e-08
1.6093804348577337e-06
4.714889357209685e-06
9.32961900923057e-06
1.5429810716547677e-05
2.298751337677504e-05
3.197061688718704e-05
4.234290039354825e-05
5.4064095362531175e-05
6.708996342429888e-05
8.137238887566596e-05
9.685948567816276e-05
0.00011349571872943049
0.00013122203913089195
0.0001499760331198966
0.0001696920842804827
0.00019030154859418216
0.00021173294184055353
0.0002339121388071426
0.00025676258372010286
0.00028020551126018453
0.00030416017748432513
0.0003285440999308579
0.0003532733061465483
0.0003782625898364376
0.0004034257738029603
0.0004286759788092538
0.0004539258974729039
0.0004790880722709563
0.0005040751767148196
0.0005288002987347849
0.0005531772252985302
0.0005771207272759757
0.0006005468435546438
0.0006233731634048505
0.000645519106093084
0.0006669061967445459
0.0006874583374621256
0.0007071020727191184
0.0007257668480566839
0.0007433852611342928
0.0007598933042023737
0.0007752305970907375
0.0007893406098342475
0.0008021708740884245
0.0008136731825221784
0.0008238037754124951
0.0008325235137065742
0.0008397980378604771
0.0008455979118096361
0.0008498987514754545
0.000852681337263532
0.0008539317100625559
0.000853641250308488
0.0008518067397361023
0.0008484304054989921
0.0008435199463996833
0.0008370885410332275
0.0008291548377103818
0.000819742926089986
0.0008088822905142155
0.0007966077451047424
0.0007829593507423095
0.000767982314116494
0.0007517268690963398
0.0007342481407358466
0.0007156059922906848
0.0006958648556838485
0.0006750935459179919
0.0006533650599906448
0.0006307563609252311
0.000607348147585565
0.0005832246109940724
0.0005584731779241808
0.000533184242584955
0.0005074508872609748
0.0004813685928123767
0.0004550349399789395
