0.0004212273939679502
0.0004238726336956201
0.0004270001628304389
0.0004306277943897786
0.00043477255237617924
0.00043945053881051354
0.0004446768036196106
0.00045046521799928566
0.0004568283518598254
0.00046377735594448457
0.0004713218491925682
0.0004794698118972434
0.00048822748518446177
0.0004975992773133668
0.0005075876772703965
0.0005181931760991324
0.0005294141963758469
0.0005412470302068676
0.0005536857860883849
0.0005667223449323483
0.0005803463255238002
0.0005945450596354867
0.0006093035769850733
0.0006246046001789176
0.0006404285497442938
0.0006567535593093743
0.0006735555009473647
0.0006908080206580896
0.0007084825839172497
0.0007265485311806737
0.0007449731431883515
0.0007637217158710316
0.0007827576446208737
0.0008020425176472222
0.0008215362180991933
0.000841197034598597
0.0008609817797898971
0.000880845916478625
0.0009007436908960238
0.0009206282725958634
0.0009404519004594678
0.0009601660342571547
0.0009797215111886158
0.0009990687068013972
0.0010181576996656171
0.0010369384391645659
0.0010553609157448376
0.001073375332956318
0.0010909322806016747
0.0011079829083071012
0.0011244790988208765
0.001140373640343984
0.0011556203971974826
0.001170174478134599
0.0011839924016116396
0.0011970322573406896
0.0012092538634587535
0.0012206189186623783
0.0012310911486738906
0.0012406364464250452
0.0012492230053661576
0.0012568214453334606
0.0012634049304345155
0.00126894927844085
0.0012734330612084745
0.0012768376956805003
0.0012791475250614828
0.001280349889790379
0.001280435187977821
0.001279396925013764
0.0012772317520932022
0.0012739394934504682
0.0012695231621364447
0.0012639889642176423
0.0012573462913213784
0.001249607701497054
0.0012407888884095502
0.001230908638926932
0.0012199887792107077
0.0012080541094627254
0.0011951323275281546
0.0011812539415987648
0.0011664521723046748
0.0011507628445257241
0.0011342242692954593
0.0011168771162112408
0.0010987642768030144
0.0010799307193506923
0.0010604233356756763
0.0010402907804657501
0.0010195833037241163
0.0009983525769627706
0.0009766515137874208
0.0009545340855457813
0.0009320551327331208
0.0009092701728683348
0.0008862352055705187
0.0008630065155798543
0.0008396404744776707
0.0008161933418685793
0.0007927210667927496
0.0007692790901384868
0.0007459221488244113
0.0007227040825166514
0.0006996776436395347
0.0006768943114283584
0.000654404110759979
0.000632255436481133
0.0006104948839357388
0.0005891670863709652
0.0005683145598775955
0.0005479775564933891
0.0005281939260686589
0.0005089989874614559
0.0004904254095954803
0.00047250310287745773
0.00045525912143216387
0.0004387175765728816
0.00042289956188281764
0.0004078230902391566
0.00039350304306612176
0.00037995113205678685
0.00036717587355565616
0.0003551825757453857
0.0003439733387315645
0.0003335470675695293
0.0003238994982268373
0.00031502323642444794
0.00030690780924922767
0.0002995397293800099
0.00029290257171962395
0.0002869770621759376
0.00028174117828652656
0.00027717026133400595
0.00027323713955273966
0.00026991226198263163
0.0002671638424822173
0.00026495801337153265
0.00026325898813529586
0.00026202923257910267
0.0002612296437955973
0.0002608197362642678
0.00026075783437754375
0.00026100127065763884
0.0002615065889028888
0.0002622297514796228
0.00026312634995567124
0.0002641518182547902
0.00026526164749742474
0.00026641160168264374
0.0002675579333585639
0.0002686575984243686
0.00026966846920607745
0.00027054954495049947
0.0002712611588874253
0.00027176518101897995
0.00027202521580714197
0.00027200679394582866
0.00027167755742239807
0.000271007437095086
0.00026996882203754284
0.00026853671992926463
0.0002666889078012188
0.00026440607247922164
0.00026167194010355446
0.0002584733941416853
0.00025480058135188407
0.0002506470051984773
0.000246009606264715
0.00024088882925629674
0.00023528867623739654
0.0002292167457915111
0.0002226842578512177
0.00021570606399397329
0.00020830064305512046
0.00020049008196409784
0.0001923000417653224
0.00018375970884106432
0.00017490173140969755
0.00016576214142874368
0.00015638026208796832
0.00014679860113316133
0.00013706273031599764
0.00012722115131926816
0.00011732514855963675
0.0001074286293216663
9.758795172701631e-05
8.786174109122274e-05
7.831069526714816e-05
6.899737961887269e-05
5.998601231227852e-05
5.134224064873164e-05
4.313290920589588e-05
3.542582058471298e-05
2.8289489593752394e-05
2.179289173143118e-05
1.600520685280651e-05
1.0995558930735434e-05
6.832752841036058e-06
3.5850091177609764e-06
1.3196976378186676e-06
1.0307120380348249e-07
0.0
1.0737078991456418e-06
3.3855115964855076e-06
6.994563543138337e-06
1.1957599642619787e-05
1.8328692662663952e-05
2.615901229929959e-05
3.549659281137886e-05
4.6386109121692625e-05
5.886866225525639e-05
7.298157495666492e-05
8.875819829641117e-05
0.0001062277300411241
0.00012541504552466783
0.00014634054171629813
0.00016901999513855323
0.00019346443424162222
0.0002196800267924492
0.0002476679827863224
0.0002774244733360267
0.00030894056593916777
0.00034220217646816224
0.00037719003816978494
0.0004138796879023345
0.0004522414697786174
0.0004922405563221822
0.0005338369871829826
0.0005769857253969119
0.0006216367311117013
0.0006677350526399703
0.0007152209346385338
0.0007640299431520591
0.0008140931071988767
0.0008653370765172403
0.0009176842950321707
0.0009710531895460954
0.0010253583731011894
0.0010805108624078272
0.0011364183086819244
0.0011929852411846369
0.0012501133227108031
0.001307701616227935
0.0013656468618258148
0.0014238437630976737
0.0014821852820379414
0.0015405629415086333
0.0015988671342968368
0.0016569874377594098
0.0017148129330281895
0.0017722325277297443
0.0018291352811579912
0.0018854107308260474
0.0019409492193154408
0.0019956422203363184
