0.000545823176735887
0.0005218567180815092
0.0004979274047763465
0.00047409931281051297
0.00045043462241711437
0.0004269934339385312
0.00040383359379760953
0.0003810105311228326
0.00035857710553319796
0.00033658346654350175
0.0003150769250042626
0.0002941018369427342
0.00027369950012257006
0.000253908063589896
0.00023476245042299828
0.00021629429385176292
0.00019853188686154845
0.00018150014534461592
0.00016522058481067167
0.0001497113106167854
0.00013498702162604995
0.00012105902715408656
0.00010793527701302816
9.562040441412657e-05
8.411578144282045e-05
7.341958677410134e-05
6.352688525154747e-05
5.442971891057998e-05
4.611720898549604e-05
3.8575668400821455e-05
3.178872421059876e-05
2.5737449414555986e-05
2.0400503547781225e-05
1.5754281410691176e-05
1.1773069278802283e-05
8.429207907237335e-06
5.693261623032782e-06
3.5341927793095754e-06
1.919540829218723e-06
8.15605264381839e-07
1.8763165230231173e-07
0.0
2.164146668987314e-07
8.00095048795026e-07
1.7139662565393825e-06
2.920849017872939e-06
4.383648038601678e-06
6.06553806998286e-06
7.930146942727368e-06
9.941734844371624e-06
1.2065369135834435e-05
1.4267094024692645e-05
1.6514094436964025e-05
1.8774853455893678e-05
2.101930272527361e-05
2.321896524608161e-05
2.5347090028534432e-05
2.7378778096950472e-05
2.9291099381861872e-05
3.106320007256085e-05
3.2676400043464104e-05
3.4114280009235e-05
3.536275810631724e-05
3.6410155642228556e-05
3.724725179851001e-05
3.7867327118378306e-05
3.826619565579963e-05
3.844222570859436e-05
3.839634910425755e-05
3.813205905311599e-05
3.765539662917443e-05
3.697492598428182e-05
3.6101698445933656e-05
3.504920569293024e-05
3.3833322246079795e-05
3.2472237552980295e-05
3.098637798650201e-05
2.9398319115752302e-05
2.773268864588905e-05
2.6016060459028534e-05
2.4276840222513794e-05
2.254514306285671e-05
2.0852663833634678e-05
1.9232540533338787e-05
1.7719211454655676e-05
1.6348266669661627e-05
1.5156294475995023e-05
1.4180723447049367e-05
1.3459660744639186e-05
1.3031727365277212e-05
1.2935891001216544e-05
1.3211297204659056e-05
1.3897099548024466e-05
1.5032289474899564e-05
1.6655526535227713e-05
1.8804969694487662e-05
2.1518110400068854e-05
2.483160807880509e-05
2.8781128727711075e-05
3.3401187245474294e-05
3.8724994135201315e-05
4.4784307189413416e-05
5.1609288746407305e-05
5.922836908290978e-05
6.766811648163651e-05
7.695311448389789e-05
8.710584680705923e-05
9.814659037442536e-05
0.0001100933168712414
0.00012296160320503376
0.0001367645512116545
0.0001515127169102675
0.0001672140495712765
0.00018387384082102195
0.00020149468396612612
0.00022007644367874417
0.00023961623614199783
0.0002601084197125274
0.0002815445961146587
0.00030391362213834307
0.00032720163177084945
0.00035139206865046244
0.0003764657286892247
0.00040240081267130907
0.00042917298859400745
0.000456755463479782
0.00048511906435045715
0.0005142323280186387
0.0005440615993168726
0.0005745711373521682
0.0006057232293423113
0.0006374783115610873
0.0006697950968922205
0.0007026307084665413
0.0007359408188339032
0.0007696797941005081
0.000803800842443909
0.0008382561664019195
0.0008729971183181248
0.0009079743583156899
0.0009431380141627188
0.0009784378423865901
0.001013823389991488
0.0010492441561327458
0.0010846497531036945
0.0011199900659953348
0.0011552154103964295
0.0011902766875114138
0.0012251255360858488
0.0012597144805439457
0.0012939970747598535
0.0013279280409039709
0.001361463402827237
0.0013945606134703461
0.0014271786758107557
0.0014592782568883013
0.0014908217944799773
0.0015217735960259095
0.0015520999294415926
0.0015817691054859466
0.001610751551390547
0.0016390198754923303
0.0016665489226500296
0.0016933158202634057
0.0017193000147538357
0.0017444832984048677
0.0017688498265017042
0.0017923861247492441
0.0018150810869889144
0.0018369259632750171
0.0018579143384116145
0.0018780421010906462
0.0018973074038111987
0.0019157106137981687
0.0019332542551760237
0.0019499429426897
0.0019657833072998076
0.0019807839140130188
0.0019949551723408
0.002008309239810121
0.002020859918978696
0.002032622548434121
0.0020436138882812373
0.0020538520006448333
0.00206335612573542
0.0020721465540441196
0.0020802444952486947
0.002087671944426265
0.002094451546179332
0.0021006064572902427
0.0021061602085252016
0.0021111365662122893
0.002115559394218725
0.0021194525169507253
0.0021228395839948747
0.002125743937012846
0.002128188479491671
0.0021301955499396286
0.0021317867991031284
0.002132983071762927
0.002133804293648558
0.0021342693639881194
0.0021343960541866554
0.002134200913100311
0.002133699179345405
0.002132904701051652
0.002131829863437005
0.002130485524548288
0.002128880959476886
0.0021270238133225027
0.0021249200631405568
0.0021225739890701686
0.002119988154800269
0.002117163397491061
0.0021140988272272303
0.0021107918360380113
0.002107238116477646
0.002103431689718087
0.002099364943064231
0.0020950286767605786
0.0020904121599172477
0.0020855031953429205
0.0020802881930326155
0.002074752252019452
0.0020688792502618954
0.0020626519422014943
0.0020560520635910405
0.002049060443159509
0.002041657120648209
0.0020338214707224527
0.0020255323322348933
0.002016768142290442
0.0020075070745387536
0.001997727181098498
0.001987406537498226
0.001976523390001743
0.0019650563046714675
0.0019529843175113807
0.0019402870850220826
0.001926945034493877
0.0019129395133601265
0.0018982529369320964
0.001882868933838244
0.001866772488495535
0.0018499500799476316
0.0018323898164148635
0.001814081564913776
0.0017950170753194365
0.001775190098261871
0.0017545964962686826
0.0017332343475890996
0.0017111040421603477
0.0016882083692051993
0.0016645525959797314
0.001640144537222685
0.0016149946148920952
