0.003565434024823735
0.0036390648435410938
0.00370881553186779
0.0037741708025903894
0.003834700282478006
0.003890062008189322
0.003940004428285257
0.003984366886861148
0.004023078591392711
0.0040561560945096015
0.0040836993460689535
0.004105886397604556
0.004122966865495776
0.00413525428157884
0.004143117479988839
0.004146971186392031
0.004147265990110827
0.004144477890679198
0.004139097617874996
0.004131619928103411
0.004122533080065672
0.004112308688922442
0.004101392150705313
0.0040901938176662175
0.004079081090774302
0.0040683715779294355
0.00405832744597692
0.004049151071650741
0.0040409820715617125
0.004033895764742224
0.004027903093552794
0.004022952000462593
0.004018930229865445
0.004015669496217312
0.004012950932907897
0.004010511710918658
0.00400805269295785
0.0040052469678510255
0.004001749091910339
0.003997204849164558
0.003991261331002308
0.003983577128198316
0.00397383242462207
0.003961738782264125
0.003947048411576595
0.003929562729455322
0.003909140019361698
0.003885702023889097
0.003859239319250498
0.0038298153433633485
0.0037975689740399826
0.0037627155808097803
0.0037255465026121157
0.0036864269334815217
0.0036457922288472577
0.003604142675622767
0.003562036799295033
0.003520083310174429
0.003478931818283164
0.003439262471521999
0.0034017746942744845
0.0033671752230443504
0.0033361656516881916
0.003309429710976807
0.003287620515336524
0.0032713480135025466
0.003261166879351413
0.003257565074341353
0.0032609533038291515
0.003271655576182369
0.0032899010562762723
0.0033158173839400646
0.003349425603551607
0.0033906368236918663
0.003439250696034695
0.003494955770986968
0.003557331754570659
0.003625853657242381
0.0036998977913862935
0.0037787495407089738
0.003861612792321513
0.003947620891511832
0.004035848950658624
0.004125327317951749
0.0042150559890482865
0.004304019725940238
0.0043912036325052224
0.00447560892575146
0.004556268635871057
0.004632262967018744
0.004702734054289521
0.004766899860645404
0.004824066970420618
0.004873642053313438
0.004915141794169092
0.004948201109012552
0.004972579496274147
0.0049881654034737
0.004994978523245511
0.0049931699679078775
0.004983020308184387
0.0049649354985244545
0.004939440748091413
0.004907172432232235
0.0048688681734712054
0.004825355253162144
0.004777537544307805
0.004726381182174703
0.004672899211717428
0.004618135469064176
0.00456314796806374
0.004508992071892007
0.0044567037337864615
0.0044072830900317396
0.004361678682359543
0.004320772576044703
0.0042853666243571
0.00425617010993462
0.004233788969424663
0.004218716779826529
0.004211327653847692
0.004211871157817128
0.004220469329881283
0.004237115838985163
0.0042616772871822365
0.004293896619806883
0.0043333985706707455
0.004379697033387445
0.0044322042158460575
0.004490241403365008
0.004553051127741983
0.004619810514794071
0.004689645562510529
0.004761646086000159
0.004834881054305907
0.004908414038093202
0.004981318486316778
0.0050526925542599
0.0051216732147517504
0.0051874493987408895
0.005249273930481255
0.0053064740460308565
0.00535846031114973
0.005404733785516033
0.005444891313895773
0.005478628860885375
0.005505742843435798
0.005526129453868861
0.005539782004797044
0.005546786365537926
0.005547314596558996
0.005541616923504322
0.005530012224779131
0.0055128772358842785
0.0054906346991388
0.005463740708610348
0.005432671516571919
0.005397910079284279
0.005359932626123359
0.005319195536882654
0.005276122807433065
0.005231094373868511
0.005184435549956185
0.005136407812395237
0.005087201143410247
0.005036928110998036
0.004985619834220872
0.004933223944880668
0.004879604618364681
0.004824544706120745
0.0047677499608348795
0.004708855303707606
0.004647433042029384
0.0045830029053105315
0.004515043730280185
0.004443006589855754
0.004366329129378311
0.004284450845634644
0.004196829020998079
0.004102955006896275
0.004002370538143156
0.0038946837527498966
0.0037795845908484165
0.003656859251408392
0.003526403396484048
0.0033882338096622305
0.0032424982379610176
0.0030894831743100695
0.0029296193704912684
0.002763484907501935
0.002591805691110718
0.0024154532842240997
0.0022354400338234054
0.0020529114978755396
0.0018691362259365954
0.001685492995309153
0.0015034556517273235
0.0013245757487853715
0.0011504632228776283
0.000982765379499288
0.0008231445016441035
0.0006732544210655356
0.0005347164177622165
0.0004090948317139976
0.0002978727832382011
0.00020242840407011346
0.00012401198022131063
6.372439977498333e-05
2.2497284097172665e-05
1.0751596520967854e-06
0.0
1.959843402871836e-05
5.997187753272338e-05
0.00012098980150957069
0.0002022863026840847
0.00030326009056235587
0.0004230779515903421
0.0005606816956246893
0.0007147985338301589
0.0008839547812314551
0.00106649272240316
0.0012605904261040026
0.0014642842449448315
0.0016754936902751419
0.001892048331173517
0.0021117163304521258
0.002332234200571162
0.002551337338843509
0.002766790884728046
0.002976420432680842
0.0031781421321579713
0.003369991712020411
0.003550151979730936
0.0037169783661847528
0.003869022114484543
0.004005050745043619
0.004124065469556277
0.00422531527198414
0.004308307425053865
0.004372814265044783
0.004418876104997864
0.004446800225979721
0.004457155946728449
0.004450765832911995
0.004428693167357988
0.00439222586099164
0.00434285703989678
0.004282262595989082
0.004212276036412663
0.004134861009165837
0.004052081918939115
0.003966073077114391
0.0038790068528416683
0.0037930613077061864
0.0037103878044718245
0.0036330790806099944
