0.009034663192241667
0.009277348872855425
0.009552163969885724
0.009847420399548584
0.01014955082097498
0.01044424265982011
0.010717735932554772
0.010958197678910729
0.011157020770015152
0.01130984249312211
0.011417062013595075
0.01148367238887828
0.011518316667027174
0.01153161774727868
0.011533992490268066
0.0115333064659038
0.011532818908286446
0.011529876989905218
0.01151572883708496
0.011476641178008652
0.01139625782581279
0.011258865571895716
0.011053000865080365
0.010774688867469314
0.010429597377089634
0.010033528773500637
0.009610950338261787
0.009191633370813473
0.008805866828008995
0.008479052267404755
0.008226697958918823
0.008050855344643549
0.007938857932772476
0.007864849134027605
0.007794079580081116
0.0076894057079268325
0.007518935274931667
0.007263443231864798
0.006922099575045324
0.006515244342115945
0.006083397359682382
0.005682333710132532
0.005374780619037378
0.005219965196963499
0.005262734228479746
0.005524172717310028
0.005995511070534272
0.006636636982893182
0.007379786186377584
0.008138098828263251
0.00881785094811539
0.00933246424430155
0.009615998344844001
0.009633823383492474
0.009388573253080106
0.008920233544754103
0.00830019884312066
0.0076201723983975456
0.006977692483434998
0.0064606873579105455
0.006133667299235638
0.006027912098870528
0.006137342009732211
0.006420782356108761
0.006810217343553835
0.00722357477385536
0.007579779726387924
0.007813408147290266
0.007886336882384187
0.007794316502037954
0.007567294973587429
0.00726343392167157
0.006957886073531518
0.006728340774189717
0.0066399260938517215
0.006732177108765069
0.007010419415106087
0.007443140360103063
0.007965867704548477
0.008490934963122351
0.008921487242732272
0.009167351281055183
0.009160084106866249
0.008864675163672089
0.008285971374615382
0.007468811438640883
0.0064919276352792205
0.005456709819689213
0.004472747476921317
0.0036425352265944807
0.003047775149586959
0.0027393430356300844
0.002732285745104786
0.003006320131193708
0.0035113764268561516
0.004176934606703385
0.004923373015035367
0.005673361895835512
0.006361501488312305
0.0069408711678636
0.007385817207677246
0.007691027500171387
0.007867585249354433
0.007937147338143907
0.0079255878898345
0.007857369129025921
0.007751589573774104
0.007620196166852917
0.007468338193076868
0.007296393714003465
0.007102900034014763
0.006887517596846643
0.006653255998731786
0.006407452738584235
0.006161348854909613
0.005928464426281963
0.005722259009001841
0.005553707441322918
0.005429404322522299
0.005350643722494952
0.005313651374796213
0.005310844241513103
0.005332732251282692
0.005369922840410046
0.005414677956729554
0.005461607820489809
0.0055073329556482664
0.005549244914534059
0.005583771930311889
0.005604737089056797
0.005602432434939686
0.005563904494059784
0.00547467514232255
0.0053217619656399555
0.005097493906194142
0.004803328020386735
0.004452736676817202
0.004072297299801488
0.00370038356577678
0.003383288069970574
0.0031691236951669186
0.00310035199413936
0.003206165764862695
0.003496121669134276
0.003956326505516664
0.004549126510221211
0.005216684134587563
0.005888147116813506
0.0064894439737914296
0.006954206422369421
0.007234030429665197
0.007306309198183303
0.007178212742488919
0.00688599924463664
0.0064896205133214944
0.006063391140443402
0.005684182967935164
0.0054190561389577795
0.005314360611956096
0.005388111681352337
0.005626898146000273
0.005987818243551548
0.006405092253995446
0.006800222478374199
0.007093998605229286
0.007218378094455518
0.007126349221320175
0.006798286997756729
0.006243958537365509
0.005500100915663891
0.004624238744798962
0.003685996531001778
0.0027574920507972204
0.0019044229928467469
0.00117919123161559
0.0006169144063231111
0.00023456110678396914
3.28405832159661e-05
0.0
0.00011642046135971681
0.00035889806830412176
0.0007037339516858879
0.0011281728343264814
0.0016102225449859866
0.002127342305409545
0.0026548012828187134
0.0031646092461538352
0.003625784492390401
0.004006379899449363
0.004277212468416716
0.004416742596799407
0.004416142536046078
0.004283378603493503
0.004045170152656551
0.0037459890830961514
0.003443779809071465
0.0032027160123873225
0.0030839420023084352
0.0031357425126629077
0.0033848357674418064
0.003830425149746277
0.004442268111471549
0.005163382592426319
0.005917220141743491
0.006618333991895751
0.00718490955679726
0.007551132702687536
0.007677329419934359
0.007556137470471984
0.0072136160925453914
0.006705053506590036
0.006106142745637995
0.005501000201906301
0.00496905165584393
0.004573005774610071
0.004349937678778248
0.00430694932037738
0.004422058873223117
0.004650045296662715
0.004932104185539108
0.005207513850078512
0.005425183665159327
0.005553016482765807
0.005583448635866678
0.005534252190989108
0.0054445598848895755
0.00536694200715389
0.005357067973954115
0.005462897469436042
0.0057153960307170255
0.006122454599642372
0.006667075834820996
0.007310090217884339
0.007996832192194332
0.008666494139148474
0.009262412322345967
0.009741404130889293
0.010080487980627502
0.01027982978715749
0.010361472348484634
0.01036418103435997
0.010335436848433055
0.010322100240102517
0.010361470960529402
0.010474351406689925
0.010661313580245971
0.010902755799117618
0.011162633163612153
0.011395086786247335
0.011552700293000597
0.011594863715934788
0.011494761657429176
0.01124380760714519
0.010852853567412458
0.01035011256529612
0.009776324955489083
