0.0062199682501523825
0.006089089154089517
0.005944062906438253
0.005785946466097128
0.005615924558797286
0.005435292999107938
0.00524544091697839
0.005047832167060614
0.004843986204370907
0.004635458710558158
0.004423822251246349
0.004210647236780437
0.003997483446469335
0.0037858423603935954
0.003577180523392628
0.003372884143381964
0.0031742551011317973
0.002982498521553907
0.002798712027908394
0.002623876770682005
0.0024588502927375
0.0023043612622146077
0.002161006075088515
0.0020292473007487597
0.0019094139169048765
0.0018017032549705373
0.0017061845541942644
0.0016228040025092053
0.0015513911246276164
0.0014916663635082214
0.0014432496901152809
0.0014056700684426503
0.001378375598107068
0.0013607441553742004
0.0013520943551610814
0.0013516966611976438
0.0013587844789151372
0.0013725650755031444
0.0013922301836435031
0.0014169661593610447
0.0014459635798758674
0.0014784261839311556
0.0015135790744273607
0.0015506761209395682
0.001589006517459008
0.0016279004681248289
0.0016667339904626736
0.0017049328414138424
0.001741975585947962
0.0017773958410657014
0.0018107837393213063
0.0018417866654770255
0.0018701093274398736
0.0018955132281698167
0.001917815608779971
0.00193688793461244
0.0019526539957515354
0.0019650876913542325
0.0019742105634982677
0.0019800891411667102
0.001982832148727385
0.001982587626070841
0.0019795399997024213
0.001973907135811676
0.0019659373979383364
0.001955906723585681
0.0019441157262575306
0.0019308868221542953
0.001916561374375443
0.0019014968421310814
0.0018860639183231
0.001870643636039943
0.0018556244231033394
0.00184139908385463
0.001828361688875744
0.0018169043562666022
0.0018074139123676392
0.0018002684253053737
0.0017958336112960612
0.0017944591210816367
0.0017964747219782046
0.0018021863995533929
0.0018118724116595367
0.0018257793361691078
0.0018441181620155404
0.0018670604807672108
0.0018947348426934403
0.001927223346872101
0.0019645585391131317
0.0020067206941318
0.0020536355593330368
0.002105172636633349
0.002161144075860419
0.002221304248386767
0.0022853500627733345
0.002352922075369256
0.0024236064381304135
0.0024969377135235157
0.0025724025724607478
0.002649444375990724
0.0027274686252213238
0.0028058492469678975
0.0028839356652344814
0.0029610605911943484
0.0030365484472033477
0.0031097243239260183
0.0031799233542507774
0.0032465003736799323
0.003308839724649133
0.003366365052083307
0.0034185489297245252
0.003464922151627079
0.003505082520917798
0.003538702968627091
0.0035655388392169026
0.0035854341864157905
0.003598326933109293
0.0036042527622539428
0.0036033476219526125
0.0035958487467527764
0.0035820941186546105
0.0035625203149340073
0.0035376587153366943
0.0035081300680788723
0.0034746374419529465
0.0034379576202091715
0.00339893102026662
0.0033584502511876117
0.0033174474477107277
0.0032768805449660075
0.003237718681293203
0.0032009269373752198
0.003167450637742654
0.0031381994552024013
0.0031140315695447488
0.0030957381386983195
0.0030840283431046263
0.0030795152623174643
0.0030827028366154155
0.0030939741557438408
0.0031135813018511142
0.0031416369544062395
0.0031781079416141633
0.0032228108958886575
0.003275410140679903
0.0033354179028301408
0.0034021969091504677
0.0034749653886307916
0.003552804463211448
0.0036346678709897043
0.0037193939267598074
0.0038057195865549925
0.0038922964460361394
0.003977708467804777
0.004060491200633777
0.0041391522247974395
0.004212192532688078
0.004278128533215554
0.004335514352520824
0.0043829640926415486
0.004419173704211897
0.0044429421292389165
0.004453191375559619
0.004448985195739686
0.004429546059822036
0.004394270133274388
0.00434273999842785
0.00427473488926436
0.004190238245136539
0.0040894424283501925
0.003972750492899911
0.003840774936357415
0.0036943334132572498
0.0035344414355574904
0.0033623021331024407
0.0031792931936991085
0.0029869511476609185
0.0027869532047088267
0.002581096891221257
0.0023712777722992547
0.0021594655753294943
0.0019476790591164482
0.0017379599947247994
0.0015323466405189386
0.0013328471041945283
0.0011414129886554848
0.0009599137162881453
0.0007901119175193912
0.000633640254622122
0.000491980030758479
0.00036644190754269064
0.0002581490223730102
0.00016802275992950028
9.677139114970621e-05
4.488174833930771e-05
1.2614057576148044e-05
0.0
6.844022763345236e-06
3.2727869189897764e-05
7.701824689848548e-05
0.00013887750314583612
0.00021727712925103271
0.0003110138714801816
0.00041872818494093165
0.0005389247305494817
0.000669994583604161
0.0008102387964624553
0.0009578929377133565
0.0011111522164049758
0.0012681967925635348
0.0014272168745475841
0.00158643720973253
0.001744140587511911
0.0018986899924195758
0.002048549069997951
0.0021923005984350297
0.0023286626944449963
0.0024565025217644096
0.0025748473142913264
0.0026828925725570683
0.0027800073410858073
0.0028657365244238934
0.002939800250342899
0.0030020903390634095
0.0030526639864428846
0.003091734816073605
0.003119661499336503
0.0031369341828934435
0.003144158999179416
0.003142040966557131
0.0031313656113872036
0.0031129796639117256
0.0030877711932148742
0.0030566495533896148
0.0030205255132963495
0.00298029193595495
0.0029368053607903904
0.0028908688228910114
0.002843216218484901
0.002794498495444916
0.0027452719123429643
0.0026959885700226422
0.0026469893765540494
0.0025984995605468613
0.002550626799947058
0.0025033619844845372
0.0024565825807471085
0.0024100585203101488
0.00236346048431772
0.0023163704132310573
0.002268294028933253
0.002218675118748236
0.002166911297872304
0.0021123709388213585
0.002054410934268645
0.0019923949434879915
