0.003025719785703636
0.0030361486724928637
0.003046913113654259
0.003057977808068991
0.0030693051734450127
0.003080855478070076
0.0030925869821051546
0.0031044560879076185
0.0031164174988352164
0.0031284243859456364
0.00314042856197229
0.0031523806619251507
0.003164230329636094
0.00317592640954137
0.0031874171429696787
0.0031986503681829775
0.0032095737233986225
0.003220134852005929
0.0032302816091777033
0.003239962269067887
0.0032491257317801355
0.0032577217292890388
0.00326570102949576
0.003273015637603125
0.0032796189940016733
0.0032854661678678463
0.0032905140456883104
0.003294721513940349
0.0032980496351773083
0.0033004618167900984
0.0033019239717407157
0.0033024046705916114
0.0033018752841852657
0.0033003101163615964
0.0032976865261365364
0.0032939850388033027
0.0032891894454582715
0.003283286890495876
0.003276267946661465
0.0032681266772972718
0.0032588606854645702
0.0032484711496743954
0.0032369628460098042
0.003224344156474273
0.0032106270634533816
0.0031958271302300898
0.0031799634675475875
0.0031630586862676268
0.0031451388362262163
0.0031262333314424117
0.0031063748618893982
0.0030855992920900063
0.0030639455468509285
0.003041455484501122
0.003018173758049882
0.0029941476647287195
0.0029694269844283035
0.002944063807587052
0.0029181123531314265
0.0028916287771092912
0.0028646709726968277
0.002837298362296115
0.0028095716824746053
0.0027815527625291428
0.0027533042974856635
0.0027248896163714056
0.0026963724466189023
0.0026678166754804853
0.0026392861093480946
0.00261084423188604
0.0025825539618937465
0.00255447741182154
0.002526675647865027
0.0024992084525626746
0.0024721340908167217
0.002445509080249586
0.002419387966796496
0.0023938231064201706
0.0023688644538150685
0.0023445593589470856
0.002320952372249607
0.0022980850592687176
0.0022759958255190852
0.002254719752277795
0.0022342884440062624
0.002214729888050455
0.002196068327227111
0.0021783241458586807
0.0021615137697723807
0.002145649580729321
0.002130739845698236
0.0021167886613351655
0.00210379591397563
0.002091757255389664
0.0020806640944927126
0.0020705036051470323
0.0020612587501291297
0.0020529083212791088
0.002045426995787803
0.0020387854085174672
0.002032950240191825
0.0020278843212316127
0.0020235467509526817
0.0020198930317854176
0.0020168752181169178
0.002014442079301291
0.0020125392763287835
0.002011109551591384
0.0020100929311314035
0.002009426938710324
0.002009046820988299
0.0020088857830601364
0.0020088752335516028
0.002008945038440692
0.0020090237827321187
0.0020090390390800094
0.002008917642423593
0.0020085859696738566
0.002007970223465646
0.0020069967189697262
0.002005592172742928
0.002003683992581754
0.002001200567335793
0.0019980715556320036
0.0019942281724594263
0.0019896034725662096
0.0019841326296269344
0.0019777532101481286
0.0019704054410935516
0.0019620324702282646
0.0019525806182015435
0.001941999621413494
0.0019302428647383879
0.0019172676032095275
0.0019030351718054132
0.0018875111825153112
0.0018706657079036585
0.0018524734504370432
0.0018329138968846545
0.001811971457152821
0.001789635586966513
0.0017659008938651737
0.0017407672260368737
0.0017142397435732691
0.001686328971788085
0.0016570508363034488
0.0016264266796714353
0.0015944832593620555
0.001561252727013819
0.0015267725889082497
0.0014910856476955704
0.0014542399254644798
0.001416288568314743
0.0013772897326565948
0.0013373064535257186
0.001296406495266505
0.0012546621849990986
0.0012121502293473813
0.0011689515149650462
0.001125150893455275
0.0010808369513359522
0.0010361017657565582
0.0009910406467248506
0.0009457518666507647
0.0009003363780616983
0.0008548975203870779
0.000809540716750897
0.0007643731617484164
0.0007195035012174632
0.0006750415050455307
0.0006310977340810082
0.0005877832022404307
0.0005452090349233321
0.0005034861248622007
0.0004627247865469943
0.00042303441037173147
0.00038452311765473286
0.00034729741768406777
0.00031146186793586995
0.0002771187386051673
0.0002443676825769328
0.00021330541194915535
0.00018402538219999928
0.00015661748506747854
0.00013116775118271733
0.00010775806346692779
8.646588226766515e-05
6.736398317194617e-05
5.052020839260707e-05
3.599723257983632e-05
2.3852343862455858e-05
1.4137240873253205e-05
6.897846459846726e-06
2.1741387271597204e-06
0.0
4.0308423451774697e-07
3.404703345779008e-06
9.01973285546585e-06
1.725653719910009e-05
2.8116914966359527e-05
4.1596064281253144e-05
5.768256846140933e-05
7.635840202772047e-05
9.759895706729213e-05
0.00012137308988440735
0.0001476431878061099
0.0001763652559414585
0.0002074890236266069
0.00024095807022190305
0.00027670996986245964
0.00031467645470021005
0.0003547835961137777
0.0003969520033024964
0.00044109703862307533
0.00048712904897175655
0.0005349536124616631
0.000584471799594366
0.000635580448077088
0.0006881724503920317
0.0007421370531827294
0.000797360167483856
0.0008537246887859908
0.0009111108258952473
0.0009693964375198805
0.0010284573754917997
0.0010881678335105372
0.0011484007002807988
0.0012090279159019935
0.0012699208303596958
0.0013309505629642295
0.0013919883615808486
0.001452905960499506
0.0015135759357992576
0.0015738720570737045
0.0016336696343989816
0.0016928458594446193
0.0017512801396504097
0.00180885442441865
0.0018654535223010928
0.0019209654081932762
0.0019752815195855197
0.002028297040959833
0.002079911175464804
0.0021300274030463147
0.0021785537242604634
0.0022254028890460534
0.0022704926097873767
0.0023137457580535347
0.0023550905444580197
0.002394460681141444
0.002431795526441043
0.0024670402113726223
0.0025001457476136815
0.002531069116740453
0.0025597733405361327
0.002586227532252591
