0.002334284896916906
0.0022966386726698492
0.002257609470069426
0.002217294299796001
0.0021757934186489606
0.0021332100269403414
0.0020896499564515302
0.0020452213499615756
0.002000034333385677
0.001954200681588862
0.0019078334789626738
0.0018610467758717667
0.0018139552420925653
0.0017666738183775505
0.0017193173672862226
0.0016720003244273423
0.0016248363512566335
0.001577937990569781
0.0015314163258222182
0.0014853806453949715
0.0014399381129097059
0.0013951934446761564
0.0013512485953314263
0.0013082024527032296
0.0012661505428981827
0.0012251847465817927
0.0011853930273789603
0.0011468591732827903
0.0011096625519153528
0.0010738778804370009
0.0010395750108510083
0.0010068187313979032
0.0009756685846790301
0.0009461787030918767
0.0009183976621006352
0.0008923683518046476
0.000868127867204943
0.0008457074175052912
0.0008251322547192461
0.0008064216217888122
0.0007895887203538299
0.000774640698244208
0.0007615786566999353
0.0007503976772566606
0.0007410868681677345
0.0007336294301672244
0.0007280027413127568
0.00072417846058237
0.0007221226498360717
0.0007217959136907226
0.0007231535567964567
0.0007261457579442615
0.0007307177603778276
0.0007368100776285139
0.0007443587141404567
0.0007532953999036637
0.0007635478382665269
0.0007750399660557767
0.0007876922250915534
0.000801421844148216
0.0008161431303778006
0.0008317677691828446
0.0008482051314986775
0.0008653625874223723
0.0008831458251063623
0.0009014591738194276
0.0009202059300662659
0.0009392886856493209
0.0009586096565529195
0.0009780710115300682
0.000997575199276525
0.0010170252730848906
0.0010363252118834852
0.001055380236580644
0.0010740971206546395
0.0010923844939527382
0.0011101531386897782
0.0011273162766670228
0.0011437898467657817
0.001159492771807294
0.0011743472139104589
0.0011882788175220688
0.0012012169393400504
0.0012130948643987258
0.0012238500076360234
0.0012334241003157894
0.0012417633607336165
0.0012488186486917388
0.0012545456032873317
0.0012589047636187862
0.001261861672075985
0.0012633869599430409
0.001263456415105199
0.0012620510317153388
0.0012591570417396052
0.001254765928365838
0.0012488744213224692
0.0012414844742191728
0.0012326032240835584
0.0012222429333303803
0.0012104209144608235
0.0011971594378493002
0.0011824856230334903
0.0011664313139800775
0.0011490329388533236
0.0011303313548663469
0.0011103716788453395
0.0010892031041849245
0.0010668787049181758
0.0010434552276674014
0.0010189928722814149
0.00099355506200164
0.0009672082040327771
0.0009400214414239112
0.000912066397192664
0.0008834169116482636
0.0008541487738891223
0.0008243394484665926
0.0007940677982190642
0.0007634138042892793
0.0007324582843428139
0.0007012826100070008
0.00066996842454717
0.0006385973617910577
0.0006072507673024486
0.000576009422791857
0.0005449532747351051
0.0005141611681503749
0.00048371058646053166
0.00045367739834050304
0.0004241356124193305
0.00039515714067321736
0.00036681157130975177
0.00033916595190452503
0.00031228458350977795
0.00028622882641068524
0.00026105691815854633
0.00023682380446170032
0.00021358098346463514
0.00019137636389361537
0.00017025413749357306
0.00015025466612597995
0.0001314143838413533
0.00011376571418306365
9.733700292137199e-05
8.21524663584905e-05
6.823215528699235e-05
5.5591934625430885e-05
4.42434786967164e-05
3.419428205688022e-05
2.544768572454426e-05
1.800291860491938e-05
1.185515384667722e-05
6.995579815802233e-06
3.411485317693407e-06
1.0863586475920624e-06
0.0
1.286467203229745e-07
1.4451108367103446e-06
3.9189282670757265e-06
7.5165190558015415e-06
1.220135795672924e-05
1.7934154643861134e-05
2.467304279892349e-05
3.237377729560574e-05
4.09899386740241e-05
5.047314407586028e-05
6.0773263790758845e-05
7.183864254798776e-05
8.36163246741295e-05
9.605228222772134e-05
0.00010909164521532492
0.00012267893299046872
0.0001367582859372854
0.00015127369654449217
0.00016616923898245934
0.0001813892963066909
0.00019687878442473084
0.00021258337198059663
0.00022844969533088373
0.00024442556780995047
0.00026046018250769245
0.0002765043078124011
0.0002925104750029141
0.00030843315720856745
0.00032422893909216815
0.00033985667665030386
0.0003552776465664362
0.00037045568459544327
0.0003853573125032121
0.0003999518531315018
0.0004142115332063333
0.00042811157355746596
0.00044163026646687215
0.0004547490399153516
0.0004674525085483225
0.00047972851123415246
0.0004915681351410478
0.0005029657263111544
0.0005139188867630726
0.0005244284582061772
0.0005344984925017421
0.0005441362090568268
0.0005533519393867741
0.0005621590591310585
0.0005705739078547762
0.0005786156970140421
0.000586306406508028
0.0005936706702829281
0.0006007356514936701
0.0006075309077677472
0.0006140882471516304
0.000620441575354087
0.0006266267349319474
0.0006326813370924712
0.000638644586812407
0.0006445571019968188
0.000650460727420937
0.0006563983442154868
0.0006624136756700025
0.0006685510901397641
0.0006748554018499316
0.0006813716703952229
0.0006881449997352309
0.0006952203374839619
0.0007026422752876553
0.0007104548510772577
0.0007187013539712461
0.0007274241325907573
0.0007366644075323967
0.0007464620887245685
0.0007568555983709346
0.0007678817001596707
0.000779575335389665
0.0007919694666348841
0.0008050949295358214
0.0008189802932724731
0.0008336517302367796
0.0008491328953840196
0.0008654448157025035
0.0008826057901991484
0.000900631300755367
0.0009195339341633135
0.000939323315607075
0.0009600060538070741
0.0009815856979989441
0.001004062706870606
0.0010274344295334594
0.0010516950985556555
0.0010768358350375163
0.0011028446656615454
0.0011297065516023045
0.0011574034291348457
0.0011859142617346597
0.0012152151034173476
0.0012452791730226277
