0.0021595576950369667
0.0021130198099279358
0.0020638845238015622
0.0020127229122050318
0.0019601660815521177
0.0019068991486325113
0.0018536541695665584
0.0018012020795078825
0.0017503437227354315
0.0017019000704598841
0.0016567017403668418
0.0016155779473089353
0.0015793450283334565
0.001548794697104249
0.0015246821924853075
0.0015077144933691449
0.0014985387765617773
0.0014977312965251818
0.0015057868649180082
0.0015231091041041501
0.0015500016421032504
0.0015866604068745414
0.001633167165443331
0.0016894844383358394
0.0017554519022695493
0.0018307843742856654
0.0019150714487837439
0.0020077788355412868
0.002108251422122674
0.002215718058480766
0.0023292980354321707
0.0024480092024613213
0.0025707776444061723
0.00269644881142877
0.002823799972701348
0.002951553841854462
0.003078393201829806
0.0032029763387218663
0.003323953078810885
0.003439981210576973
0.003549743064288381
0.003651962015973077
0.0037454186803548375
0.003828966558749124
0.0039015469129966883
0.003962202645230484
0.004010090975529528
0.004044494725157824
0.004064832031905247
0.0040706643457735035
0.0040617025775660336
0.004037811299481904
0.003999010925175666
0.00394547782648922
0.0038775423747219435
0.00379568492539664
0.0037005297965043617
0.0035928373206709063
0.0034734940810870014
0.003343501468901481
0.003203962725632602
0.003056068657577007
0.002901082229795786
0.0027403222646836603
0.0025751464840816085
0.0024069341441317477
0.0022370685184127004
0.0020669194872136726
0.001897826489051832
0.001731082084723074
0.001567916374380837
0.0014094824945076298
0.0012568434043896963
0.0011109601510981891
0.0009726817783482719
0.000842737018330127
0.000721727877107492
0.000610125193922901
0.0005082662232276857
0.0004163542559848495
0.00033446026430376547
0.0002625265212916018
0.00020037211667811193
0.00014770025880473
0.00010410722546162331
6.909280027216514e-05
4.20720082901652e-05
2.2387944572339197e-05
9.325473045898591e-06
2.1255602801217334e-06
0.0
2.1462794920963126e-06
7.762338521322652e-06
1.6060975006197773e-05
2.6283659422798693e-05
3.7713531588184045e-05
4.968736890995128e-05
6.160633411340889e-05
7.294533254619158e-05
8.326083403291688e-05
9.219704148350416e-05
9.949031758182741e-05
0.00010497181139828291
0.00010856825815895805
0.00011030095712923115
0.00011028296408903968
0.00010871456565318032
0.00010587713219810738
0.0001021254738943194
9.787884983883345e-05
9.361080310244397e-05
8.983801426504104e-05
8.710838237514264e-05
8.598855496246569e-05
8.705113754270194e-05
9.086181783725259e-05
9.79666406125193e-05
0.00010887966561862498
0.0001240712336429946
0.00014395705432576145
0.00016888831431487433
0.0001991429858359821
0.00023491849414156944
0.00027632587796475863
0.00032338555046191025
0.000376024739649749
0.0004340766575244054
0.0004972814164104201
0.0005652886801606719
0.0006376620071507229
0.000713884812115505
0.0007933678452811434
0.0008754580604450031
0.0009594487191161459
0.0010445905559704146
0.001130103812075429
0.0012151909269246368
0.0012990496685500543
0.0013808864730609238
0.0014599297610139754
0.001535442998124355
0.0016067372719686546
0.0016731831644368588
0.001734221711613424
0.0017893742582985265
0.001838251033245501
0.001880558293058937
0.00191610390718784
0.0019448012831319726
0.001966671559393041
0.00198184402335118
0.0019905547416171183
0.0019931434209751716
0.001990048548262815
0.0019818008869074647
0.001969015435853631
0.0019523819827823622
0.0019326544074010235
0.0019106389117567867
0.0018871813726414155
0.001863154025901139
0.0018394417035963212
0.0018169278522867523
0.0017964805641316993
0.0017789388519395667
0.0017650993947993965
0.001755703972562617
0.0017514277953731157
0.001752868918884709
0.0017605389170353698
0.0017748549626003395
0.001796133441602889
0.0018245852014464252
0.0018603125048030687
0.0019033077323371034
0.001953453847759922
0.002010526609018355
0.002074198480123188
0.0021440441697329416
0.002219547695605421
0.0023001108488769958
0.0023850629092525694
0.0024736714419734034
0.002565153990212214
0.0026586904626093636
0.002753436005235309
0.0028485341405067506
0.002943129952595547
0.003036383099682883
0.0031274804379928644
0.003215648050790165
0.0033001624872823865
0.0033803610314063212
0.0034556508385184797
0.003525516798723315
0.003589528008581751
0.003647342757833633
0.0036987119640958088
0.003743481015794638
0.0037815900113756357
0.003813072410615196
0.0038380521411544195
0.0038567392297081163
0.0038694240523184853
0.003876470321094983
0.0038783069457166914
0.003875418926220237
0.003868337448951225
0.0038576293697696034
0.003843886277475396
0.003827713335827128
0.003809718104389092
0.003790499536756882
0.003770637349527521
0.0037506819468166998
0.0037311450733564034
0.0037124913544622834
0.0036951308637236512
0.0036794128394685805
0.0036656206492605894
0.0036539680782934187
0.0036445969929942553
0.003637576405869248
0.003632902942084181
0.0036305026829258433
0.0036302343365875516
0.003631893663103121
0.003635219058132597
0.0036398981800667782
0.003645575486915985
0.0036518605339896965
0.0036583368707185887
0.0036645713653276546
0.0036701237795923984
0.00367455641269552
0.003677443633285497
0.003678381122198847
0.003676994654862784
0.0036729482620063967
0.003665951619783749
0.0036557665355083395
0.003642212412626814
0.0036251705979911987
0.0036045875355602943
0.003580476672981359
0.003552919090661691
0.003522062846512615
0.003488121053106495
0.0034513687271046506
0.0034121384730746397
0.0033708150848209733
0.0033278291667309034
0.0032836498950448148
0.0032387770540944984
0.003193732495151056
0.0031490511753729518
