0.005215344271584786
0.004920370038302133
0.0047024328849983
0.004582048396909553
0.004566567290311762
0.00464886094019117
0.004808216924951468
0.005013360941714587
0.005227179063985595
0.005412426504506995
0.005537526885807495
0.005581525641843265
0.0055373762957071585
0.005412996328821971
0.0052298917397292435
0.005019557335440833
0.004818243532071187
0.004660971366249157
0.004575820698783851
0.00457948187308588
0.004674849210408328
0.004851078914668688
0.005086095027528276
0.0053510831692233606
0.005616144471066649
0.005856061135212977
0.006055094930242361
0.0062099105897025
0.006330059923955924
0.0064359183984782934
0.006554450010470569
0.006713597014128459
0.006936366667888641
0.007235761696043516
0.007611555796067129
0.008049573407728485
0.008523655827940443
0.008999973090773588
0.009442873502775333
0.009821142960220708
0.010113440549430565
0.010311811907661013
0.010422537665429587
0.010464087574967392
0.01046252560621033
0.010445236419939366
0.010434214500361865
0.010440295897244115
0.010459583719945278
0.01047293775916687
0.010448830709460493
0.01034922151642111
0.01013748302333902
0.009786965574651914
0.009288573449183228
0.008655825057958018
0.007926253715979485
0.007158621208144021
0.006426154197049668
0.005806740927891869
0.005371608493701071
0.0051743286972884585
0.005242007641035783
0.005570192702417556
0.0061224326860016744
0.006834656009358918
0.007623723691080595
0.00839881233692681
0.009073812261857028
0.00957877057630438
0.009868594610681455
0.00992772170214816
0.009770166334303242
0.009435146159708413
0.008979221949152672
0.008466433094249796
0.00795817667835525
0.007504524531852884
0.007138319329975355
0.006872813033519237
0.006702924009665094
0.0066095253675685075
0.00656566034315656
0.0065433029325122315
0.00651928641143127
0.006479295766139901
0.006419297041573052
0.00634435368091811
0.006265336784448936
0.00619446010808697
0.006140778812592921
0.006106746857867248
0.006086647676735789
0.006067261183399403
0.006030606821474721
0.0059581206143941535
0.005835287675094358
0.005655632764136359
0.005423096426063136
0.005152167442670564
0.004865631743185625
0.004590329694794202
0.0043517737593335
0.004168766182550688
0.00404920565392416
0.003988065635362939
0.003968101530517569
0.003963282104653123
0.003944356234218936
0.003885480686387958
0.00377055279859315
0.0035978795111826388
0.003382083956532808
0.0031526584407928744
0.0029492243383661774
0.002814229379034713
0.002784367693211549
0.0028823332576584856
0.0031105405307613504
0.003448151924283896
0.003852186865877717
0.004262752085438011
0.004611663479173469
0.0048330723846150316
0.004874291053343067
0.004704918099493319
0.004322619183980537
0.003754479931684407
0.00305361715736466
0.0022915706665609424
0.0015477469287894568
0.0008977086551305398
0.00040230322898543273
9.946080453501673e-05
0.0
8.80476775052038e-05
0.000325845990123654
0.0006619398983530624
0.001041156011615466
0.0014145049731467468
0.001747212601833849
0.0020234906577325925
0.0022473146354265233
0.002439254944676233
0.0026301590183537863
0.002853062350308188
0.0031350078936283623
0.00349042245350528
0.003917347330795681
0.004397222080144921
0.004898195458765778
0.0053812302456918894
0.005807717365100478
0.006147026377213875
0.006382448033661083
0.006514321594894059
0.006559715729873224
0.006548731188242698
0.006518176560858628
0.006503899720029974
0.00653333183844097
0.006619764107400484
0.0067595367378919385
0.006932742689896098
0.00710734851903977
0.007245949607265576
0.007313841871330423
0.007286812618533503
0.007157085507987458
0.006936193841378819
0.006654138169364734
0.00635489678582595
0.006089063890533174
0.00590495384304574
0.005839822096731555
0.005912853375129415
0.0061212544687478925
0.006440221502231717
0.006826836799947182
0.0072272234142546745
0.007585682723887259
0.007854174917345327
0.008000441017026589
0.00801331805689676
0.00790431677820027
0.007705215320225604
0.007462144398958247
0.007227265439655229
0.007049558867732241
0.006966371967839847
0.006997205075301347
0.007140778705402308
0.007375808488589135
0.007665236921133959
0.007963057270111271
0.00822242679118538
0.00840357953299703
0.008480140409834965
0.008442786342482798
0.00829972518833629
0.008074065512588678
0.007798715490716108
0.007509873658705288
0.007240384095089173
0.0070141930690989784
0.006842879610742579
0.006724797723540547
0.006646851736437003
0.006588429115049618
0.006526629778735623
0.006441725403631194
0.0063217871671160915
0.006165625398438942
0.005983541538941623
0.005795826815849829
0.005629367018952513
0.005513048523190211
0.005472848070346149
0.005527500169484556
0.005685479010754421
0.005943746330278859
0.0062883652469430795
0.006696734529241791
0.0071409245062157975
0.007591443149898687
0.00802075011526539
0.008405959429940876
0.008730393374861718
0.0089839182406887
0.009162248206913907
0.009265593911372069
0.009297121514476918
0.009261663847008928
0.009165000169019586
0.009013828970359553
0.008816346060622678
0.008583157491845612
0.00832814509801188
0.008068886338854988
0.007826312821096736
0.007623454714867108
0.007483325374829255
0.007426206605768893
0.007466755435268713
0.00761143312640086
0.007856738685537507
0.008188614971668411
0.008583207921140442
0.00900893517715124
0.009429603086742854
0.00980814179985987
0.010110437636773974
0.010308744048930955
0.010384242707720981
0.010328482815136006
0.01014361611525661
