0.0007318555746778561
0.0007565812936986777
0.0007770892464398081
0.0007937594986599035
0.0008070845441405287
0.0008176604109916498
0.000826175739087439
0.0008333990059014814
0.0008401641116034734
0.0008473545644014581
0.000855886533228463
0.0008666910565116026
0.0008806957125322454
0.0008988060684775776
0.0009218872314748712
0.0009507458255605856
0.0009861127136323003
0.0010286267730236656
0.00107882001758698
0.0011371043383131127
0.0012037601089012026
0.0012789268727304481
0.0013625962938787943
0.0014546075177411526
0.0015546450470435248
0.0016622391972969898
0.0017767691526906128
0.0018974685998125976
0.0020234338731534643
0.002153634503821399
0.0022869260220120613
0.002422064825220523
0.002557724888620798
0.0026925160620780986
0.002825003670449763
0.0029537291106525162
0.003077231120827954
0.003194067384141997
0.0033028361225338927
0.0034021973342187586
0.0034908933329801206
0.003567768257204229
0.0036317862320482644
0.003682047888848716
0.0037178049715237433
0.003738472789880252
0.0037436403139024374
0.0037330777407057533
0.0037067414062627
0.003664775956571083
0.003607513736932199
0.003535471402702813
0.003449343799536241
0.0033499952049913955
0.0032384480657349692
0.0031158694046882745
0.0029835551097117776
0.002842912349161779
0.0026954403893393437
0.002542710113995112
0.0023863425662451407
0.002227986848167757
0.0020692977227525556
0.001911913266617629
0.0017574329199518297
0.0016073962725230997
0.0014632629114649108
0.001326393638144727
0.001198033338054377
0.0010792957597465114
0.0009711504268535932
0.0008744118717125185
0.0007897313406818643
0.0007175910805300807
0.0006583012729769267
0.0006119996412962795
0.0005786537095566996
0.0005580656523071974
0.0005498796310165232
0.0005535914740278259
0.0005685605198429734
0.0005940234098017331
0.0006291095862130413
0.0006728582262055822
0.0007242363203962875
0.0007821575892516387
0.0008455019189764178
0.0009131349930576976
0.0009839277952780824
0.0010567756650598208
0.0011306165962892156
0.0012044484860898287
0.0012773450600716788
0.001348470225012226
0.0014170906282830456
0.001482586235120336
0.0015444587694902982
0.0016023379012207516
0.0016559851006227426
0.0017052951213531013
0.0017502951121020236
0.0017911413971601262
0.001828114004370461
0.0018616090557682693
0.0018921291707538759
0.0019202720633746092
0.0019467175437044312
0.0019722131579604754
0.001997558722506574
0.0020235900229612835
0.002051161961025943
0.0020811314382318835
0.0021143402675129455
0.002151598400360552
0.0021936677494165126
0.002241246873885113
0.0022949567783584254
0.0023553280548742157
0.002422789573655868
0.0024976589004661962
0.00258013458833761
0.002670290459155532
0.0027680719567346876
0.002873294618223643
0.0029856446754954573
0.0031046817632245515
0.0032298436761935825
0.003360453085580314
0.0034957260930735456
0.003634782473150854
0.0037766574281635473
0.003920314658406355
0.004064660530431478
0.004208559111763807
0.004350847829083767
0.004490353499991209
0.0046259084857023835
0.004756366713442773
0.0048806193227922436
0.004997609699657945
0.005106347674672017
0.005205922679354171
0.0052955156730077006
0.005374409675648667
0.005441998766880108
0.005497795437061303
0.005541436204909951
0.005572685444320412
0.005591437392186762
0.00559771633789139
0.0055916750233758064
0.005573591309888212
0.005543863193168188
0.00550300227258319
0.0054516258012170995
0.00539044746281712
0.005320267037573099
0.005241959131729014
0.005156461155864529
0.005064760743248142
0.004967882802926108
0.004866876402204384
0.004762801669993965
0.004656716906265623
0.004549666073792558
0.004442666836687729
0.004336699296247133
0.004232695558604708
0.004131530251031652
0.004034012084735417
0.003940876542108023
0.0038527797459231646
0.0037702935473683027
0.003693901849395794
0.0036239981620448183
0.003560884367461102
0.003504770654634054
0.003455776567658732
0.0034139330968534255
0.003379185729522055
0.0033513983667001783
0.003330358003974164
0.003315780068479021
0.0033073143004778956
0.003304551066476675
0.003307027991557242
0.0033142368014077404
0.003325630269235157
0.003340629169177019
0.003358629145768967
0.0033790074182322776
0.003401129248560579
0.003424354113335846
0.0034480415306112635
0.0034715565047826443
0.0034942745638568227
0.003515586374650839
0.003534901931973599
0.0035516543275260423
0.0035653031129080754
0.003575337278570776
0.0035812778766649896
0.0035826803204112643
0.0035791363957884603
0.0035702760229833347
0.0035557688051744
0.0035353254008903467
0.003508698753471912
0.0034756852071959055
0.003436125534540354
0.0033899058930563462
0.0033369587235636974
0.0032772635941197116
0.0032108479866514747
0.003137788015527789
0.00305820905991419
0.0029722862847368463
0.0028802450187021766
0.0027823609522886874
0.002678960114135553
0.0025704185809651164
0.0024571618742317723
0.002339663996195224
0.0022184460591437717
0.0020940744640811676
0.001967158589337374
0.001838347955231789
0.0017083288380318996
0.0015778203148987978
0.0014475697311485188
0.0013183475918075865
0.0011909418908961267
0.0010661519039049745
0.0009447814812937172
0.0008276318932622518
0.000715494288266917
0.0006091418394870765
0.000509321664426428
0.0004167466127896794
0.0003320870264581228
0.0002559625825650151
0.00018893433613611328
0.00013149708233350975
8.407215987777587e-05
4.7000816616094574e-05
2.0538255384845282e-05
4.848473258531761e-06
0.0
5.9626320917292e-06
2.2605247239208684e-05
4.969477084214931e-05
8.689635081525677e-05
0.0001337747805315783
0.00018979719181650692
0.0002543370211264746
0.00032667923261463444
