0.003757991805505237
0.003744273193595441
0.0036823188079693698
0.003584265061925891
0.0034659049692046433
0.003344344186168256
0.0032357576144497403
0.0031536551952081144
0.0031079242310110607
0.0031047217148916484
0.0031470890269451285
0.003235999511038388
0.0033714641221272643
0.0035533310124719396
0.0037815187176189207
0.004055594672833531
0.004373809720460506
0.00473187628542398
0.0051218879632151885
0.005531790610188488
0.0059457207458856985
0.006345342043882509
0.006712072978849648
0.007029860941820556
0.007287976296429872
0.007483220788879648
0.0076209952339565575
0.007714851140798778
0.00778443099810633
0.007852029505029105
0.007938316496543823
0.00805798476849301
0.008216169495728497
0.00840640337992421
0.00861062891567357
0.00880142547984829
0.008946190520648609
0.009012621748428921
0.008974560460275761
0.008817137019235954
0.008540239308185399
0.008159596594807313
0.007705189205852758
0.007217182588557845
0.006740050115563851
0.006315901187141779
0.005978198248858579
0.005746991134472666
0.005626525248079262
0.005605639824975258
0.005660846363277752
0.005761466450776344
0.005875812796558974
0.005977196637099805
0.006048581146418526
0.006084970245758917
0.006093075238735908
0.006088350772665658
0.006090028982090604
0.006115199030343636
0.0061731931592204055
0.006261503487177128
0.006364168925147849
0.0064530908443475345
0.006492151564805289
0.006443435705717463
0.006274405374612529
0.005964647896964586
0.005510849975986201
0.004928953640589236
0.004252963415986577
0.0035305043912446646
0.0028158563314946263
0.0021616876433509314
0.0016109855983318113
0.0011906690449567576
0.0009080743961783597
0.0007509778564241914
0.0006911552982781033
0.0006908116359260795
0.0007106626224419156
0.0007181303587867234
0.0006940832029937883
0.000636819405299245
0.0005625123337301028
0.000502005918404796
0.000494544531887557
0.0005796092742395816
0.0007884001781235479
0.0011365808094895716
0.001619673306102278
0.0022120016773184655
0.0028694227409244285
0.0035353827839265505
0.004149226888416498
0.004655281821152514
0.005011107362510108
0.0051934856734776385
0.005201156751834064
0.005053923125152422
0.004788418851081336
0.004451437643047254
0.004092129439922678
0.0037545286001337648
0.003471746572762241
0.0032627795266483794
0.0031323277438287896
0.0030734113811465504
0.003072018625357704
0.003112644616293705
0.0031834442561901
0.003279851154024998
0.0034058773288150822
0.0035728265676008065
0.0037957209820217376
0.0040882394866098935
0.004457297713578133
0.004898495299675977
0.005393500294025827
0.005910064287312189
0.006404842218580186
0.006828632226841321
0.00713316484530757
0.007278253355104356
0.0072380299226178215
0.007005150693971587
0.006592224031073152
0.006030224815008981
0.005364203501434201
0.004647075135739909
0.003932590267093309
0.003268689530199888
0.0026923136632176848
0.002226413810171084
0.0018794542504975216
0.0016472153629827398
0.0015162862642434652
0.0014683653020726435
0.0014844109589613663
0.001547812492984239
0.001646043425360063
0.0017706525765422737
0.0019158489477661255
0.002076260754479929
0.002244626462023105
0.002410170877399063
0.002558236505831233
0.0026714225397760534
0.0027321032203514216
0.002725839540093709
0.00264494393146966
0.0024913649077882203
0.0022781508787955195
0.002029012853602784
0.0017758812301435414
0.0015547638076358456
0.0014005733418462566
0.0013418260725120024
0.0013961667680481697
0.0015675374120529503
0.0018455026242944713
0.0022068371697277593
0.002619053397066997
0.003045187427496619
0.003448946255913816
0.0037992873446369454
0.004073661908283528
0.004259466422134567
0.0043536445166953925
0.004360775833349985
0.004290292892402583
0.004153614594633942
0.003961943343329321
0.003725251928045594
0.003452637058817174
0.003153819950177617
0.002841224795914316
0.0025318498011929584
0.0022481217165568395
0.0020171108840204652
0.0018678495132268165
0.0018269680214544268
0.0019133404495983012
0.0021327997003639395
0.002474151714432016
0.0029076269948126745
0.0033865524431474785
0.0038524572781284305
0.004243144470776393
0.004502596070777234
0.004591075851703284
0.004493563003820473
0.004224766317293051
0.003829435488937609
0.0033774416336766477
0.0029540186533209703
0.0026464766168506253
0.0025294432560892376
0.002651108520068081
0.003022941526241295
0.003614895468043159
0.004357272944601147
0.005149325771102603
0.005873496766338249
0.0064131837980192325
0.006671208584215662
0.006585941376420403
0.006142324690628636
0.0053758189909853624
0.004368436311904493
0.0032373417604515116
0.0021177605619787775
0.0011429084969982765
0.00042419078098508093
3.489131978784031e-05
0.0
0.00029379695915493194
0.0008455072085319609
0.0015519835637279851
0.0022952064963590183
0.0029616088793657557
0.003459974812847925
0.0037349649372637912
0.003774126389585212
0.003607406162472614
0.00329949350920126
0.002936538768163925
0.002609720042432431
0.002398599760960664
0.002357158166142127
0.002504833184994548
0.0028239479008602053
0.003263746752240098
0.003750101463922437
0.0041989933037414875
0.004531292164589054
0.004686226434062179
0.004631276080717211
0.004366946230079353
0.003925844143312409
0.0033665053335031198
0.0027633079351710695
0.002194423162309998
0.0017299773347403753
0.001422425393139992
0.0013006102586061268
0.0013682222398123077
0.0016065312848756903
0.0019805029749441986
0.0024468642736533196
0.0029624464528009197
0.003491226604081661
0.004008877001173572
0.004504220146691905
0.0049776497147779875
0.0054371794666798435
