0.003960194107797125
0.003952482568773284
0.003943366457035085
0.003932879556110241
0.003921059126187751
0.00390794576525867
0.0038935832568941634
0.003878018405299829
0.0038613008583374816
0.0038434829192549665
0.003824619347910784
0.0038047671523233116
0.0037839853714139618
0.003762334849849508
0.003739878005921097
0.0037166785934257007
0.003692801458540185
0.003668312292698389
0.003643277382497755
0.0036177633576738944
0.003591836938189113
0.0035655646814842356
0.0035390127309420493
0.0035122465666054025
0.003485330759183393
0.003458328728365268
0.003431302506443598
0.003404312508226209
0.003377417308190143
0.0033506734258008835
0.0033241351198861884
0.003297854192916341
0.0032718798060016163
0.003246258305373345
0.0032210330610674505
0.0031962443184787998
0.0031719290634014533
0.0031481209011140557
0.0031248499500114665
0.0031021427502235014
0.0030800221875995353
0.0030585074333740773
0.0030376138997633743
0.0030173532116770175
0.002997733194661622
0.0029787578791262265
0.002960427520831299
0.002942738637555634
0.0029256840617879276
0.0029092530092230283
0.0028934311627768173
0.0028782007717687644
0.002863540765857644
0.0028494268832539617
0.002835831812672602
0.0028227253484312455
0.002810074558044548
0.0027978439616110837
0.0027859957222398464
0.0027744898467159653
0.0027632843955612972
0.002752335701604994
0.002741598596142131
0.0027310266417251735
0.0027205723706036234
0.002710187527801713
0.002699823317802651
0.0026894306537907434
0.0026789604083897484
0.002668363664827302
0.0026575919674508945
0.002646597570521158
0.0026353336842126693
0.002623754716761478
0.0026118165117118507
0.0025994765792323234
0.002586694320493074
0.002573431244122632
0.002559651173792122
0.0025453204460093135
0.002530408097242699
0.002514886039537507
0.0024987292238306718
0.00248191579022042
0.0024644272044977962
0.002446248380302196
0.002427367786320467
0.0024077775380091423
0.0023874734733817233
0.0023664552124673284
0.0023447262001132377
0.002322293731871679
0.002299168962780182
0.0022753668989149863
0.0022509063716677448
0.002225809994767061
0.002200104104137819
0.0021738186807626052
0.0021469872567804393
0.0021196468051282794
0.002091837613100049
0.0020636031402659592
0.0020349898612614164
0.0020060470940195395
0.0019768268140839627
0.0019473834556989634
0.001917773700431777
0.001888056254136923
0.001858291613124384
0.0018285418204422059
0.0017988702132293378
0.0017693411621362695
0.0017400198038487376
0.001710971767783746
0.001682262898056756
0.0016539589718444641
0.0016261254152885808
0.0015988270181026658
0.001572127648056124
0.0015460899665168486
0.0015207751462367539
0.001496242592562478
0.0014725496692468516
0.0014497514300253452
0.001427900357105643
0.0014070461076978063
0.0013872352696871861
0.00136851112752251
0.0013509134393573895
0.0013344782264450624
0.0013192375757435952
0.001305219456642197
0.0012924475526688611
0.0012809411089855273
0.00127071479641938
0.0012617785927181869
0.0012541376816537536
0.0012477923705310127
0.0012427380265911325
0.0012389650327256435
0.0012364587628451384
0.001235199577170965
0.001235162837641691
0.0012363189435483546
0.0012386333874338346
0.0012420668312124747
0.0012465752023865682
0.0012521098101568916
0.0012586174811453073
0.0012660407143690539
0.0012743178550287794
0.0012833832865961577
0.0012931676406122093
0.0013035980235346148
0.0013145982599015965
0.0013260891510116413
0.0013379887482527536
0.0013502126401522567
0.0013626742521587326
0.001375285158111679
0.001387955402302152
0.0014005938309792215
0.0014131084321127355
0.0014254066821828202
0.0014373958987309835
0.0014489835973766087
0.0014600778519764813
0.0014705876565835026
0.0014804232878444297
0.00148949666646504
0.0014977217163649314
0.0015050147201430939
0.0015112946694794635
0.0015164836091070709
0.00152050697300385
0.0015232939114728666
0.0015247776078045048
0.001524895583243994
0.0015235899890223593
0.0015208078842485877
0.0015165014985049899
0.00151062847803678
0.0015031521144800236
0.0014940415551297718
0.0014832719938116337
0.0014708248414854776
0.001456687875778857
0.001440855368720108
0.001423328192016416
0.00140411389930043
0.0013832267848497273
0.0013606879183665186
0.0013365251554899663
0.001310773123800137
0.0012834731841606503
0.0012546733673360533
0.0012244282859097707
0.0011927990216184638
0.001159852988308876
0.0011256637708130248
0.0010903109401268686
0.0010538798453658027
0.0010164613830573827
0.0009781517444170367
0.0009390521413359795
0.0008992685118917739
0.0008589112062706894
0.0008180946540668
0.0007769370139954983
0.0007355598071284108
0.00069408753482231
0.0006526472825763147
0.0006113683111092284
0.000570381636002003
0.0005298195972988392
0.0004898154205042202
0.00045050277045194744
0.0004120152995558911
0.00037448619198058686
0.00033804770529277705
0.0003028307111725512
0.00026896423677462834
0.00023657500833668067
0.00020578699863219377
0.0001767209798603012
0.00014949408355427983
0.00012421936907393077
0.00010100540222503012
7.995584552133702e-05
6.116906157156384e-05
4.473773103513628e-05
3.074848654681102e-05
1.928156396127775e-05
1.0410472215008392e-05
4.201683043923623e-06
7.143417322147579e-07
0.0
2.1023720657427185e-06
7.057114843650415e-06
1.4891633156986425e-05
2.5624910765522594e-05
3.926736791959643e-05
5.5820746064720464e-05
7.527802022963504e-05
9.762333953754893e-05
0.00012283199618534353
0.00015087042313895313
0.00018169622069556498
0.00021525821196480407
0.00025149652722214976
0.000290342716988805
0.0003317198935935085
0.00037554290087353135
0.0004217185115748918
0.0004701456519158719
0.0005207156526835842
