0.004448129388382704
0.00474983566531411
0.00506684216372456
0.0053521129826709524
0.005570739170732002
0.005705227867800734
0.005756965270174548
0.005743790912396634
0.005694371417211549
0.005640652858825777
0.005609995880602151
0.005618603803036438
0.0056675500303299715
0.005742164268510405
0.005814858466182345
0.005850795737494013
0.005815257637538535
0.005681247762181004
0.005435837251239649
0.0050840097902673026
0.004649246157135082
0.004170705586857789
0.003697495029490288
0.0032810497490525017
0.002966983810661946
0.0027878502207751587
0.002758069632472519
0.0028718836853606727
0.0031046434742111346
0.003417157767061037
0.00376230539912107
0.004092751800709751
0.004368459297754446
0.004562762271054617
0.0046660670227605255
0.004686672237641286
0.004648706263368812
0.004587652281392401
0.004544301654573144
0.004558182533899709
0.004661530372998649
0.004874708755574789
0.005203692444848914
0.005639850266237469
0.006161882365507994
0.0067394392794906804
0.007337728539616224
0.007922325038042261
0.008463445851798233
0.008939107521576718
0.009336816095899134
0.009653701544919987
0.00989525316588308
0.010073004606279239
0.010201633077712319
0.01029596983447724
0.010368375119031005
0.010426828415099745
0.010473947684018922
0.01050700364810757
0.010518857973529278
0.010499642198352173
0.010438915533908206
0.010327996514800632
0.01016215423008452
0.009942366023437269
0.009676396303086495
0.009379021982844842
0.009071320535798063
0.008779041910704194
0.008530198322778598
0.008352115489991135
0.008268281372657643
0.008295388362608892
0.008440977701647426
0.008702050716623628
0.009064908065853606
0.00950632351284707
0.009995971266255647
0.010499832939428296
0.010984143792510738
0.011419329412390666
0.011783357591670002
0.012063997496589363
0.012259634642825493
0.01237851419083194
0.012436540854991756
0.012454007061905654
0.01245180714988164
0.012447787764857395
0.012453862324997116
0.012474380377967921
0.012506012626249133
0.012539129858388051
0.012560371226039865
0.012555868483095537
0.012514463631581374
0.012430255685781537
0.012303941698580005
0.01214265583308838
0.01195831388849894
0.011764780812124532
0.011574433713861534
0.011394840102453372
0.011226277594108082
0.011060681238457545
0.010882340863153941
0.010670331748522052
0.010402312274176845
0.010059030813185052
0.00962871055273561
0.009110463103957293
0.008516028175726293
0.007869423658668242
0.007204466436734555
0.006560518668525928
0.005977151449771318
0.005488631477348405
0.0051191830921760335
0.004879846099037724
0.004767461878872805
0.004765930099642202
0.00484946009598234
0.004987175457722893
0.00514818889900578
0.005306194838663727
0.00544274371084064
0.005548642565703558
0.005623315966098065
0.005672382196587746
0.005704067818021629
0.005725323602805777
0.005738566526480158
0.0057398405800191295
0.005718887339926078
0.005661203957444862
0.005551723805396321
0.00537937363486406
0.005141520972658288
0.004847280674560634
0.004518816495999001
0.004190126903842375
0.003903280897877909
0.003702579666182943
0.0036275642304103278
0.00370607816572016
0.003948665563450554
0.004345415227076868
0.004865975602647539
0.0054629261864761434
0.006078095868151106
0.006650875836149827
0.007127186226208886
0.007467597215815763
0.007653211381194601
0.007688271352826672
0.007599005324895021
0.0074288671046079295
0.007230952778180522
0.007058870530439118
0.006957614216683991
0.006955994681137277
0.007061913802301977
0.0072612720364343235
0.007520668466758359
0.007793395204729986
0.008027661767106134
0.008175609279380804
0.00820155389808248
0.008088052528487844
0.00783878158397857
0.007477788000886219
0.00704530842649791
0.00659094427357166
0.006165423811932231
0.005812402362343576
0.005561713680514122
0.005425201767190446
0.0053957877754282745
0.005449848949214856
0.005552409220415647
0.005664165104714745
0.005749076272004635
0.005781183909481371
0.005749486776022776
0.005660068845915193
0.0055351646312876025
0.005409379670034489
0.005323761618295509
0.005318761892233919
0.005427284946338791
0.005668972513031987
0.006046630194964372
0.006545322174786983
0.007134206852156247
0.007770741007842419
0.008406516404261155
0.008993766702428178
0.009491524126191718
0.009870514566562105
0.010116128911509788
0.010229147889062104
0.010224266397439341
0.010126799223221138
0.0099682009952848
0.009781164721119135
0.00959506302694092
0.009432374551874439
0.009306524217498545
0.009221302453272512
0.009171761864913058
0.009146263987976496
0.009129197265037144
0.00910382908398335
0.009054791894376165
0.008969822712243058
0.008840551034416711
0.00866232922059566
0.008433286927692758
0.008152936067509331
0.007820732078427884
0.007434999332436663
0.006992553967838206
0.006489219000640677
0.005921246718530552
0.005287471129512774
0.004591840103006251
0.0038458523538019867
0.0030703720022861266
0.0022963268553181163
0.0015639174264596312
0.0009201605508681989
0.00041484028850983633
9.520568395790952e-05
0.0
0.0001535888981490513
0.0005610408829227207
0.0012049787799731987
0.002044858939628285
0.003019057141218165
0.004049777841130671
0.005050403642129125
0.005934522109548666
0.006625566847953035
0.007065841345307194
0.007223693459226445
0.00709778807006602
0.0067177705191940615
0.006141082145315084
0.005446217555538813
0.004723224041355225
0.004062658115005659
0.00354446507203074
0.003228290142393476
0.0031465506675959942
0.003301218969876862
