7.379430194764166e-05
0.0006891301782705334
0.0012694104799824933
0.001781415217101302
0.0022151130852552936
0.002583111179848652
0.0029155161410291887
0.0032513055098482243
0.0036279792341234337
0.00407158631344222
0.0045891401999671655
0.0051649667746584815
0.005761762734384612
0.006326228262203687
0.0067982512803072565
0.007121930215468937
0.007256358184220133
0.007184120928275166
0.006915875683795085
0.006490097705908913
0.00596796810983629
0.005424263919520769
0.004935833761942125
0.0045696687319375755
0.004372633228178209
0.004364601026019959
0.004536113222410906
0.00485085859207633
0.005252426818784039
0.0056740568420977945
0.006049625150186535
0.006323970979681923
0.0064608523308540755
0.006447319473224855
0.00629397930185554
0.006031370727882248
0.005703338944587785
0.005358766533064593
0.005043215999608789
0.004791940451300101
0.004625362129713887
0.004547584855292717
0.004547907421634577
0.004604757979087308
0.004691074826005007
0.004779981537570649
0.004849662420354566
0.00488660891476852
0.0048868108519989914
0.004854917337778128
0.004801795957249981
0.004741197402113421
0.004686338086302374
0.004647137591728353
0.004628621321338591
0.004630682130967272
0.004649064193694961
0.004677162577916064
0.004708079924317859
0.004736374693365709
0.004759066924355411
0.0047756989884983414
0.0047875202696501685
0.004796108320934544
0.0048018951566060905
0.00480309795783779
0.004795450858113735
0.004772922828394067
0.004729336623977953
0.004660540822985459
0.004566596689840229
0.004453374303670571
0.004333031385600908
0.004223063637256542
0.004143925232848244
0.004115556719921189
0.004153449334011378
0.00426505035918242
0.004447326283177921
0.004686134862101994
0.00495773726744063
0.0052323650223041855
0.0054793248426108455
0.005672766728221453
0.005797034990406868
0.005850519375079791
0.00584713622922068
0.00581496710335179
0.005792095355284016
0.005820215444163156
0.005937042027154952
0.006168826193454878
0.006524333971719011
0.006991440273193302
0.007537069639095895
0.008110646097277649
0.00865060015398426
0.009092933989777514
0.009380468007825759
0.00947125441472833
0.00934477378279919
0.009004906221898387
0.008479221929354038
0.007814765635944836
0.007071101085540863
0.006311828202639636
0.005596007921519479
0.00497089126266999
0.004467062704976577
0.004096631902366942
0.0038545354081569276
0.0037224505642134255
0.003674381444428109
0.0036827312877919923
0.003723667180963005
0.0037808042564944303
0.003846637379112925
0.00392164360604382
0.004011467586535718
0.004122987135365401
0.004260262863290522
0.004421366471311213
0.004596863558757562
0.004770347022278768
0.004920956612320976
0.005027374672480821
0.0050724493824729055
0.005047434664086374
0.004954884068014197
0.004809485739925049
0.004636527703101736
0.004468157280838976
0.004338050868521228
0.004275449811342236
0.004299676080835192
0.0044161843835454784
0.004614943805450538
0.0048715208773804294
0.0051507365983313414
0.005412287414546534
0.0056173464504150365
0.005734967903766449
0.005747141796145854
0.005651584434613444
0.005461758006528594
0.005204115009766667
0.004913066771022852
0.00462458743884255
0.004369610396523969
0.0041684091452623105
0.00402697448459583
0.003936038743704953
0.003872922786302511
0.0038058790493279166
0.0037001640216870685
0.0035247734897660733
0.003258664233770278
0.002895382370840258
0.002445300116727732
0.0019350763175106913
0.0014044270817499334
0.0009007389795093112
0.00047240341845091165
0.00016194175953560506
0.0
1.1249129573797506e-06
0.00016192534776617983
0.00046182986726600594
0.0008662429652554222
0.0013315435865616414
0.0018111160899578448
0.002261489109229205
0.0026476912160966716
0.0029470987583354326
0.0031513157292197653
0.0032659405059886743
0.003308388518847617
0.0033042068651070646
0.0032825015762615014
0.0032711813316422932
0.003292700279367616
0.0033608697010618265
0.003479127221015949
0.0036404331425008898
0.0038287376650887497
0.004021758639798094
0.004194649665231058
0.004324037729325613
0.004391875474977283
0.004388585539284445
0.004315067175562964
0.004183277403342755
0.004015275142851962
0.003840808976596309
0.0036937169863860515
0.0036075692745695617
0.0036110998649235507
0.003724027388164625
0.003953841751199906
0.0042940336650768495
0.004724072512731335
0.005211213525774284
0.005713965376179555
0.00618680864227965
0.0065855608214341835
0.006872667531833362
0.007021685478800487
0.007020319229462444
0.006871571931406762
0.006592843454747506
0.006213117406070933
0.005768672248260403
0.005297982410749877
0.004836602330881069
0.00441282549731626
0.004044778691752025
0.0037393684086790974
0.003493181652904403
0.003295110409515512
0.0031301759138619655
0.0029838273241558303
0.002845915856515829
0.0027136136790579064
0.002592745187099175
0.0024972912748175494
0.0024471619705435954
0.002464648545797275
0.002570205557569517
0.002778332961344893
0.00309430740796245
0.003512355284998801
0.004015598335562719
0.00457778546356714
0.005166511054305465
0.005747368571464339
0.006288343372437645
0.0067637343966464696
0.007157008863929271
0.007462210841480644
0.007683817886302848
0.00783521469504059
0.007936175190668096
0.00800987362328005
0.008079960591013478
0.00816814541493427
0.008292549236285323
0.00846687777510852
0.00870026038057688
0.008997460224527215
0.009359112062152836
0.009781699692666884
0.010257131098420531
0.010771969070442021
0.01130657820628282
0.011834601195597021
0.012323232647520256
