0.0
9.583170063344774e-06
2.009091120077494e-05
3.153154212131096e-05
4.39121735870266e-05
5.723860168506769e-05
7.151520387546368e-05
8.674483835827921e-05
0.00010292874729369303
0.00012006646439626867
0.0001381557274100886
0.00015719239595456103
0.0001771703752116824
0.0001980815459043815
0.0002199157009924017
0.00024266048948704878
0.00026630136775917775
0.0002908215586860628
0.00031620201895246657
0.00034242141478937026
0.00036945610640057693
0.0003972801412929134
0.000425865256690125
0.00045518089117397155
0.0004851942056585878
0.0005158701137660659
0.000547171321632557
0.000579058377135169
0.0006114897284906852
0.0006444217921378211
0.0006778090297755198
0.0007116040343908292
0.0007457576250713704
0.0007802189503594178
0.0008149355998673897
0.0008498537238381739
0.0008849181602983854
0.000920072569418508
0.0009552595746610355
0.0009904209102663598
0.001025497574596376
0.0010604299888277054
0.0010951581604602227
0.0011296218510822929
0.0011637607478119161
0.0011975146378129119
0.0012308235852674706
0.0012636281101709062
0.0012958693683013602
0.0013274893317065943
0.0013584309690418944
0.001388638425087575
0.0014180571987716234
0.0014466343190227117
0.0014743185177810945
0.0015010603994998885
0.001526812606476798
0.0015515299793665528
0.0015751697122371215
0.0015976915015481026
0.001619057688447543
0.0016392333938037335
0.0016581866454111957
0.0016758884968350795
0.0016923131373853596
0.001707437992741573
0.0017212438157801664
0.0017337147671897873
0.0017448384854948941
0.0017546061461447746
0.0017630125093633026
0.0017700559564943904
0.0017757385146189805
0.0017800658692613794
0.001783047365045654
0.0017846959942064955
0.0017850283729032572
0.0017840647053306185
0.0017818287356643602
0.0017783476879258727
0.0017736521938940862
0.0017677762092383536
0.0017607569180902477
0.0017526346263160842
0.0017434526437950888
0.0017332571560503135
0.001722097085620532
0.001710023943601192
0.0016970916718210183
0.0016833564761577506
0.0016688766515317694
0.001653712399149753
0.0016379256366019432
0.001621579801445953
0.0016047396489371562
0.0015874710445905268
0.0015698407522811448
0.0015519162186104585
0.0015337653542826233
0.001515456313249811
0.0014970572703971743
0.0014786361985472034
0.00146026064556932
0.0014419975123838818
0.001423912832650115
0.0014060715549249476
0.0013885373280742809
0.0013713722907098085
0.0013546368654132764
0.0013383895584959176
0.0013226867660238628
0.0013075825868206201
0.0012931286431353006
0.0012793739096402426
0.001266364551394091
0.001254143771376367
0.001242751668167182
0.001232225104311142
0.0012225975858677638
0.0012138991536119865
0.0012061562863078675
0.0011993918164362014
0.0011936248587130739
0.0011888707516910927
0.0011851410126886238
0.0011824433062448516
0.0011807814262500967
0.0011801552918516813
0.0011805609571860325
0.0011819906349376827
0.001184432733675664
0.0011878719088676522
0.0011922891274222434
0.0011976617455602089
0.0012039635997665495
0.001211165110526959
0.0012192333985049412
0.0012281324127697336
0.001237823070640139
0.0012482634086660345
0.0012594087442273918
0.0012712118471906479
0.0012836231210240738
0.0012965907927377763
0.0013100611109800949
0.0013239785515906657
0.0013382860298813937
0.0013529251188901183
0.0013678362728279947
0.0013829590549206188
0.001398232368824816
0.0014135946927877994
0.001428984315703259
0.0014443395742097707
0.001459599089970914
0.0014747020062735525
0.0014895882230809814
0.0015041986296810185
0.001518475334075653
0.0015323618882685229
0.0015458035086192456
0.0015587472904494736
0.0015711424161043396
0.001582940355694788
0.0015940950597709185
0.0016045631432039249
0.001614304059584383
0.001623280265477367
0.0016314573739101134
0.0016388042965055384
0.001645293373714714
0.0016509004926433095
0.0016556051920108396
0.0016593907538271476
0.0016622442814178085
0.0016641567634787826
0.0016651231238906021
0.0016651422570734251
0.0016642170487162185
0.0016623543817660016
0.0016595651276162995
0.0016558641224874613
0.0016512701290451928
0.0016458057833572757
0.0016394975273418143
0.0016323755269132942
0.0016244735760850104
0.001615828987337923
0.0016064824686164035
0.0015964779873606193
0.0015858626220331346
0.0015746864016436192
0.0015630021338201145
0.001550865222017977
0.001538333472498226
0.001525466891745434
0.001512327475031335
0.0014989789868639083
0.0014854867340926533
0.0014719173324689592
0.001458338467485928
0.0014448186503444116
0.001431426969911483
0.0014182328415539346
0.0014053057537425553
0.0013927150133328922
0.0013805294904350555
0.0013688173637883905
0.0013576458675571598
0.0013470810404601333
0.001337187478140581
0.0013280280896734156
0.0013196638590932917
0.001312153612811279
0.0013055537937684196
0.001299918243152068
0.0012952979904755232
0.0012917410527931068
0.0012892922437917368
0.001287992993466167
0.001287881179048617
0.001288990967824649
0.001291352672425866
0.0012949926191466571
0.0012999330297867363
0.001306191917473981
0.0013137829968730575
0.0013227156091348395
0.0013329946618897842
0.0013446205845354668
0.00135758929901448
0.001371892206224249
0.0013875161881449832
0.0014044436257163392
0.00142265243243757
0.0014421161036100778
0.0014628037810857778
0.0014846803333294937
0.0015077064505491203
0.0015318387545935899
0.0015570299232660126
0.0015832288286479045
0.001610380688980355
0.001638427233599476
0.0016673068803767749
0.0016969549250702282
0.0017273037419491312
0.0017582829950152697
0.0017898198591048545
0.001821839250120051
0.001854264063605983
0.0018870154208589054
0.0019200129217239266
0.001953174903216331
0.0019864187030792816
0.002019660927372555
