0.004380824882549848
0.004348621607450414
0.004171267460599772
0.0038763192762333613
0.0035054838098134227
0.0031081990268736746
0.0027343261456561343
0.0024271831095205804
0.002218025396303057
0.002122766821323639
0.002141298968018886
0.002259299596993211
0.002452005741929328
0.0026891386627640535
0.0029400494231739266
0.0031782143830040876
0.0033844233270653072
0.0035483156838763174
0.003668263396391866
0.0037499028710338213
0.003803826679433646
0.0038430256927097263
0.003880620307869185
0.003928259364294165
0.003995342258886228
0.0040889889422474745
0.0042144971206042195
0.004375925884913265
0.004576448527529372
0.004818218398337277
0.005101662018763231
0.005424309838476861
0.00577944837368581
0.006154985162106214
0.006532932334258831
0.006889829073877611
0.007198253666808606
0.007429356925440122
0.007556126559028589
0.007556914032564892
0.007418660487957747
0.0071392684656647575
0.0067286821644559
0.006208440063211709
0.0056097120713073795
0.004970081898895679
0.0043295373501490726
0.0037262498102967737
0.0031927393645033225
0.0027529343596511594
0.0024204642706724027
0.0021983080562742565
0.0020796997964944554
0.0020500107305071657
0.002089213341367518
0.0021745043865725048
0.002282716859853689
0.00239226602750514
0.002484520367639423
0.0025446285921281765
0.002561936937959322
0.00253017549341409
0.002447572772124404
0.002316984632037968
0.002146020959546399
0.00194705283983701
0.0017369156475882158
0.0015361132795327758
0.0013673855240320942
0.001253617559563967
0.0012152251900010348
0.0012673077008110872
0.0014169840755122488
0.0016613840035773113
0.001986731112038885
0.0023688284120907664
0.002775051066474467
0.0031677028394175243
0.0035083451852801406
0.00376251000070423
0.0039041000290848085
0.003918790795188825
0.00380587950466036
0.0035782611897178704
0.0032605117279234284
0.0028853688299908184
0.002489169410815618
0.0021069754415554203
0.0017681673439818796
0.0014931941653043043
0.001291958410347259
0.0011640185318209737
0.0011004675490834748
0.001087051739044493
0.001107883044173895
0.0011490112965190152
0.001201173063066256
0.0012612123848614208
0.0013319403957875579
0.001420513764619304
0.0015357064676718287
0.0016846695822109498
0.0018698778295569902
0.002086929802821781
0.0023237072260742387
0.0025611377604495785
0.0027754950385788435
0.0029418673997467916
0.003038190226627482
0.00304911061956388
0.0029689616447888087
0.0028032659139260734
0.002568439496915249
0.002289681979072976
0.00199736019865435
0.001722464081105397
0.0014918845740681365
0.0013243054485472354
0.0012274052796594093
0.0011968500230804917
0.001217257881408996
0.0012649881702773867
0.0013123009562905378
0.0013322056159711937
0.001303201736313619
0.0012131327912397456
0.0010615174094106197
0.0008599695448891862
0.0006306261303855331
0.0004028186653633331
0.00020850308215711842
7.715723743187321e-05
3.093875318768051e-05
8.085702028379086e-05
0.00022456028155520748
0.0004460970150763268
0.000717717886134
0.0010034841485839414
0.0012641840233688054
0.0014628672373084447
0.0015702152049165067
0.0015689816040318151
0.001456861465946046
0.0012473584564564972
0.0009684906371772843
0.0006594683713398168
0.00036575541004220825
0.0001331491184015719
1.6585333472646582e-06
0.0
0.00014146268477189736
0.00042172715939951333
0.0008189695150652068
0.0012962822592811332
0.0018061304006425872
0.00229627851790046
0.002716411832892212
0.0030245632139751823
0.003192467882716983
0.003209101523924362
0.00308190102504011
0.002835489032309916
0.002508079591631342
0.0021460807070394954
0.001797679194720692
0.0015063503739531242
0.001305252015725181
0.0012133314609661422
0.0012337129208646576
0.0013545764146759712
0.0015523449761009234
0.0017966255329568658
0.002056062494316702
0.0023041108634853083
0.0025237461429745505
0.002710303450516505
0.0028719523403522556
0.0030277166346307526
0.0032033733423885193
0.0034259391418906314
0.003717711428408692
0.004090926546928891
0.004544010698467725
0.00506014067498353
0.0056084437113284
0.006147713493080166
0.006632080370822756
0.007017724783584931
0.007269525932695187
0.007366529254603974
0.0073053000163012536
0.007100576517504762
0.0067830862790614795
0.006394864926759074
0.005982837850385948
0.005591716215553273
0.005257371054501851
0.005001762907981826
0.004830235565755226
0.00473157849806659
0.004680794530420263
0.004644058690650538
0.004584998441963957
0.004471224470630118
0.004280026476174466
0.0040023183821648
0.0036442380335331365
0.0032262181201747147
0.0027797737264163096
0.0023426227363660098
0.0019530061603620667
0.0016441675398773596
0.00143987479366652
0.001351645225649086
0.0013780111678368262
0.0015058018858042756
0.001713082706416103
0.001973142177464928
0.0022587912262851196
0.002546248805346381
0.0028180244846558156
0.003064435735143151
0.00328366766354181
0.0034805428185449403
0.003664371589485257
0.003846367553775208
0.004037124674725606
0.004244573085593626
0.004472683370061112
0.0047210126107468985
0.00498501819126247
0.0052569404702183745
0.005526993381900313
0.00578460703176743
0.006019526933646971
0.006222667230770778
0.006386711049791591
0.006506522885154686
0.006579466951148449
0.006605706097750021
0.006588496686269837
0.0065344161938335685
0.006453389346062712
0.006358341984333885
0.006264328866158084
0.006187058284082965
0.006140863121650918
0.006136320350029034
0.006177864483957198
0.006261837855547964
0.0063754401873779565
0.006496963965036304
0.006597531731880193
0.006644308603646274
0.006604887978612339
0.006452291754977578
