0.00874740615504892
0.00950659290513609
0.010168392142341593
0.010694416273368033
0.011061061651547025
0.01126012747382934
0.01129685357264494
0.01118607579416494
0.010947550108895398
0.010601608255666323
0.010166157957763468
0.009655664771051425
0.009082234166841436
0.00845836636475039
0.007800504630464635
0.0071322434899539315
0.006486069030008106
0.005902776863497077
0.005428204653278788
0.005107527171841424
0.00497796555124419
0.0050612281503458565
0.005357221454368405
0.005840485084485574
0.006460414936170108
0.0071457043794832965
0.0078126686127737
0.00837636542226101
0.008762833383923028
0.008920456652625253
0.008828504450216856
0.008501288687435622
0.007987072859812764
0.007361730622670578
0.0067180393542455585
0.006152242288236626
0.0057499860351833635
0.005573851829071289
0.005654428124515864
0.005986268788853678
0.0065292552580797905
0.007214982508193882
0.007956978698145883
0.008662989051760859
0.009247302799827694
0.009641211891498296
0.009800127899164464
0.009706555321068415
0.00936889094681686
0.0088167418882404
0.00809399619717575
0.007251147068478216
0.00633832917044385
0.005400200878580076
0.004473281510639027
0.0035857474556909227
0.0027591364965476057
0.0020110214331785538
0.0013575692832469071
0.000815023833024754
0.000399502265741627
0.00012499642157240767
0.0
2.3622148123634938e-05
0.00018229227593995635
0.00044814893254104503
0.0007799303772703103
0.0011266962864124814
0.0014341063429929501
0.0016523874874560165
0.0017446648041236678
0.0016941147441818906
0.0015084811493699451
0.001220873197322077
0.0008863789717151963
0.0005747688791789543
0.0003602913121639583
0.0003101388555391167
0.0004734726698475593
0.00087286944256155
0.0014996951993922637
0.002314272387312591
0.0032509028392649734
0.004226983395332922
0.005154752065115434
0.005953756812895872
0.0065620260813756565
0.006944158710348493
0.007095095465623884
0.007039084352626773
0.006824170785007102
0.006513284949254618
0.006173532913250524
0.00586553635887525
0.005634575486354502
0.005504898403323963
0.005477949548533688
0.00553455759155673
0.005640441592388058
0.005753863432808819
0.005833961789592318
0.005848287282556584
0.0057783058546422615
0.005622086058947051
0.005393940252128594
0.005121340609109689
0.004839877262071149
0.004587293551178576
0.00439768776928341
0.004296821025679392
0.004299165008693392
0.0044069361576142526
0.004610978347901338
0.004893050638262288
0.00522890250187646
0.005591496145123332
0.005953849395838433
0.0062911798621216476
0.006582271214345837
0.006810192926829418
0.006962635469330778
0.007032147203508848
0.007016479467876074
0.006919092191215951
0.006749692838555832
0.006524532388260072
0.0062661119904559096
0.006001992032678782
0.00576254321644176
0.005577709772152435
0.005473117480862474
0.00546609069806317
0.005562282032730184
0.005753621160012972
0.006018138736724323
0.0063219342838144845
0.0066231817199134185
0.00687767448915545
0.007045084180214027
0.007094914359729204
0.007011123297025094
0.006794578232754684
0.006462862944894843
0.006047426665484838
0.005588548393723724
0.005129001240163871
0.004707553113144557
0.004353478340797315
0.004083066305868431
0.0038987295431471567
0.00379080671290631
0.0037416237629021264
0.003730925254742354
0.00374150938732987
0.0037638541836205143
0.003798722645229945
0.0038571460685048664
0.003957728372452098
0.004121782853231022
0.004367291264332949
0.004702963869950336
0.005123714198657491
0.0056086291039188375
0.006122052371803338
0.006617794427868812
0.007045848549437349
0.007360460668203707
0.007528074385257242
0.007533626054242674
0.007383914525024023
0.007107276486085784
0.00674947029344926
0.006366383339180483
0.006014794364806278
0.005742822200088091
0.005581794889393882
0.005541052217349601
0.005606685714463356
0.005744514110849795
0.00590681839292697
0.006041663010036537
0.0061031394807325185
0.006060678996502686
0.005905729274554009
0.005654552484618204
0.005346591729476938
0.005038646702663318
0.0047958492279817685
0.004680999228769972
0.004744108130437873
0.00501394972443679
0.005493050094827312
0.006156929461732694
0.006957656008710465
0.00783102400600575
0.00870606133782642
0.009515211591864484
0.010203481683056195
0.010735097991846729
0.011096715878905854
0.011296878193846307
0.011362092634656498
0.011330470183474824
0.011244235796695526
0.011142528867179018
0.011055747714760311
0.011002304199360942
0.010988127364967473
0.011008697678456027
0.011052915701931294
0.011107800099420664
0.011162921556288341
0.011213617198751281
0.01126235474318244
0.011318051512189774
0.011393606156189949
0.011502276695502597
0.01165376340689267
0.01185088931722716
0.01208761587201402
0.012348827228710484
0.012611933539335554
0.012849965288302673
0.013035536729409205
0.013144905296683449
0.013161371433835889
0.013077438268235153
0.012895437944079095
0.012626663251230724
0.012289343960755967
0.01190601085652069
0.011500854574083905
0.01109760179045251
0.010718223599092785
0.010382514378689006
0.01010830475725197
0.009911870103309484
0.009808020684231252
0.009809436114411556
0.00992502368667095
0.010157391386741323
0.01049985972902821
0.010933709320573883
0.01142649823887822
0.011932235010965981
0.012393947287529811
0.012748774549001436
0.012935206221741557
0.012901582474698574
0.012614580182384377
0.012066214364263347
0.011277955809562944
0.010300910731584689
0.009211586873663937
0.008103492478173279
0.007075555762455925
