0.0052129895953771585
0.005253022693486043
0.005297005008046221
0.005344441498700576
0.005394849257225165
0.005447767745858403
0.005502768249852234
0.005559462361411369
0.005617509332137151
0.005676622154036344
0.005736572254650114
0.005797192719418014
0.0058583799834925
0.005920093965312095
0.005982356644760037
0.006045249119109269
0.006108907199618025
0.0061735156400423985
0.0062393011149488795
0.006306524090050868
0.006375469748413707
0.006446438154879185
0.006519733856118865
0.006595655125066807
0.006674483065906966
0.006756470799172383
0.006841832945801069
0.006930735624211303
0.007023287165706335
0.007119529740966617
0.007219432074277544
0.007322883402777359
0.007429688815756633
0.007539566084312218
0.007652144064913132
0.00776696273216607
0.007883474866792809
0.008001049395084855
0.008118976346422427
0.00823647336637163
0.008352693694927629
0.00846673549315195
0.008577652377225378
0.008684464997230006
0.008786173479163105
0.008881770533093618
0.00897025501826262
0.009050645747498903
0.009121995308700129
0.009183403680378423
0.0092340314213764
0.009273112221745296
0.009299964612293356
0.009314002644247827
0.009314745367555777
0.009301824956251273
0.009274993351664708
0.009234127318629787
0.009179231835807026
0.009110441768318725
0.009028021798592255
0.008932364619144366
0.00882398741851922
0.00870352671824072
0.00857173164399902
0.008429455737934952
0.008277647440424732
0.008117339388853758
0.007949636697205574
0.007775704393637637
0.007596754203384657
0.00741403087119979
0.007228798221052551
0.007042325150952181
0.006855871757619325
0.006670675779411442
0.00648793953659776
0.006308817536010561
0.006134404892550387
0.005965726703314035
0.0058037284916006475
0.005649267818114495
0.005503107135723802
0.0053659079425648635
0.005238226266514003
0.005120509492495572
0.0050130945231475965
0.004916207243402057
0.004829963240900827
0.0047543697171719326
0.004689328509406063
0.004634640129725857
0.004590008718207863
0.004555047797724841
0.004529286712996072
0.004512177633083647
0.004503102995917732
0.004501383275185954
0.004506284953944493
0.004517028595418863
0.004532796909437237
0.004552742722519505
0.004575996770542581
0.004601675244805717
0.004628887034901406
0.00465674062472335
0.0046843506108764305
0.004710843825366314
0.004735365056422665
0.004757082372356968
0.004775192063206929
0.004788923223342232
0.0047975420050070635
0.004800355577802386
0.004796715832260984
0.004786022866884991
0.004767728297292858
0.004741338423504888
0.00470641728697714
0.00466258964291271
0.004609543865822654
0.004547034797500282
0.004474886536772622
0.004392995159890383
0.00430133134952548
0.004199942899390479
0.004088957050814325
0.003968582607539849
0.003839111765881615
0.003700921589512093
0.0035544750518232584
0.003400321564302284
0.003239096906891256
0.0030715224760564886
0.0028984037684106814
0.002720628022296996
0.002539160946789492
0.0023550424770639915
0.002169381506964793
0.0019833495636948574
0.0017981734056952137
0.00161512654270297
0.0014355196963895187
0.0012606902405378779
0.0010919906810400479
0.000930776257669865
0.0007783917711780869
0.0006361577603134602
0.0005053561734386898
0.0003872156980287483
0.00028289692806814093
0.00019347756378194133
0.00011993784985161581
6.314646692868065e-05
2.384709656189435e-05
2.6458813468608483e-06
0.0
1.6207571029359935e-05
5.139908866860863e-05
0.00010553058077919421
0.0001783786606034841
0.00026953762274031703
0.0003784187087578026
0.0005042516397728318
0.0006460884824958171
0.0008028098821078571
0.0009731336604061162
0.0011556257414697328
0.0013487133302485226
0.0015507002325748343
0.0017597841687785514
0.0019740758979841593
0.0021916199369240497
0.0024104166263309236
0.0026284452702668216
0.002843688049658519
0.003054154391341912
0.0032579054585151297
0.003453078418035256
0.003637910134764748
0.003810759943395226
0.00397013115397224
0.004114690958747867
0.004243288424934053
0.0043549702802598
0.0044489942256939604
0.004524839541936408
0.0045822147928683615
0.004621062469570543
0.0046415604621749314
0.004644120293055195
0.004629382092970711
0.0045982063510043
0.004551662518687573
0.004491014597784725
0.004417703888996673
0.004333329124551226
0.004239624250483861
0.004138434163647061
0.004031688743421538
0.00392137554811206
0.0038095115705374027
0.0036981144658981627
0.0035891736772488093
0.003484621889535377
0.0033863072420167615
0.0032959667209068897
0.003215201139310609
0.0031454520901462715
0.0030879812300313144
0.003043852218442463
0.0030139155973397495
0.0029987968524505335
0.0029988878492190046
0.003014341784787998
0.003045071743106928
0.0030907528842167896
0.003150828241852338
0.0032245180466454948
0.0033108324363436267
0.0034085873604910912
0.0035164234358600376
0.0036328274614107286
0.0037561562585157024
0.003884662464326773
0.004016521874150546
0.004149861903084134
0.004282790718402575
0.004413426582625714
0.004539926943050198
0.004660516806913748
0.004773515952241763
0.004877364542662621
0.004970646739796304
0.0050521119388309554
0.0051206932910986495
0.005175523221235785
0.005215945695159009
0.005241525047815005
0.0052520512356102325
0.005247541436676755
0.005228237981722945
0.005194602658166939
0.0051473074895621055
0.005087222150010109
0.0050153982283559625
0.0049330506085491195
0.004841536279769726
0.004742330931966136
0.004637003728619601
0.004527190678233504
0.004414567048733571
0.004300819284275967
0.004187616891627874
0.004076584763175984
0.003969276395726996
