0.009152779839557798
0.009514599163816397
0.009709227807615834
0.009658487358998222
0.009316959663656123
0.008680948781059877
0.0077904701197629555
0.0067238820332298915
0.005586081283645284
0.00449231714920529
0.0035504338708651495
0.002844593379421099
0.0024232214920483393
0.0022931248468013045
0.002420595722814171
0.002739070046846326
0.0031617617949223297
0.0035968715760610974
0.003962602428561697
0.004199366928541048
0.004277194219369883
0.004197313498584859
0.0039880105662863
0.003695911261711524
0.0033746426760214673
0.0030732174808511797
0.0028264169291408025
0.002648943176443345
0.002534283614646037
0.0024582503223004133
0.0023862226379944658
0.0022824123602409128
0.0021191220515023607
0.0018840361436891222
0.0015840467653862552
0.0012448689580369095
0.0009065853361869235
0.0006160973403712454
0.00041808137668845674
0.0003463320546405347
0.0004172698860663024
0.0006269245648747282
0.0009519769484595195
0.0013546040878787643
0.0017900935559129671
0.002215633249392425
0.0025984526773215316
0.0029216359371869944
0.003186413833126142
0.0034104727253615975
0.003622642188451745
0.0038550754964324007
0.00413456449776446
0.00447482699429512
0.0048714299699550625
0.005300499629248046
0.005721619996135218
0.006084483523322389
0.006338095150920733
0.006440795967349663
0.006369170092733939
0.006124069676174076
0.005732506320777147
0.005244914989560929
0.004728153841046416
0.004255397297109929
0.003894659831282334
0.0036979461730026566
0.003692913683869583
0.003878478621262053
0.0042250885497181825
0.004679553689580275
0.005173536003833816
0.005634181927552764
0.005995061067079076
0.006205590059654177
0.00623746381436012
0.006087210381867701
0.005774710782069635
0.005338240877680752
0.004827165609254997
0.004293745966880509
0.003785556201136047
0.003339761876929907
0.0029800420889589015
0.002716355295022121
0.0025471697456859693
0.002463321626430727
0.0024524125501073084
0.0025026531436743043
0.0026052893437204902
0.0027551530332595615
0.002949365158246112
0.0031846800086901142
0.003454295191221397
0.003745093031101808
0.004036198334795708
0.004299454464148641
0.00450199651906608
0.004610627657152431
0.004597282163232415
0.004444575500576226
0.0041503566388207715
0.0037303099249253093
0.003217977042625803
0.002662020420147654
0.002121039362980101
0.0016566843357160277
0.0013261109987424981
0.0011749204090422054
0.0012316304771654422
0.0015044420714273856
0.001980660859033892
0.002628693762503279
0.003402141418047113
0.004245226624468761
0.005098677724164006
0.005905234558917845
0.0066141374404335524
0.007184242955771068
0.007585715849430407
0.0078005057029013145
0.007821978162349065
0.007654107050623773
0.007310551177144668
0.0068137723452584755
0.006194153341490021
0.005488907614312331
0.004740488683825816
0.00399423851457403
0.0032951620106824735
0.002683950263209418
0.002192643626608981
0.001840558966956419
0.0016312371680966419
0.0015511483951336628
0.0015707049860243716
0.001647793090322279
0.0017335976877994592
0.0017800413261406245
0.0017477761521219504
0.0016134459164731728
0.0013749289906063705
0.0010535056785648555
0.0006923385280888498
0.0003512451041665799
9.837876786199934e-05
0.0
0.00010991130209482645
0.000460263093519285
0.0010552807350958562
0.001869030608712019
0.0028477037349793656
0.0039161561561670945
0.004987734560543726
0.0059758593276168035
0.0068055356998321164
0.007422973101781288
0.007801813488803815
0.007945046877816038
0.007882424531030758
0.007663938302196745
0.007350584621030045
0.007004059577016252
0.006677164227839132
0.006406516989586183
0.006208710107026201
0.006080396773282494
0.006002074813479019
0.005944673296852422
0.005877568185378874
0.005776435780784003
0.005629432541844063
0.005440546173339939
0.005229524882172736
0.005028452109939109
0.004875669539064717
0.004808245182129616
0.00485444738263374
0.005027674782291613
0.005323013036081828
0.005717096526059947
0.006171340695162296
0.006637991241701769
0.007067922825019366
0.00741880350220305
0.007662176008307189
0.007788201258142854
0.007807224656981966
0.0077478850414633895
0.007652088571722537
0.007567709526107582
0.007540264043950938
0.007604968073288155
0.007780513238167812
0.008065592532268361
0.008438737919751891
0.008861477132644485
0.009284271936068915
0.009654254855036534
0.009923506112544684
0.01005654706852923
0.010035874768605403
0.009864693553581879
0.00956645520557077
0.009181322759872927
0.008760144622070141
0.008356893365558343
0.008020735211287044
0.007788925598935342
0.007681575976783128
0.007699036043560819
0.007822233911919184
0.008015875986183571
0.008233993382205637
0.0084269905814046
0.008549148730511307
0.008565485369399018
0.008456977675274138
0.008223399893216934
0.007883371964596198
0.007471617131768221
0.007033826644598163
0.006619875125502752
0.006276373231043226
0.00603965052495142
0.005930214006200998
0.0059495297213436275
0.00607965003495619
0.0062857994690067994
0.006521593249758934
0.00673615733752659
0.006882107735864107
0.006923180829007912
0.006840317317685198
0.006635197191045893
0.0063305815687917655
0.005967292077035653
0.005598181444405699
0.005279940152138071
0.005063963381568198
0.004987703516338143
0.005067914454080034
0.005296946920575866
0.005642807889867632
0.006053115643044168
0.006462454378014966
0.006802060297879645
0.007010352111985054
0.007042629096883015
0.006878340274801836
0.006524675930652594
0.006015799230426708
0.005407733681199551
0.004769638552217207
0.0041728190620463875
