0.0013946591235402446
0.0013143781657535749
0.001235274469923709
0.0011575017026018008
0.0010812110999771979
0.0010065510285346517
0.0009336665528838313
0.0008626990122059595
0.0007937856067377937
0.0007270589956835235
0.0006626469079105326
0.0006006717667454962
0.000541250330143097
0.00048449334745083623
0.00043050523394025115
0.0003793837642173895
0.00033121978556393443
0.000286096952195055
0.00024409148135115175
0.00020527193206838854
0.00016969900739748772
0.00013742538076203566
0.00010849554706669024
8.294569908256274e-05
6.080362955189966e-05
4.208865936734677e-05
2.681159209283815e-05
1.4974695003800234e-05
6.571706734283863e-06
1.5878715280553957e-06
0.0
1.7765562237027216e-06
6.877770871076359e-06
1.5255780040778974e-05
2.6854789324170028e-05
4.161126257102438e-05
5.9454134732501215e-05
8.030504807620981e-05
0.00010407861098790574
0.00013068267849679436
0.00016001865358672516
0.00019198180828411144
0.00022646162344547912
0.00026334214610325337
0.0003025023631681267
0.00034381659023021
0.00038715487414939806
0.0004323834080782185
0.0004793649575179329
0.0005279592959711028
0.0005780236487212581
0.0006294131432429103
0.0006819812647229674
0.000735580315157751
0.0007900618744783776
0.0008452772621511981
0.000901077997699441
0.0009573162585970484
0.0010138453339960502
0.001070520072764474
0.0011271973243329552
0.0011837363708744645
0.001239999349373159
0.001295851662174953
0.0013511623746539222
0.0014058045986750191
0.0014596558605845299
0.0015125984525150835
0.001564519765851722
0.001615312605769173
0.001664875485818005
0.0017131129016083563
0.0017599355827143145
0.0018052607219994168
0.0018490121816439012
0.001891120675236991
0.0019315239253823047
0.0019701667963511887
0.0020070014014070218
0.002041987184513063
0.0020750909762268176
0.002106287023674989
0.0021355569945943225
0.002162889955514982
0.0021882823242539273
0.002211737796975974
0.002233267250169354
0.0022528886179704
0.002270626745358135
0.00228651321782373
0.002300586168201679
0.0023128900614289277
0.0023234754580746856
0.0023323987575570347
0.0023397219220324898
0.0023455121820110504
0.002349841724811818
0.002352787367032703
0.0023544302122619513
0.002354855295308851
0.0023541512142760995
0.002352409751836478
0.002349725487111828
0.002346195399582503
0.0023419184664805644
0.00233699525513973
0.0023315275117896323
0.0023256177482910046
0.002319368828312144
0.0023128835544453615
0.0023062642577550193
0.002299612391236391
0.002293028128646844
0.002286609970147932
0.0022804543561688873
0.0022746552908689344
0.002269303976537817
0.002264488460231196
0.0022602932938902134
0.0022567992091427572
0.0022540828079279695
0.0022522162700255514
0.0022512670785076053
0.0022512977640634633
0.0022523656690772455
0.002254522732264279
0.002257815294596007
0.0022622839271641297
0.0022679632815535413
0.002274881963210671
0.0022830624282091437
0.0022925209037288506
0.0023032673324776044
0.0023153053411970673
0.0023286322333067907
0.0023432390056523466
0.0023591103892359783
0.0023762249137213084
0.0023945549954176183
0.0024140670483645426
0.0024347216180547987
0.002456473537251332
0.002479272103276038
0.0025030612760705453
0.00252777989625554
0.002553361922344019
0.0025797366861961563
0.0026068291657390125
0.002634560273913781
0.002662847162756454
0.0026916035414652276
0.002720740007259597
0.0027501643877922356
0.002779782093835497
0.0028094964809298587
0.0028392092186519816
0.002868820666135308
0.002898230252456573
0.0029273368604868914
0.0029560392127968137
0.002984236258200332
0.0030118275575238772
0.003038713667192261
0.003064796519234806
0.0030899797963310754
0.0031141693005368896
0.003137273314357428
0.0031592029528651542
0.003179872505595955
0.0031991997669969167
0.003217106354243801
0.0032335180112948838
0.003248364898100599
0.003261581863944921
0.0032731087039545594
0.0032828903978754697
0.0032908773302828347
0.003297025491460043
0.0033012966582543477
0.0033036585542911747
0.0033040849890055846
0.003302555975027526
0.0032990578235372594
0.0032935832172881177
0.0032861312610755946
0.0032767075095139586
0.0032653239720642577
0.0032519990953400304
0.003236757722799321
0.0032196310320130963
0.003200656449780793
0.0031798775454431245
0.0031573439028201055
0.003133110971278341
0.0031072398965055472
0.003079797331641959
0.003050855229487231
0.0030204906165676604
0.0029887853499115935
0.002955825857440671
0.002921702862940813
0.0028865110966293456
0.0028503489923832966
0.0028133183727385162
0.002775524122809471
0.0027370738543156677
0.002698077560932126
0.0026586472662081984
0.0026188966653213543
0.0025789407619500526
0.0025388955015626154
0.0024988774024268757
0.0024590031856486115
0.0024193894055449883
0.002380152081652795
0.002341406333659968
0.002303266020533041
0.0022658433850924887
0.0022292487052629423
0.0021935899531956857
0.002158972463427121
0.0021254986111988415
0.0020932675020231373
0.0020623746735319156
0.0020329118105976533
0.002004966474662181
0.001978621848153027
0.001953956494807973
0.0019310441366666654
0.0019099534484237559
0.0018907478697713423
0.001873485436289916
0.0018582186293764956
0.0018449942456267652
0.0018338532860149488
0.0018248308651410351
0.0018179561407403399
0.0018132522635753057
0.0018107363477543278
0.0018104194614474273
0.001812306637894227
0.0018163969065259306
0.0018226833439504
0.0018311531444781533
0.0018417877097972716
0.0018545627573373356
0.0018694484467967054
0.0018864095242438646
0.0019054054831426906
0.001926390741593256
0.0019493148350245744
0.00197412262352375
0.0020007545129372343
0.002029146688834838
0.002059231362385714
0.002090937027157882
