0.006904413478017333
0.006469649375370574
0.006098951486031716
0.005828664189817122
0.005679838240987824
0.005656317423893063
0.005744956264295824
0.0059177445415591985
0.006135432967850268
0.006352159493063894
0.006520557300466044
0.006596861069886139
0.006545590691530177
0.00634345865007022
0.005982206367322263
0.005470126176863332
0.004832080512076493
0.004107905125897856
0.003349193780026653
0.0026146138456176133
0.0019640874507640717
0.0014523674187908106
0.0011227050055065534
0.0010014057755341242
0.0010940637072809163
0.0013841292256372966
0.0018342044351790567
0.002390094940911268
0.002987233561818837
0.003558695384525314
0.004043719416418021
0.004395503583099886
0.004587087665794054
0.004614390114698372
0.0044958888538281705
0.00426896793079795
0.003983501579394899
0.0036937169087207632
0.0034496779418806637
0.0032898064609443904
0.0032356787724650282
0.0032899376992412887
0.003437604164505493
0.0036504620693822267
0.003893636125073729
0.004133088963504066
0.004342606788412043
0.0045089539104027875
0.004634236844763528
0.004735061296301276
0.004838687465401212
0.004976971349879908
0.005179309261827533
0.0054659954201037335
0.005843319472872461
0.006301387026195782
0.006815107913568697
0.0073481691346005615
0.007859215805761982
0.008309022131098057
0.008667234238127578
0.00891734956158759
0.009058949149748342
0.009106751816833295
0.009086703474986782
0.00902992244341709
0.008965768861060321
0.008915500629732724
0.008887876012141558
0.00887767934876246
0.008867553365957064
0.00883283468238788
0.008748445083198352
0.008596421095789506
0.0083724678764009
0.00809004790495244
0.007780945526960004
0.007491909190540787
0.007277741279442682
0.007191933532089339
0.00727649093246865
0.007552837268051336
0.008015593857654425
0.00863057788737072
0.009337652568014925
0.010058204700341898
0.010706182265434716
0.011200951626683924
0.011479857917426024
0.011508366932576718
0.011286038490701547
0.010847266736577741
0.010256601349296457
0.009599378659684021
0.008969180120178107
0.008454157659889243
0.008124430458990698
0.008022540214780775
0.008158396101896271
0.008509350949289205
0.009025171756227406
0.009636858802266305
0.010267670312551106
0.010844423876199258
0.01130721190688574
0.011616061026036656
0.011753699696455844
0.011724348198440137
0.011549166572368754
0.011259556394274941
0.010889813469224512
0.010470625790448381
0.010024619246451087
0.009564642476742635
0.009094861844273236
0.008614135078063832
0.008120667352066714
0.0076167151232081525
0.007112132211789083
0.006625836241995364
0.006184747999701516
0.005820320948864125
0.005563316219639398
0.005437880074298504
0.005456165063090687
0.0056146659330364185
0.00589313088823553
0.006256419588061271
0.006659107807940009
0.007052097198797472
0.007390083030231962
0.007638542435635266
0.007778968004606618
0.0078113755765934255
0.0077536038443072434
0.007637505328298435
0.007502694970162581
0.00738896921612832
0.00732875341859601
0.00734093504418685
0.007427196296191978
0.007571518282023561
0.007742970604241529
0.007901325456358802
0.00800454503660858
0.008016869150238217
0.007916128401371349
0.00769903974638259
0.007383577302987367
0.007007990198046427
0.0066265772624260625
0.00630283569266646
0.006100996965256084
0.006077190331471688
0.006271504882740585
0.006702061296090327
0.007361889389235504
0.008218994346793186
0.009219550015534282
0.010293747691372916
0.011363507458611909
0.0123510619724356
0.013187363656138113
0.01381933915710894
0.014215196796418254
0.014367250651959084
0.01429202208657283
0.014027681044944975
0.01362916595547756
0.013161550484795982
0.012692392663150946
0.012283897741295291
0.011985745472414887
0.011829373486168257
0.011824372497691788
0.011957442208961836
0.012194091120678622
0.01248295919336143
0.012762327950866004
0.012968093949036662
0.013042257934126753
0.012940861015343114
0.01264030967526467
0.012141187019491042
0.011468941434578423
0.010671246244357056
0.009812284587536803
0.008964667159380187
0.008200065759945663
0.0075798780486281015
0.007147281806216408
0.006921871382395827
0.00689770923559697
0.007045119332190161
0.007315971900209403
0.007651652044172402
0.007992460721069301
0.008286943537628991
0.008499629782726989
0.008615901319908616
0.008643166548676803
0.008608118488259165
0.008550510612822495
0.00851448041423644
0.008538886884178365
0.008648327088259704
0.008846420281745763
0.009112603140257624
0.009403119733047248
0.009656205069833397
0.009800763829249935
0.009767251950287912
0.009499077551866906
0.008962715355754882
0.008154897208754876
0.007105674145533154
0.005876772899487424
0.004555390431773634
0.003244267991732429
0.0020494503911567636
0.0010674786187547533
0.00037383383399435324
1.42420525883237e-05
0.0
0.0003078693879444601
0.0008844088203956635
0.001653976223358277
0.0025291363209171986
0.003421918108549221
0.0042543217941070285
0.004966669014696706
0.005522783042041
0.005911507319459329
0.006144635102605402
0.006251842524451096
0.006273616380001669
0.006253393592832836
0.006230158551063671
0.006232585334536018
0.006275500183741013
0.006359031749784742
0.006470379661101054
0.00658773257173392
0.006685561995561026
0.006740347247638208
0.006735767153846705
0.006666520449477505
0.006540183052509718
0.006376835206201482
0.006206544489247
0.006065119985084003
0.005988812041451427
0.00600878593625003
0.006146226785204375
0.006408835122123389
0.006789263112358937
