0.00750814632197476
0.006910497734408874
0.006456821938765923
0.006159440439733589
0.0060109176150557634
0.005988577504374707
0.006060454873114385
0.006191414355789119
0.006348327519961195
0.006503551510225515
0.006636415028574298
0.006732883493170325
0.006783948233613042
0.006783494054393641
0.00672641443594814
0.006607576632482997
0.006421940998279388
0.006165786584256719
0.005838672781286027
0.005445548185843428
0.004998350286214593
0.00451653477259669
0.004026206079982183
0.003557835726332193
0.0031428794113372524
0.002809864162840356
0.0025806548956075577
0.002467595285076121
0.002472054613593685
0.002584636678218759
0.0027869796565620194
0.003054768310820553
0.003361358185822908
0.003681321975721698
0.003993287746187902
0.0042816308133827715
0.004536860133095755
0.004754841410459442
0.004935253680296443
0.005079825705094833
0.005190909169088154
0.005270815233631607
0.005322100242992328
0.005348692218571629
0.005357473139580087
0.005359741927161373
0.005371931046559375
0.005415057483095045
0.005512642510131529
0.005687185956896416
0.005955656350150286
0.0063247749055687745
0.0067870528677440225
0.007318536266289237
0.007879004294678641
0.008414983260940862
0.008865441616487387
0.009169513997470109
0.00927516416348061
0.009147428618690839
0.008774846311715663
0.008172894911743762
0.007383693153629172
0.006471820448591862
0.005516747009367586
0.004602945364386391
0.0038091616846745962
0.003198486443585406
0.0028107462912084174
0.0026583610227435958
0.002726237134769665
0.0029756041774924614
0.0033510600293367374
0.0037895890476017644
0.0042300391629055654
0.004621534621607916
0.004929554644761053
0.005138871194433874
0.00525312072382559
0.005291375448042783
0.005282571501198666
0.005258958887342784
0.005249813904074488
0.0052764971178859525
0.0053495920805410125
0.0054683996599023624
0.005622586292731435
0.0057953864957115695
0.00596751526369156
0.006120894741844134
0.006241440548736135
0.006320445308903228
0.006354469197511681
0.006344014083149361
0.006291537616686449
0.006199495961922389
0.006069062095853261
0.005899963009738271
0.005691562026767493
0.005444955591037855
0.00516554058368145
0.004865313357224015
0.0045641354098502635
0.004289357209472313
0.004073505732340003
0.003950152266038902
0.003948501168567195
0.004087587492852805
0.004371163826770491
0.004784345115271147
0.005292854849636841
0.005845309622742811
0.0063784616254501415
0.006824784435221555
0.00712133700559068
0.007218561580586277
0.0070876205479949005
0.006725070489878804
0.006154079112800853
0.005421942471976478
0.004594258840039826
0.003746655474622555
0.002955349877819875
0.0022879908589393087
0.0017961405324801597
0.0015104453251696438
0.0014390623786752687
0.0015693471132564012
0.0018722701395892782
0.002308612239133177
0.0028357554070774275
0.0034138796078914896
0.004010580318720062
0.0046032931346428685
0.005179371586661525
0.005734122230773529
0.006267470500380062
0.006780145790946919
0.007270301233183896
0.007731326821926671
0.008151313771839705
0.008514249459625804
0.008802644977353441
0.009000996710046338
0.009099316886117304
0.00909596429146571
0.008999160287349076
0.008826850473096861
0.008604909172297944
0.008364012288409717
0.008135757772624794
0.007948742890281526
0.007825291110031536
0.007779366580852029
0.007815956591236212
0.00793189791575243
0.008117835523663984
0.008360790697814048
0.008646722184617785
0.008962505362446246
0.009296919176545843
0.009640481917504724
0.00998426043343334
0.010318032429223419
0.010628353657272221
0.01089713378850899
0.011101243989572334
0.011213480272356028
0.01120492823705252
0.011048472027486878
0.010722923773573555
0.010217073681685087
0.009532912386664094
0.008687369093205055
0.007712127581626221
0.006651389443755292
0.005557795207239815
0.004487028022337147
0.0034918549196617894
0.0026164661104056018
0.0018919347731167786
0.0013334452769760323
0.0009396578213160377
0.000694240993456512
0.0005692686257406671
0.0005298998997721452
0.0005395868599968479
0.000565007441635095
0.0005800080817886391
0.0005680387012217229
0.0005228366507095059
0.00044741621779949715
0.00035169516811108924
0.0002492946158944879
0.0001541520398592568
7.757656686186061e-05
2.6257473636649882e-05
1.5355781858832768e-06
0.0
1.5223017567513389e-05
4.0235663301300614e-05
7.021062407247189e-05
0.00010477830462922791
0.0001494620324594886
0.00021586863139121462
0.0003204862221980742
0.00048218744294903186
0.0007187740839031112
0.0010430904410497792
0.001459346309036792
0.0019603064581865575
0.0025259157411555854
0.0031237467771556256
0.0037114036519233923
0.004240724645060782
0.004663340859768365
0.004936908346742374
0.005031176916836145
0.004933017226861965
0.004649612101430034
0.00420922408628523
0.0036592564825878872
0.0030616910674471035
0.0024863623013864885
0.0020028601054455667
0.0016720893718518912
0.001538613579564317
0.0016248498286098667
0.0019279639211427658
0.0024199618983629144
0.003051035836291128
0.0037557597280044822
0.004461315617565629
0.0050966262388022635
0.005601128575064224
0.00593196925483049
0.006068634367870852
0.006014409916433497
0.005794545941685659
0.005451492153003196
0.005038006214305637
0.004609237532891309
0.0042150107540851415
0.0038934557405254336
0.0036668700162682377
0.003540302372679163
0.0035028828424818357
0.003531475749257183
0.003595876527735027
0.003664569181265557
0.003710040587885593
0.003712807079268789
0.003663611066739392
0.0035636280843873575
0.0034229107477349247
0.003257610322040249
