0.001598778570918277
0.0015456385498336174
0.0014913930924466909
0.0014361989269741408
0.0013802142609851424
0.0013235983021485586
0.0012665107769822771
0.0012091114492021398
0.0011515596392691952
0.0010940137467297555
0.0010366307769328934
0.0009795658736946474
0.0009229718594573218
0.0008669987844659752
0.0008117934864525819
0.0007574991622814708
0.000704254952967743
0.0006521955434334638
0.0006014507783147719
0.0005521452950767819
0.0005043981756325004
0.00045832261759713386
0.0004140256262403748
0.0003716077281267396
0.00033116270735808733
0.0002927773652533134
0.0002565313042181735
0.00022249673647355768
0.0001907383182235999
0.0001613130097560541
0.00013426996187677724
0.00010965042898817667
8.748770902849718e-05
6.780711039513967e-05
5.0625945881156926e-05
3.595355356001838e-05
2.379134445997487e-05
1.41328767762571e-05
6.963956277224528e-06
2.262762469753838e-06
0.0
1.3907467840182895e-07
2.636293432861864e-06
7.441087411609159e-06
1.4496257377716055e-05
2.3738240460818502e-05
3.509739725860079e-05
4.8498318211265615e-05
6.386014810681089e-05
8.109692751364262e-05
0.00010011794988016144
0.00012082813298860539
0.00014312840340283844
0.00016691609250706052
0.0001920853426948144
0.0002185275222351959
0.0002461316473160455
0.0002747848097421437
0.00030437260875014916
0.00033477958539124774
0.0003658896579272616
0.00039758655668630134
0.0004297542568299569
0.00046227740749540903
0.0004950417557927722
0.0005279345641602637
0.000560845019607427
0.0005936646334094725
0.0006262876298537437
0.0006586113226821667
0.0006905364779212332
0.0007219676618433019
0.000752813572859696
0.0007829873562069486
0.0008124069003523785
0.0008409951141137733
0.0008686801835600107
0.0008953958078347045
0.0009210814131231937
0.0009456823440640177
0.0009691500319892465
0.0009914421394632742
0.0010125226806766703
0.00103236211734009
0.001050937429812725
0.0010682321632900559
0.0010842364489663436
0.0010989470001781362
0.001112367083625619
0.0011245064658587038
0.0011353813353039192
0.0011450142001960826
0.0011534337628652715
0.0011606747709141528
0.0011667778459032974
0.001171789290242124
0.0011757608730605254
0.001178749595910575
0.0011808174392188362
0.001182031090477423
0.0011824616552258303
0.0011821843519354465
0.0011812781919643897
0.0011798256458016654
0.0011779122968664383
0.0011756264841702802
0.0011730589351875089
0.001170302390310968
0.0011674512202977485
0.0011646010381313357
0.0011618483067434187
0.001159289944049987
0.0011570229267625087
0.0011551438944357162
0.0011537487552089794
0.0011529322946884101
0.001152787789401712
0.0011534066262375133
0.0011548779292555392
0.001157288195223574
0.0011607209392019513
0.0011652563514562885
0.0011709709669346486
0.0011779373484963637
0.0011862237850265801
0.0011958940055134253
0.0012070069101037407
0.0012196163190888462
0.001233770740703958
0.0012495131585540484
0.0012668808394053007
0.0012859051620051419
0.0013066114675155064
0.0013290189320636584
0.0013531404618330354
0.0013789826110332882
0.0014065455230044823
0.0014358228946254824
0.0014668019641111921
0.001499463522197941
0.0015337819466311614
0.001569725259784882
0.0016072552091588657
0.001646327370416643
0.0016868912725466216
0.0017288905446491449
0.001772263083775111
0.0018169412431668492
0.0018628520401796297
0.001909917383092749
0.001958054315952763
0.002007175280528497
0.0020571883943979845
0.00210799774413189
0.0021595036924863145
0.0022116031984702957
0.002264190149110221
0.0023171557016945527
0.0023703886352481676
0.0024237757099561785
0.0024772020332324155
0.0025305514311080917
0.002583706823601187
0.0026365506027174156
0.0026889650117286217
0.0027408325243746708
0.002792036222639985
0.002842460171765931
0.0028919897911752184
0.0029405122200042216
0.0029879166759636346
0.0030340948062770007
0.003078941029480231
0.0031223528669032437
0.003164231262697001
0.003204480891315428
0.0032430104514117623
0.0032797329451625286
0.0033145659420895537
0.003347431826510619
0.0033782580278127966
0.0034069772328084486
0.0034335275795023797
0.0034578528316693
0.0034799025337134467
0.0034996321453563857
0.0035170031557747007
0.003531983176886004
0.0035445460155591416
0.0035546717246025335
0.0035623466324626986
0.0035675633516431696
0.0035703207659316654
0.0035706239966004556
0.00356848434782083
0.0035639192316075036
0.003556952072681969
0.003547612193715355
0.0035359346814807526
0.0035219602345121005
0.003505734992931265
0.0034873103511667393
0.003466742754346135
0.0034440934792001796
0.003419428400368036
0.0033928177430423375
0.0033643358229369785
0.003334060774601628
0.003302074269143616
0.003268461222450441
0.00323330949503447
0.0031967095846451984
0.0031587543128139875
0.003119538506511116
0.003079158676105271
0.0030377126908215962
0.0029952994528955343
0.002952018571616458
0.0029079700384472764
0.002863253904393883
0.002817969960781654
0.0027722174245751424
0.002726094629351943
0.0026796987230123075
0.002633125373272804
0.0025864684819551778
0.0025398199090407234
0.002493269207416265
0.002446903369190135
0.0024008065844058563
0.0023550600129277222
0.0023097415702159983
0.002264925727650914
0.0022206833280036037
0.0021770814165892154
0.002134183088572919
0.002092047352833411
0.0020507290127213225
0.0020102785639818216
0.0019707421100418477
0.0019321612947934036
0.0018945732529349222
0.0018580105778637816
0.0018225013070443633
0.0017880689247081602
0.001754732381675454
0.0017225061320225222
0.001691400186253938
0.0016614201805772756
0.0016325674618168562
0.0016048391874450697
0.0015782284401537976
0.0015527243563354452
0.0015283122677925132
0.0015049738559475756
0.0014826873177811143
