0.009638076858521452
0.008352031227609432
0.00729351921856037
0.006607000265228109
0.006404667974064467
0.006746834542027047
0.0076289000079125795
0.008977458855653804
0.010656666798203143
0.012484312209624458
0.014255399688094403
0.015769746871132858
0.016859355737070276
0.01741128511251966
0.017382437568552265
0.016803969541340762
0.015774718262414278
0.01444482342355101
0.012992298154747816
0.011596402749147972
0.010412110837583937
0.00954966449151909
0.00906225404022244
0.00894340879824979
0.009134008155055289
0.009537215415864386
0.010038377527716875
0.01052623220609456
0.01091172521180458
0.011141348647558117
0.011203034892888611
0.011124060486244057
0.01096186420959058
0.010789901975634389
0.01068143762196452
0.010694381677215146
0.010859925841289551
0.01117687229680363
0.011612402636287777
0.012108798907185012
0.012594551504839076
0.012997558728592332
0.01325786011765694
0.013337576010702701
0.013226380374307779
0.012941766635183118
0.012524384769264096
0.012029632954993926
0.011517311244797697
0.011041383495612803
0.010641723338829073
0.010339197958340743
0.010134694002132818
0.010011875851665412
0.009942754739643919
0.009894675206522072
0.009837174226808399
0.009747348733222952
0.009612820361529283
0.009431998749807043
0.009211974898163416
0.008964884786073971
0.00870386375203103
0.008439711413737512
0.00817911668845787
0.007924824492942397
0.007677575004066803
0.007439145302864632
0.0072154919811783565
0.0070189131700638535
0.006868343703504311
0.006787329128119317
0.006799799294330791
0.00692435133714708
0.007168218429712292
0.00752233042427894
0.00795879878617812
0.00843177810703835
0.008882033333035019
0.00924479416540892
0.00945975643390579
0.009481546846445756
0.009288724792906865
0.008889519204189745
0.008322984732444893
0.007655031800129871
0.00696970194590086
0.00635695203216777
0.005898905923064069
0.005656890661126995
0.005661517289019969
0.005907593077855822
0.006354840089973434
0.006934388434675687
0.00755999415797064
0.008142089160249551
0.00860226080693681
0.008885678183011671
0.008969347141209541
0.008864821501429192
0.008614986507385727
0.008285581542634802
0.007953049945868908
0.00769092756776532
0.007557197811857585
0.007584815168053392
0.007776979679901384
0.008107851556579405
0.008528397131560452
0.008976139851599122
0.009386919682867942
0.009706458598467478
0.009899635683843508
0.009955862294369122
0.009889715016982124
0.009736881903888392
0.00954633558966091
0.009370308035052604
0.00925399007727398
0.009226861237724123
0.009297188114375198
0.009450594589870314
0.00965283237899022
0.009856115369884148
0.0100077668283323
0.010059571263830204
0.009976175698603826
0.009741140325898588
0.009359731609030928
0.008858175900149088
0.008279723958405157
0.0076783979443134365
0.0071116131586176825
0.0066329423458522906
0.0062861270075820486
0.006101090516274825
0.006092257444560375
0.006259031419360617
0.006587921247614627
0.007055597182436195
0.007632133055992614
0.0082838312528206
0.00897528607004865
0.00967064420447295
0.010334290970402421
0.01093136199647258
0.011428514090125378
0.011795281985733402
0.01200613072066795
0.012043044009670802
0.01189823767443309
0.011576420726904055
0.011095992674909128
0.010488681231635714
0.00979737243150651
0.00907221657045434
0.008365439052930558
0.007725570181257698
0.007191968068115112
0.0067905051901870055
0.006531116608995718
0.006407597099603438
0.006399645348679408
0.0064767629956783025
0.006603302372209588
0.006743781480692243
0.006867581396175113
0.0069523074278586
0.006985393425187558
0.006963893933672382
0.006892763805952936
0.006782195324366393
0.00664471443702384
0.006492707117077025
0.006336866957386914
0.006185771767382427
0.006046478722604606
0.005925750466346585
0.005831354682067259
0.005772858440797085
0.005761472948072537
0.005808764378537392
0.005924371897964409
0.006113186801798971
0.006372668829538471
0.006691046742246042
0.007047042002483507
0.007411478758737522
0.007750751469346002
0.00803169430932579
0.008227028143205334
0.008320338590896922
0.008309523403605606
0.008207858691098434
0.00804224349427181
0.00784871844914234
0.007665913163132228
0.007527543622427452
0.007455353063049402
0.0074538992596895025
0.007508320348907098
0.007585698721551652
0.007639977967957809
0.007619696325171811
0.007477217943777989
0.007177791244732876
0.006706721663005379
0.006073235747467331
0.005310191448912418
0.0044695532090153894
0.003614357296299109
0.0028085862185012675
0.0021068114114638145
0.0015455563341189608
0.001138048411779659
0.0008734118460512318
0.0007205146683511247
0.0006357799499721491
0.000573477501151989
0.0004964869246965407
0.00038537582890725217
0.00024390782076023215
9.974264271967598e-05
0.0
2.3598149671479746e-06
0.00016327305343398837
0.0005254814372719491
0.0011072629021363755
0.0018955792537017216
0.002844636879369411
0.003880396867983172
0.00491046570980196
0.005837769160685468
0.006575657038258895
0.0070617548607161094
0.007268041156703507
0.007205266337769334
0.006920829495240173
0.006490412069662354
0.006004813471867513
0.0055543283828130684
0.00521347782956684
0.005028862475028326
0.005012348771890022
0.005140825010796339
0.005362552074434791
0.005608906577305084
0.005809300636588233
0.005906453542149958
0.0058691029939191165
0.005699698052916987
0.005435532486379044
0.005142989336352866
0.0049058529388676065
0.004809766005622243
0.004925658515500455
